now_time,trils,duration,left_shoulder,right_shoulder,left_knee,right_neck,0_Nose,,,1_Neck,,,2_RShoulder,,,3_RElbow,,,4_RWrist,,,5_LShoulder,,,6_LElbow,,,7_LWrist,,,8_MidHip,9_RHip,,,10_RKnee,,,11_RAnkle,,,12_LHip,,,13_LKnee,,,14_LAnkle,,,15_REye,,,16_LEye,,,17_REar,18_LEar,,,19_LBigToe,,,20_LSmallToe,,,21_LHeel,,,22_RBigToe,,,23_RSmallToe,,,24_RHeel,,,25_Background,,,26_A_Lneck,27_A_Lshoulder,28_A_Lelbow,29_A_Lhip,30_A_Lknee,31_A_Rneck,32_A_Rshoulder,33_A_Relbow,34_A_Rhip,35_A_Rknee,36_A_middle_left_neck
2023:03:04:19:55:35,up_90_1t_,0.549083948135376,91.34,88.57,178.31,79.41,0.55418634,0.39872712,0.94032663,0.5620221,0.44104528,0.9017199,0.51890874,0.44096935,0.9442137,0.4677989,0.44077393,0.9066625,0.4207071,0.44101483,0.9237428,0.6052515,0.44103727,0.9248816,0.6523523,0.44102728,0.8758533,0.70716494,0.44114748,0.94854337,0.55805844,0.6033523,0.8961906,0.54228276,0.60328275,0.8994162,0.54609007,0.7183076,0.83560425,0.54615945,0.8176815,0.9157588,0.5815821,0.6033636,0.93400204,0.5778691,0.72356474,0.8783674,0.5777427,0.8178109,0.94456,0.5502611,0.39345738,0.92708546,0.56600404,0.39357114,0.9182348,0.5461578,0.39355654,0.2467642,0.5816801,0.39871147,0.963323,0.5815473,0.8491228,0.8535163,0.5895144,0.8439274,0.7806964,0.57384646,0.8230905,0.77130014,0.5463751,0.8490946,0.870506,0.53449607,0.8439161,0.7849917,0.5463325,0.82303125,0.77306527
2023:03:04:19:55:35,up_90_1t_,0.6368498802185059,88.62,88.49,178.29,80.30,0.5540864,0.39391553,0.94627917,0.56206197,0.4410652,0.8980299,0.5189628,0.44099006,0.93939507,0.46780095,0.44087762,0.9023568,0.4208553,0.44113854,0.91961557,0.6052492,0.44107834,0.9208462,0.6523109,0.44106722,0.86850077,0.70723784,0.4460814,0.9313169,0.55802935,0.60334224,0.89551115,0.54228735,0.60325867,0.898108,0.54607755,0.7182789,0.8341739,0.5461507,0.8177682,0.9147529,0.5815398,0.60336745,0.93338144,0.5778147,0.72360027,0.8769693,0.5777031,0.8178537,0.9382525,0.550211,0.38857,0.91746974,0.5659027,0.39352366,0.91076016,0.5462174,0.39353657,0.1611628,0.5816562,0.3987113,0.97092426,0.5815287,0.84915316,0.8436171,0.58946425,0.84395254,0.77782524,0.57379526,0.8231455,0.75643253,0.54641354,0.8491392,0.87651646,0.5345434,0.8440029,0.7890938,0.5463128,0.8231515,0.7625893
2023:03:04:19:55:36,up_90_1t_,0.6966893672943115,91.29,85.61,178.34,74.94,0.55413914,0.3938287,0.95882297,0.56199276,0.44599956,0.8960076,0.51891726,0.44108874,0.93454826,0.46383557,0.44099656,0.90451103,0.42072985,0.446222,0.87639403,0.6051914,0.4459708,0.91488206,0.65615934,0.44111905,0.85680735,0.7072732,0.4461613,0.9164307,0.5580249,0.60819674,0.89702046,0.5422798,0.60816216,0.89523524,0.5460914,0.72335523,0.8451383,0.54615116,0.81783825,0.916877,0.5815445,0.60821444,0.9378453,0.5778489,0.72853166,0.88570416,0.5776986,0.81785315,0.93729687,0.55026156,0.38849768,0.93443763,0.56599087,0.39344355,0.90963125,0.5462251,0.39358488,0.3060253,0.5816185,0.3987175,0.97835565,0.5815711,0.84916556,0.86049664,0.58950615,0.8439532,0.7863807,0.57376987,0.82312447,0.7477207,0.5464919,0.84917736,0.8742839,0.5383823,0.8490117,0.7924111,0.5462815,0.8281802,0.76428
2023:03:04:19:55:36,up_90_1t_,0.7545387744903564,92.61,84.30,178.33,74.91,0.55411184,0.39385036,0.9578613,0.5619873,0.44600722,0.89535207,0.5189241,0.44109812,0.9318979,0.46387166,0.44101125,0.90272456,0.42076075,0.44623676,0.879859,0.6051732,0.4459816,0.91184926,0.6523509,0.44113714,0.8573881,0.70723945,0.44615656,0.92191994,0.554319,0.608232,0.89322656,0.5422629,0.60819286,0.8902364,0.5460888,0.7183907,0.84194714,0.546158,0.8178182,0.9161762,0.58152497,0.608245,0.9348136,0.5778356,0.7285555,0.88572836,0.57770497,0.81786746,0.9368706,0.5502403,0.38852555,0.9333571,0.56595415,0.39346308,0.9099363,0.5462246,0.39358327,0.26532954,0.58161247,0.39872026,0.9763995,0.58157694,0.8491663,0.8600049,0.5895101,0.84395415,0.7868878,0.5737836,0.82315016,0.7495433,0.54647607,0.8491799,0.8759049,0.5383666,0.84900266,0.7928104,0.5462976,0.8232107,0.76592463
2023:03:04:19:55:36,up_90_1t_,0.8123805522918701,92.61,84.32,178.32,74.88,0.5540803,0.3938722,0.9574108,0.5619868,0.4460173,0.8945683,0.5189326,0.4411097,0.9273836,0.46386227,0.44099385,0.9021222,0.4207113,0.44621062,0.8745423,0.60516536,0.4459935,0.9095225,0.6523664,0.44114944,0.85417163,0.7072498,0.44616896,0.9183567,0.55430144,0.6083218,0.8933391,0.54223883,0.60828626,0.8861018,0.5460917,0.7234036,0.8453256,0.5461655,0.8178117,0.9157712,0.5815178,0.6083186,0.93610007,0.57782394,0.7286239,0.89078826,0.57770616,0.8178635,0.936695,0.550216,0.3885482,0.93325377,0.5659188,0.39348537,0.911162,0.5462323,0.39357588,0.22594547,0.5816072,0.3987327,0.9751261,0.5815696,0.84915745,0.8585292,0.58950317,0.84394705,0.786689,0.5737871,0.82313806,0.7522908,0.54647636,0.8491728,0.8747715,0.53837717,0.8489999,0.79325056,0.5463054,0.8231957,0.767471
2023:03:04:19:55:36,up_90_1t_,0.8702259063720703,92.60,84.33,178.32,71.04,0.5504566,0.39386767,0.95925796,0.5619708,0.44601578,0.89579576,0.5189179,0.44110605,0.9295466,0.463845,0.4409878,0.9025289,0.42066705,0.44618893,0.875393,0.60515726,0.44598538,0.9100689,0.6523599,0.44114146,0.856868,0.70723975,0.44616562,0.9201003,0.5542998,0.6083506,0.89559275,0.5422264,0.60831386,0.8850068,0.5460864,0.7234544,0.84464455,0.5461737,0.817763,0.91682637,0.58153033,0.6083476,0.9389298,0.57784,0.72866184,0.8975408,0.57771707,0.8178618,0.9389598,0.5501969,0.38854584,0.93299294,0.5658849,0.39348102,0.90951437,0.54622066,0.39357832,0.21851668,0.5815869,0.39873257,0.9728525,0.5815553,0.8491566,0.85818917,0.5894966,0.8439567,0.7883657,0.57381153,0.8231303,0.7605985,0.546457,0.8491409,0.874248,0.5383528,0.8440251,0.7910577,0.5463256,0.8231236,0.7715669
2023:03:04:19:55:36,up_90_1t_,0.929673433303833,92.61,84.32,178.31,71.05,0.5504644,0.39387083,0.95885324,0.56197935,0.4460047,0.8956221,0.5189223,0.44110146,0.9309126,0.46382987,0.44097826,0.9039046,0.42065635,0.44619647,0.8670081,0.6051686,0.44597208,0.911546,0.65619016,0.4411076,0.8580223,0.7073036,0.4461488,0.90973353,0.5543024,0.60827196,0.8972232,0.5422399,0.60822874,0.88965523,0.54607475,0.71838534,0.8372911,0.5461739,0.8177168,0.92535555,0.58151996,0.6082856,0.93892473,0.5778394,0.7285961,0.8921792,0.5777399,0.81784374,0.94412476,0.55020535,0.38854843,0.933481,0.5658944,0.39348656,0.91025645,0.5462218,0.39357948,0.22939883,0.5815863,0.398737,0.9727171,0.5815356,0.8491477,0.86480486,0.5895,0.8439563,0.79268605,0.5738534,0.8231288,0.76686233,0.54642284,0.84911084,0.88005364,0.5345537,0.8439578,0.792612,0.5463463,0.8230578,0.78370345
2023:03:04:19:55:36,up_90_1t_,0.9890763759613037,92.60,84.33,178.20,71.06,0.55046934,0.39386484,0.9591311,0.5619687,0.44600722,0.8955305,0.5189265,0.4411033,0.9303792,0.4638486,0.4409876,0.9031129,0.42064592,0.44620344,0.86658007,0.60514474,0.44598037,0.90927804,0.6523794,0.44112307,0.85902774,0.7072524,0.44616693,0.9180393,0.5543102,0.60816866,0.89780104,0.54226655,0.60336536,0.89695144,0.5424574,0.7182205,0.8274578,0.5461728,0.81766325,0.9264174,0.58150464,0.60819834,0.93709344,0.5778135,0.7236073,0.87617505,0.5777578,0.8178091,0.94601595,0.5502096,0.38854426,0.9340179,0.5659021,0.39348418,0.91032517,0.5462167,0.39358544,0.24212125,0.5815748,0.39874214,0.9718039,0.581491,0.8491203,0.86434984,0.5894875,0.8439538,0.7952315,0.57749176,0.82310265,0.7763825,0.5463746,0.8490785,0.88452625,0.5344783,0.84390086,0.79326516,0.5463754,0.8229971,0.7828526
2023:03:04:19:55:36,up_90_1t_,1.0509107112884521,92.60,84.33,178.19,71.07,0.5504695,0.39385647,0.9610437,0.5619441,0.4460106,0.895374,0.518908,0.4410887,0.9330179,0.46384808,0.44097927,0.90463763,0.4206105,0.4461824,0.86841285,0.6051334,0.44599736,0.9064921,0.6562131,0.44112545,0.85828876,0.7072813,0.44619122,0.9060536,0.5542827,0.6081337,0.89764225,0.5422537,0.6033242,0.89537656,0.54241765,0.71309084,0.8246353,0.5461704,0.81760526,0.92622477,0.5814681,0.6081759,0.9321443,0.57778996,0.72352666,0.86921984,0.5777677,0.8177649,0.94669455,0.5502127,0.38853246,0.9352427,0.56590605,0.3934819,0.9105958,0.5462032,0.39358354,0.26583242,0.5815468,0.39874828,0.9686872,0.58145887,0.849083,0.8600802,0.58947474,0.8439174,0.79320467,0.5775185,0.8230578,0.7827195,0.5463531,0.84902704,0.88079584,0.53067696,0.8388257,0.7884121,0.5463923,0.81805867,0.7832164
2023:03:04:19:55:36,up_90_1t_,1.1087560653686523,92.68,84.23,179.95,71.06,0.5504684,0.39386946,0.9606818,0.5619425,0.44601068,0.89504623,0.5189195,0.44108656,0.93335646,0.46384522,0.44097888,0.90605545,0.4205892,0.4461981,0.86335754,0.60512155,0.445997,0.9057886,0.6561985,0.44112092,0.8599759,0.70726866,0.44620025,0.90779144,0.5542654,0.6033756,0.8995265,0.5422393,0.60330665,0.89395756,0.54240596,0.7130844,0.8236255,0.5461698,0.81761986,0.9258248,0.5778916,0.6081688,0.9309372,0.5777788,0.7235362,0.8698048,0.57776403,0.8177781,0.9458986,0.5502133,0.38854724,0.9353893,0.56590277,0.39349723,0.9119932,0.5462054,0.39358643,0.25673062,0.58154345,0.3987562,0.96807677,0.58147603,0.849102,0.8630622,0.589493,0.843926,0.79260546,0.5775104,0.82307875,0.77776724,0.54637897,0.8490486,0.8813492,0.53447247,0.84385896,0.7885031,0.546386,0.8229485,0.7818311
2023:03:04:19:55:36,up_90_1t_,1.1666009426116943,91.30,85.60,179.95,74.41,0.5504658,0.3938984,0.9607626,0.5581865,0.44600812,0.8954135,0.51890975,0.44107318,0.9347606,0.46383303,0.44092157,0.90766627,0.42057914,0.4461736,0.86284506,0.6051072,0.44600073,0.9035964,0.6561838,0.44112745,0.86180955,0.7072465,0.44623396,0.90624535,0.5542438,0.6033747,0.9021659,0.54222023,0.60330045,0.89287084,0.5424023,0.7131332,0.8242334,0.54616237,0.8176155,0.92253834,0.57787126,0.608174,0.9308048,0.5777632,0.7235768,0.8729868,0.5777517,0.81778836,0.94445425,0.5502082,0.38858026,0.9378055,0.5658969,0.39352494,0.9148082,0.54619855,0.39359725,0.25839618,0.58153677,0.39877063,0.9661845,0.57788,0.8490873,0.85676587,0.5894471,0.84393233,0.7953444,0.57750356,0.8230883,0.78041685,0.54634947,0.8490394,0.8824916,0.53067625,0.84383637,0.7885939,0.546387,0.8229406,0.7775795
2023:03:04:19:55:36,up_90_1t_,1.2264416217803955,91.26,85.63,179.96,74.42,0.5504729,0.3939012,0.9601807,0.5581728,0.44600824,0.8962582,0.51889735,0.44106442,0.93638605,0.4601021,0.44092807,0.9098418,0.4205242,0.44617933,0.85070777,0.60510194,0.44600308,0.9030459,0.65618235,0.44112974,0.86138386,0.707248,0.44623774,0.9054971,0.55422765,0.60814655,0.90318835,0.53852147,0.6033212,0.89011997,0.5424181,0.7182005,0.8267107,0.54616356,0.81760585,0.9214889,0.5778619,0.6081957,0.9314412,0.57776237,0.72362804,0.8787787,0.57774425,0.8177982,0.9452836,0.5502133,0.38858247,0.937646,0.5659065,0.39352784,0.9155569,0.5461915,0.39359915,0.2684708,0.5815369,0.3987702,0.96449685,0.5814647,0.84910053,0.85752547,0.58945286,0.8439285,0.7956771,0.5774888,0.82309866,0.78037274,0.54635906,0.84902793,0.8806058,0.5344501,0.8388327,0.78912485,0.5463774,0.8229299,0.7790486
2023:03:04:19:55:36,up_90_1t_,1.2878470420837402,91.25,85.63,179.96,74.43,0.5504752,0.39390886,0.959955,0.5581762,0.4460077,0.89618057,0.5189004,0.44106936,0.93652356,0.46007803,0.44088537,0.91516507,0.42052385,0.44617212,0.8555252,0.6051072,0.44600007,0.90323627,0.65614086,0.44112113,0.86413264,0.70725286,0.44628212,0.9058999,0.5542027,0.60817945,0.9058182,0.53849095,0.60335016,0.8866323,0.54240984,0.7182538,0.82795835,0.54615676,0.8176368,0.9232115,0.5778478,0.6082259,0.93355757,0.577759,0.7236547,0.8801613,0.5777586,0.8178132,0.9446096,0.5502168,0.3933946,0.93777186,0.56590915,0.39353403,0.9162862,0.5461996,0.39360225,0.259576,0.581544,0.39877313,0.9623017,0.5814629,0.8491172,0.8581595,0.5894625,0.84394956,0.7937771,0.5775103,0.8231097,0.77957714,0.5463593,0.84905165,0.8864759,0.5344548,0.843865,0.7934331,0.5463722,0.82295614,0.77932835
2023:03:04:19:55:36,up_90_1t_,1.3456923961639404,88.48,85.63,179.96,78.34,0.5540936,0.3939138,0.9595598,0.55818903,0.446008,0.89501566,0.51890665,0.44107014,0.9353345,0.4601022,0.44086233,0.91457075,0.42053202,0.44615617,0.86501384,0.60512275,0.44600528,0.90404636,0.6561703,0.44112775,0.8626807,0.7072539,0.45123178,0.9046341,0.5541893,0.6081658,0.90691334,0.53848004,0.60333097,0.8859705,0.54240763,0.71822333,0.8265022,0.5461554,0.8176239,0.9229327,0.57783467,0.6082161,0.9345341,0.5777481,0.7236051,0.8754599,0.5777457,0.81778735,0.9455467,0.5502258,0.3933972,0.9388968,0.5659301,0.39352974,0.9163034,0.5461949,0.39361206,0.27746028,0.5815599,0.39875856,0.963821,0.5814628,0.84909064,0.8552013,0.58945477,0.8439104,0.7916188,0.5774904,0.82308626,0.777172,0.54636735,0.8490283,0.88480866,0.5344628,0.84384376,0.7943855,0.54636186,0.8229466,0.77873945
2023:03:04:19:55:36,up_90_1t_,1.4035377502441406,89.83,84.31,179.96,74.88,0.55409026,0.39392892,0.95969576,0.5619398,0.44601163,0.89447224,0.5189163,0.441073,0.93226784,0.46385062,0.44086128,0.9124593,0.4206042,0.44613206,0.877016,0.605122,0.44601354,0.90347725,0.65617055,0.44112444,0.861999,0.7072472,0.4512127,0.9038068,0.5541773,0.608171,0.90697473,0.53846866,0.6033376,0.88422245,0.5424212,0.7182531,0.8304031,0.5461518,0.81768054,0.9242945,0.5778261,0.60822004,0.93383,0.57774156,0.7236183,0.87607545,0.5777425,0.8178014,0.94420445,0.55022126,0.39341247,0.9414351,0.5659273,0.39354202,0.917612,0.54619163,0.39362195,0.27567357,0.581564,0.39876533,0.9654149,0.5814793,0.8491182,0.8553936,0.5894669,0.8439305,0.78905076,0.5774803,0.82310325,0.7697093,0.54639757,0.84907264,0.88909525,0.53450245,0.8439094,0.79774266,0.5463459,0.8230213,0.7757625
2023:03:04:19:55:36,up_90_1t_,1.46537184715271,92.61,84.32,179.96,74.87,0.55409604,0.39394,0.9585806,0.5619551,0.44600314,0.8940805,0.5189395,0.44106865,0.9312788,0.4638958,0.4408481,0.911117,0.42062005,0.44609976,0.88005805,0.6051192,0.4460195,0.9032357,0.65237075,0.44111896,0.86522543,0.7072111,0.4462717,0.9113368,0.5541675,0.6081435,0.9076471,0.53847724,0.6033086,0.88626796,0.5424152,0.7182531,0.83030885,0.54615146,0.81770235,0.9245056,0.5778082,0.6081948,0.93291503,0.57773614,0.7235983,0.8750868,0.57774115,0.81779975,0.94314593,0.5502237,0.39342538,0.9419331,0.56593436,0.39355022,0.9186556,0.54619837,0.39361897,0.26268378,0.5815821,0.39876902,0.96919876,0.5815009,0.8491165,0.85297227,0.5894872,0.8439128,0.78270376,0.5774732,0.82310545,0.7658815,0.54641443,0.8490836,0.8868274,0.5345252,0.84393156,0.79726094,0.5463373,0.8230527,0.77347785
2023:03:04:19:55:36,up_90_1t_,1.5292012691497803,89.84,84.32,179.96,74.87,0.5541106,0.39392918,0.9567939,0.56197286,0.44598508,0.89478886,0.5189532,0.44105566,0.9309161,0.4639218,0.44083387,0.90758795,0.420657,0.4460818,0.88730866,0.60513204,0.44601637,0.904872,0.6561412,0.44112188,0.8633648,0.7072182,0.45121655,0.90816,0.5541762,0.6081556,0.90539694,0.53848255,0.6033173,0.885096,0.54242456,0.7182949,0.83136034,0.5461532,0.817732,0.9235098,0.57781726,0.60820526,0.93244904,0.5777406,0.7236291,0.8770175,0.57774293,0.8178071,0.94318014,0.5502294,0.3934095,0.9380141,0.5659575,0.393541,0.91755223,0.5461898,0.39361006,0.26301035,0.58161026,0.39876777,0.9726657,0.58150536,0.84912956,0.8553149,0.58949137,0.84392345,0.783964,0.57747227,0.82310843,0.7635622,0.5464303,0.84911245,0.88615453,0.5345482,0.8439728,0.7958188,0.5463359,0.8230874,0.7697585
2023:03:04:19:55:36,up_90_1t_,1.5890414714813232,92.60,84.32,179.97,74.88,0.5541201,0.39393437,0.9549631,0.5619871,0.44597453,0.8944127,0.51895916,0.44105053,0.9307555,0.46392238,0.44080997,0.90769184,0.42066646,0.44607502,0.88663614,0.6051422,0.4460106,0.90601426,0.656146,0.44112596,0.86308724,0.70721513,0.44629046,0.90879446,0.5541817,0.60816246,0.9052233,0.5384859,0.6033261,0.88556343,0.5424254,0.7183056,0.8314283,0.5461595,0.8177403,0.92483467,0.5778216,0.6082083,0.9330963,0.5777472,0.72365147,0.8798432,0.57774013,0.81781965,0.94260114,0.5502335,0.39341226,0.93626964,0.56596804,0.39354432,0.91786647,0.5461843,0.3936056,0.2597495,0.5816239,0.3987647,0.97243243,0.58151686,0.84913766,0.85701674,0.589495,0.8439301,0.784496,0.5774679,0.8231226,0.7623306,0.54644334,0.8491152,0.8845758,0.5345691,0.8439807,0.7956128,0.54633707,0.82309985,0.77084875
2023:03:04:19:55:36,up_90_1t_,1.6469080448150635,92.60,84.32,179.98,74.89,0.55413145,0.3939407,0.9536878,0.5619789,0.44596994,0.89483327,0.51894486,0.44104135,0.93435353,0.46391144,0.44082516,0.9066895,0.4206487,0.446079,0.88633466,0.60514957,0.4460039,0.9062276,0.6561417,0.44112456,0.86249316,0.7072155,0.4462775,0.9102368,0.5541832,0.6082106,0.90415114,0.5384899,0.60814166,0.88341886,0.5424436,0.71837395,0.8346764,0.54615813,0.8177606,0.9251053,0.5778262,0.60824627,0.9336176,0.57775617,0.7285609,0.88573825,0.57773167,0.8178373,0.9409067,0.5502393,0.39341775,0.93676454,0.5659807,0.39354804,0.91870105,0.54618466,0.39360163,0.2644046,0.58163565,0.3987607,0.97400403,0.5815274,0.8491519,0.8577983,0.58949757,0.84394026,0.7844568,0.57385385,0.82313365,0.757925,0.5464511,0.8491294,0.8835602,0.53458005,0.8440005,0.7955475,0.5463246,0.82312435,0.77185047
2023:03:04:19:55:37,up_90_1t_,1.7067480087280273,92.67,84.36,179.99,74.93,0.5541698,0.39387935,0.9521806,0.5619956,0.44598776,0.8963881,0.5189467,0.4410606,0.9303411,0.46392688,0.4408194,0.9053946,0.42066827,0.44604418,0.89313245,0.60517716,0.44600898,0.9073347,0.6562115,0.44109708,0.85893375,0.70730484,0.44613597,0.9070535,0.5542305,0.6082306,0.9010628,0.54221964,0.6081704,0.8878656,0.54246145,0.71837986,0.835662,0.54616344,0.81778675,0.9255034,0.5778677,0.6082599,0.9332705,0.57777506,0.7285662,0.884549,0.577727,0.81783646,0.9397194,0.5502801,0.3885382,0.9272429,0.5697844,0.3935014,0.9178123,0.546209,0.39358747,0.2659481,0.58167845,0.39876592,0.9691107,0.5815644,0.8491496,0.85900575,0.5895344,0.84392333,0.78055346,0.5738299,0.8231235,0.7497592,0.55005604,0.849138,0.8772149,0.53837776,0.8440438,0.79500645,0.546308,0.8231594,0.7721969
2023:03:04:19:55:37,up_90_1t_,1.7685823440551758,92.70,84.36,178.29,74.95,0.5541954,0.39383873,0.9509679,0.5620147,0.44601202,0.8963026,0.5189516,0.4410832,0.9275763,0.46393013,0.44083956,0.9067543,0.42068127,0.44607627,0.88947994,0.60520065,0.44602296,0.9085822,0.66009843,0.44110346,0.8536209,0.70736855,0.44608995,0.89594394,0.5542669,0.6082284,0.8997386,0.5422397,0.60816944,0.8905541,0.5424404,0.71838564,0.8316516,0.5461619,0.8177996,0.9255246,0.5814666,0.6082577,0.93507606,0.5777956,0.728577,0.8847298,0.57773054,0.81785774,0.93934613,0.5503067,0.3884927,0.9227833,0.56981856,0.3934672,0.9171213,0.54622555,0.39357856,0.29069203,0.58167684,0.39876264,0.9646915,0.5815727,0.84916985,0.8582202,0.5895389,0.8439497,0.7809527,0.57383317,0.82314926,0.74709535,0.5500833,0.8491511,0.87615585,0.5384091,0.84899,0.7959178,0.5462982,0.8231742,0.77027714
2023:03:04:19:55:37,up_90_1t_,1.826432704925537,92.68,84.37,178.30,74.95,0.55420315,0.3938389,0.9504816,0.56201357,0.4460095,0.896861,0.5189465,0.44107854,0.9278871,0.4639326,0.44083467,0.9062307,0.42067802,0.44606408,0.88939035,0.60520357,0.44602206,0.9090933,0.6600966,0.44110826,0.85378945,0.7073613,0.44609955,0.8962071,0.5542917,0.6081878,0.8989963,0.54225755,0.60336995,0.8938829,0.5424481,0.718345,0.8313407,0.54615843,0.8178017,0.92393786,0.5814912,0.60822,0.936858,0.57780683,0.72855234,0.88280964,0.57772887,0.8178603,0.9386871,0.55031276,0.38849276,0.92230946,0.5698245,0.39346796,0.9178299,0.54622823,0.3935836,0.29907596,0.5816747,0.39876446,0.9637906,0.5815539,0.8491762,0.8577614,0.5895305,0.8439668,0.78177047,0.5738325,0.82315326,0.74673235,0.55005807,0.8491619,0.8779361,0.53837585,0.8489914,0.7946591,0.5463039,0.8231803,0.7675869
2023:03:04:19:55:37,up_90_1t_,1.8818247318267822,91.36,85.66,178.32,74.96,0.554226,0.3938656,0.947791,0.5620378,0.44602725,0.8954926,0.5189556,0.44110227,0.9252427,0.46391508,0.44084653,0.90732574,0.42060688,0.44613028,0.87641686,0.60521847,0.44602492,0.9090903,0.6601124,0.44112238,0.85210305,0.707371,0.44612718,0.8932783,0.5580378,0.6081585,0.89649314,0.5422919,0.6033536,0.9002104,0.5460672,0.7183158,0.8307619,0.54616475,0.81780183,0.9226227,0.5815522,0.60819,0.93748766,0.57785934,0.7285205,0.88223785,0.57774454,0.81785685,0.9399599,0.55032307,0.38852066,0.9229078,0.5698497,0.3934855,0.9202513,0.54623634,0.39361483,0.32415515,0.5816914,0.3987772,0.9630953,0.58158946,0.8491776,0.8602993,0.58957136,0.8439686,0.7811616,0.5738399,0.8231472,0.74627686,0.5500739,0.84916484,0.87466687,0.53839064,0.8489936,0.7937361,0.54630405,0.82317924,0.7678982
2023:03:04:19:55:37,up_90_1t_,1.9396703243255615,91.38,85.63,178.34,74.98,0.5542317,0.39385605,0.9490631,0.56203777,0.44602183,0.8958596,0.5189636,0.4411042,0.92547053,0.46392855,0.44087192,0.9078434,0.42062283,0.44613075,0.8788872,0.6052081,0.4460162,0.9109903,0.6562448,0.44110233,0.857335,0.7073262,0.44612724,0.90399116,0.5580808,0.6032806,0.8994967,0.54232985,0.60321766,0.9096042,0.5460771,0.71819097,0.83290744,0.54617214,0.817831,0.92573935,0.5815849,0.60330063,0.93539226,0.57789737,0.72351366,0.8743557,0.5777305,0.81784856,0.93830264,0.55033153,0.38851276,0.92231756,0.5698551,0.3934765,0.92011034,0.5462475,0.39361256,0.32898003,0.58169496,0.39876512,0.96308315,0.5816104,0.84917533,0.85696906,0.5895695,0.8439525,0.77608544,0.5738094,0.82312787,0.73853385,0.5501372,0.8491751,0.8680353,0.53846496,0.8490261,0.7958697,0.5462835,0.82817525,0.7675027
2023:03:04:19:55:37,up_90_1t_,2.0010862350463867,91.39,85.63,177.81,74.91,0.55417335,0.39384717,0.951579,0.56205773,0.44601047,0.8951041,0.5189824,0.4411075,0.92242765,0.46390882,0.4408642,0.9065404,0.4206043,0.4461204,0.876184,0.6052102,0.4460107,0.9121748,0.6562686,0.4411085,0.85599905,0.70733213,0.44611225,0.90339696,0.5580755,0.6032728,0.89956695,0.542327,0.6032047,0.90871936,0.54607934,0.71316135,0.8332817,0.546168,0.8178468,0.92515117,0.58158153,0.60329634,0.935107,0.58144647,0.72348917,0.87253374,0.57773435,0.8178562,0.9390071,0.55029386,0.3885025,0.92144424,0.5697882,0.39347288,0.9146487,0.54623723,0.3935729,0.2419019,0.5816828,0.3987554,0.9666871,0.581631,0.8491792,0.8577028,0.59333706,0.84397423,0.77527976,0.5738084,0.82314545,0.7376003,0.55015,0.84918916,0.86787516,0.5384781,0.8490444,0.79712826,0.54627484,0.82820094,0.76822627
2023:03:04:19:55:37,up_90_1t_,2.058931827545166,91.42,85.64,177.79,74.85,0.55414253,0.3938661,0.95055604,0.5620793,0.4460129,0.89283925,0.5190051,0.44110793,0.92089295,0.4639145,0.44085845,0.9059003,0.42058715,0.44610682,0.8728031,0.6052185,0.44602945,0.9122938,0.66009253,0.44111955,0.85674274,0.70734274,0.4460943,0.8995238,0.55808395,0.6032589,0.8998537,0.54233783,0.6031825,0.9098292,0.54609495,0.71821034,0.8398067,0.546159,0.81788445,0.92491525,0.5815883,0.6032882,0.9345598,0.58146447,0.72351223,0.87783134,0.5777335,0.817867,0.93917793,0.5502743,0.38852304,0.9201719,0.5660026,0.39349088,0.91215885,0.54628366,0.39357713,0.18957329,0.5816775,0.39875904,0.9680482,0.5816475,0.8491867,0.8614644,0.59334415,0.8439773,0.77906096,0.5737991,0.82315284,0.7348661,0.55015343,0.84920675,0.8681793,0.5384842,0.84906536,0.79616576,0.54625857,0.8282426,0.7709766
2023:03:04:19:55:37,up_90_1t_,2.116776466369629,91.41,85.66,177.77,74.85,0.5541311,0.39386308,0.9514601,0.56207895,0.44602016,0.89282066,0.519018,0.44112638,0.91872364,0.46395567,0.44087872,0.9072572,0.42062452,0.44607362,0.87518823,0.60520726,0.44602036,0.9117362,0.65621495,0.4411174,0.8601732,0.7072656,0.4461129,0.9108282,0.55806994,0.6032744,0.9033648,0.5423261,0.603204,0.9117992,0.5460935,0.71830386,0.84356755,0.54616237,0.81789136,0.9263957,0.58157957,0.603298,0.9373557,0.5814912,0.72353643,0.88293445,0.57774204,0.81785125,0.94147176,0.5502736,0.3885168,0.91916054,0.5659907,0.39349645,0.91293883,0.5463018,0.39358267,0.17376903,0.5816661,0.39876446,0.96759427,0.5816481,0.84917074,0.8633986,0.5933565,0.84396136,0.7809181,0.573805,0.8231175,0.7373375,0.55014,0.8491951,0.8676099,0.53847104,0.84904957,0.79422253,0.5462607,0.8282312,0.7721685
2023:03:04:19:55:37,up_90_1t_,2.176616668701172,91.40,85.66,177.75,74.88,0.5541571,0.3938737,0.9514166,0.56208223,0.44602242,0.8926536,0.5190115,0.44112763,0.9198585,0.46396995,0.44088316,0.9068516,0.4206317,0.4460647,0.8793039,0.60521966,0.44602093,0.9119732,0.65621597,0.44112095,0.8583857,0.7072942,0.44613197,0.9091033,0.5580604,0.6032905,0.9040151,0.542309,0.6032241,0.90971136,0.54608935,0.7183441,0.8436625,0.54616404,0.8179012,0.9261962,0.58157927,0.6033113,0.93834245,0.58150554,0.72353554,0.8835361,0.5777456,0.8178332,0.94275475,0.5502878,0.3885288,0.9214095,0.5697658,0.3935015,0.91547066,0.5462836,0.3935802,0.19741708,0.5816853,0.398761,0.96608734,0.58163947,0.84915555,0.86861426,0.5933483,0.8439486,0.7836826,0.57380754,0.8230907,0.7385026,0.55013376,0.8491978,0.8668829,0.5384683,0.84905803,0.792503,0.5462662,0.8282411,0.771969
2023:03:04:19:55:37,up_90_1t_,2.2384512424468994,91.38,85.65,177.75,74.90,0.554175,0.39387888,0.95102495,0.56206876,0.44601518,0.8931708,0.51899797,0.44111377,0.9230011,0.4639696,0.44087982,0.90680015,0.42063156,0.4460683,0.87785685,0.6052183,0.4460189,0.9122216,0.6561785,0.44112253,0.8586257,0.707277,0.446163,0.9121841,0.55805165,0.6032725,0.90458184,0.5423053,0.6032063,0.90979886,0.54609007,0.7183635,0.8447815,0.5461671,0.8178976,0.9264577,0.5815702,0.60329205,0.93803304,0.58150125,0.72354466,0.8862564,0.5777442,0.8178292,0.94291955,0.55029815,0.3885378,0.9226136,0.5697823,0.39350337,0.9173053,0.5462665,0.3935737,0.21814597,0.5816887,0.39875776,0.9650602,0.5816299,0.8491511,0.86971813,0.59333444,0.843945,0.7848711,0.57380855,0.82308465,0.7398632,0.5501269,0.8491977,0.86858684,0.5384626,0.8490553,0.79293346,0.54627246,0.82823414,0.7721846
2023:03:04:19:55:37,up_90_1t_,2.297854423522949,91.34,85.65,177.75,74.92,0.55420244,0.39388523,0.9488929,0.5620638,0.44601327,0.8933578,0.518981,0.44110322,0.9264738,0.46394426,0.44088882,0.9074547,0.42060518,0.44606882,0.87633353,0.60522836,0.44601902,0.91352946,0.6561674,0.44113982,0.857867,0.70722294,0.4462347,0.9132621,0.55805904,0.6032806,0.9056529,0.542315,0.60321873,0.91297483,0.5460747,0.7183707,0.8428168,0.5461568,0.8179085,0.92658854,0.58157605,0.60329306,0.93887323,0.5815027,0.7235047,0.8847568,0.57774633,0.81783324,0.94558394,0.5503104,0.3885482,0.92299664,0.5698061,0.39349765,0.91857845,0.5462527,0.39358556,0.24334474,0.5817062,0.39873928,0.9673919,0.58164114,0.849167,0.8751781,0.59335434,0.84395534,0.7880548,0.57380646,0.82309794,0.7405663,0.5501253,0.84920835,0.8705246,0.53845954,0.8490688,0.79472697,0.5462585,0.8282496,0.772623
2023:03:04:19:55:37,up_90_1t_,2.3556995391845703,88.45,85.63,177.75,74.97,0.5542698,0.39388573,0.9449505,0.56208676,0.4460306,0.8927203,0.5189845,0.44111264,0.9257707,0.46396694,0.44089434,0.90793884,0.42066103,0.44609421,0.8812064,0.6088778,0.4460327,0.91504097,0.66006047,0.44115242,0.8542154,0.7072821,0.45122248,0.9015695,0.55806684,0.6032341,0.9047044,0.5423164,0.60317075,0.9120399,0.5460754,0.7182969,0.83963346,0.54617214,0.8179088,0.929395,0.5815857,0.6032447,0.9384163,0.5815208,0.72342956,0.8797077,0.5777581,0.8178309,0.94694215,0.5503518,0.38854885,0.9230424,0.5698832,0.39348286,0.9225082,0.5462742,0.39361736,0.3393759,0.58172375,0.39872688,0.96476346,0.5816437,0.84917563,0.8811648,0.59337544,0.84396154,0.7917937,0.57382554,0.8231051,0.740532,0.55013067,0.84922796,0.8697172,0.5384616,0.8490863,0.7936113,0.54628265,0.82825285,0.7723514
2023:03:04:19:55:37,up_90_1t_,2.415539503097534,91.32,85.63,177.75,74.97,0.5542811,0.39388782,0.943733,0.56208843,0.4460222,0.89214104,0.51897955,0.44110012,0.9268229,0.4677466,0.4408772,0.9083976,0.4206797,0.4460825,0.88390946,0.60888445,0.44603246,0.9152639,0.660078,0.4411576,0.8540095,0.7072959,0.44628903,0.9009032,0.55805457,0.6032015,0.90443766,0.54231054,0.60313934,0.9105905,0.5460802,0.71827364,0.8397792,0.54617023,0.81789666,0.93076736,0.58157486,0.6032104,0.93725467,0.5815164,0.7234135,0.88006926,0.57775515,0.8178226,0.9479189,0.55035865,0.38855004,0.9225459,0.56989664,0.3934823,0.9229938,0.54627866,0.39361915,0.3441703,0.58173233,0.398726,0.96357083,0.58165264,0.84916997,0.879792,0.59338254,0.84394926,0.7915605,0.57382077,0.8230998,0.7425585,0.5501272,0.84921914,0.8696703,0.5384595,0.84907407,0.7935653,0.546279,0.8282357,0.7744307
2023:03:04:19:55:37,up_90_1t_,2.47737455368042,92.70,84.23,177.73,71.50,0.5543042,0.39388806,0.9419071,0.56586814,0.44601998,0.8926551,0.5189746,0.4410987,0.9293549,0.4639735,0.44088122,0.9099344,0.42075008,0.4461129,0.8889953,0.60891306,0.4460209,0.9196884,0.6600696,0.44597325,0.85286003,0.70727324,0.44626093,0.9054663,0.558064,0.60317993,0.9054594,0.5423114,0.60312235,0.9103099,0.54609317,0.71828395,0.841759,0.5461702,0.8179234,0.9300613,0.5815913,0.6031816,0.9387704,0.5815362,0.72341055,0.88162434,0.5777574,0.8178215,0.94858485,0.55036974,0.388548,0.9221771,0.56992066,0.3934768,0.9234613,0.54628766,0.39362857,0.36586154,0.5817457,0.39872593,0.9627428,0.5816769,0.8491637,0.8798287,0.5934056,0.8439326,0.7911941,0.57381785,0.823105,0.7397438,0.5501434,0.8492405,0.87087435,0.5384732,0.8491042,0.7961567,0.5462726,0.8282797,0.7752373
2023:03:04:19:55:37,up_90_1t_,2.535219669342041,92.71,84.23,177.73,71.52,0.5543218,0.39388844,0.9401596,0.56586605,0.4460257,0.8926051,0.51897424,0.44110468,0.9286557,0.46774295,0.4408696,0.91063166,0.42078272,0.44611752,0.8910252,0.60890865,0.44602242,0.9192911,0.66005474,0.44115892,0.8533109,0.70727575,0.44624415,0.90729636,0.5580603,0.60318476,0.9060417,0.54231143,0.6031287,0.91059715,0.54609436,0.7182941,0.84198356,0.5461686,0.8179142,0.92988145,0.5815866,0.6031857,0.9403936,0.58153385,0.7234109,0.8809521,0.5777491,0.81781846,0.9474955,0.55037844,0.38854727,0.9212651,0.5736301,0.39347184,0.9240954,0.54629755,0.3936457,0.3828962,0.58175236,0.39872748,0.9617015,0.58165914,0.84915435,0.8777577,0.5933781,0.8439273,0.7899494,0.5738108,0.82309437,0.7397471,0.55013835,0.84922004,0.869352,0.5384712,0.8490816,0.79400617,0.54627305,0.8282635,0.773761
2023:03:04:19:55:37,up_90_1t_,2.593064785003662,92.72,84.25,177.72,75.46,0.5580304,0.39388645,0.9384451,0.56588686,0.44602752,0.89288235,0.51898694,0.44112498,0.92547214,0.46778366,0.4408643,0.9135752,0.42081317,0.44610366,0.89392483,0.6089219,0.44600105,0.92141426,0.66005456,0.44114125,0.8519437,0.7073089,0.44620812,0.90445215,0.5580856,0.6031284,0.9019864,0.5423421,0.6030749,0.91336,0.5461208,0.71825004,0.8465914,0.54616874,0.8179237,0.93002826,0.5816031,0.60312784,0.9357196,0.5815542,0.72337073,0.88006616,0.5777493,0.8178193,0.9469971,0.5503893,0.38854522,0.9202939,0.57365024,0.39346308,0.92400604,0.54631835,0.39367807,0.41477484,0.581754,0.3987281,0.9609451,0.58166724,0.849165,0.8783473,0.5933875,0.8439383,0.7893656,0.5738036,0.82309914,0.73428345,0.5501601,0.8492134,0.86809075,0.5384897,0.8490772,0.79592276,0.54625607,0.82828337,0.7741338
2023:03:04:19:55:38,up_90_1t_,2.652904510498047,92.74,84.25,177.71,75.45,0.5580258,0.3938728,0.938557,0.5658982,0.44603512,0.89301246,0.51900154,0.44112977,0.9229153,0.46780208,0.44087067,0.913549,0.42083034,0.44611233,0.8943076,0.60892266,0.44600695,0.92140204,0.66005117,0.4411352,0.8524877,0.70729756,0.4461987,0.9062451,0.5580841,0.6031363,0.9021884,0.5423404,0.60308254,0.9129956,0.54612255,0.71824926,0.84764814,0.54616296,0.81793225,0.9291679,0.5816015,0.60313743,0.93564737,0.5815527,0.7233809,0.8821593,0.57774115,0.817817,0.9468064,0.55038935,0.38852805,0.9190731,0.5736469,0.39344993,0.9227264,0.54632133,0.3936618,0.40068018,0.58175546,0.3987162,0.9610775,0.5816788,0.84915847,0.8792243,0.593394,0.8439229,0.78982806,0.5737868,0.8230955,0.7297763,0.5501799,0.8492154,0.86654747,0.5385066,0.84909016,0.79678524,0.5462368,0.8282998,0.7745829
2023:03:04:19:55:38,up_90_1t_,2.714740037918091,92.72,84.25,177.82,75.43,0.55803216,0.3938898,0.93786323,0.56591684,0.44603404,0.892817,0.519025,0.44112995,0.91981184,0.4678333,0.44085032,0.9148917,0.42082956,0.44609764,0.8891294,0.6089238,0.44600627,0.9206431,0.6600606,0.4411515,0.850884,0.70730215,0.44623592,0.9035356,0.55808634,0.60311496,0.90098405,0.54234207,0.6030621,0.9114388,0.54612374,0.7182063,0.84667516,0.54616266,0.81792545,0.93034166,0.5816082,0.60311335,0.93491995,0.5815671,0.71840185,0.880283,0.5777478,0.8177958,0.94947106,0.5503907,0.38855135,0.9200101,0.5736505,0.3934648,0.9246183,0.54632187,0.3936726,0.39786732,0.58176273,0.39872015,0.9611235,0.5816942,0.84914136,0.87439996,0.5934182,0.8438882,0.7852706,0.57378584,0.82307136,0.7328264,0.5501902,0.84920967,0.8689215,0.5385225,0.849085,0.7987035,0.54623395,0.82828665,0.7756818
2023:03:04:19:55:38,up_90_1t_,2.7746074199676514,92.72,84.24,177.83,75.42,0.55803454,0.39388642,0.9378797,0.5659237,0.4460334,0.89293694,0.519031,0.44112664,0.918563,0.46782345,0.4408533,0.91432613,0.42079207,0.4461056,0.88869333,0.6089295,0.44600457,0.921501,0.66006386,0.4411481,0.85099214,0.707305,0.44623592,0.9038398,0.55808043,0.60309845,0.90048355,0.5423364,0.60304564,0.9094063,0.5461251,0.7182238,0.8481716,0.5461617,0.81794846,0.9279402,0.58160335,0.60309887,0.93446815,0.5815541,0.7183926,0.87984085,0.5777368,0.8178025,0.9479151,0.550393,0.3885479,0.9200396,0.57365185,0.39346027,0.92424816,0.5463302,0.3936712,0.4000952,0.5817657,0.3987149,0.9599005,0.5817048,0.849149,0.87581307,0.5934231,0.8438881,0.7865682,0.57376724,0.82307935,0.7278616,0.5502157,0.84922963,0.8646323,0.5422399,0.84912765,0.79926443,0.5462216,0.8283237,0.77527773
2023:03:04:19:55:38,up_90_1t_,2.834446907043457,92.72,87.04,177.83,81.32,0.5580514,0.3939012,0.93620807,0.56592864,0.44604167,0.89222103,0.51904327,0.44596577,0.91443574,0.4678249,0.44084787,0.9154802,0.420803,0.44613212,0.88520485,0.60892737,0.44600806,0.92047954,0.6562542,0.44112653,0.8584848,0.7072982,0.44624838,0.9067074,0.55807716,0.6030662,0.8989806,0.5423348,0.60301787,0.9075063,0.54611546,0.7131175,0.845731,0.5461603,0.81790286,0.9339806,0.5815982,0.60306704,0.9337859,0.58155674,0.7183095,0.8766616,0.5777497,0.8177823,0.9505725,0.5503984,0.38856438,0.91986316,0.57366735,0.39346942,0.9259546,0.54633397,0.3936979,0.41881093,0.58177465,0.3987216,0.95895064,0.5816891,0.84914815,0.8820214,0.59342414,0.8438985,0.789745,0.573792,0.8230666,0.7325707,0.5501879,0.8491931,0.8671173,0.5422154,0.849077,0.7984619,0.5462318,0.8282605,0.7785971
2023:03:04:19:55:38,up_90_1t_,2.8958775997161865,92.73,87.05,177.82,81.33,0.5580677,0.39389318,0.93520766,0.56593746,0.44605598,0.8919329,0.51905435,0.44598386,0.9121119,0.46784303,0.44084126,0.91665065,0.42081293,0.44613436,0.88264143,0.6089261,0.44601467,0.9211662,0.6562609,0.44112283,0.8590615,0.7072999,0.44624138,0.90649444,0.558077,0.603074,0.8997588,0.54233503,0.60302323,0.9075852,0.54611725,0.7131505,0.8466351,0.5461596,0.8179401,0.93140286,0.581599,0.603076,0.93453443,0.58155715,0.71833086,0.87895435,0.57774234,0.8177878,0.95038116,0.5504077,0.3885552,0.9189183,0.5736822,0.39346072,0.92564845,0.5463433,0.39371967,0.4444975,0.5817755,0.3987232,0.958993,0.58173543,0.84914434,0.87913597,0.5934635,0.8438714,0.7878135,0.5737707,0.82307994,0.72540355,0.5502388,0.84922194,0.8626433,0.5422628,0.84913003,0.8023683,0.54620826,0.8283223,0.77869546
2023:03:04:19:55:38,up_90_1t_,2.957681655883789,92.74,87.06,177.82,81.36,0.558122,0.39396602,0.92826647,0.5659595,0.44607222,0.890575,0.52268237,0.4460103,0.90730965,0.4678169,0.44083804,0.9166338,0.42079696,0.44613957,0.8805289,0.6089397,0.44601795,0.9212238,0.65627384,0.44111538,0.86100674,0.7073079,0.44623122,0.9047606,0.5580954,0.6030809,0.9001925,0.54234725,0.60302615,0.91077507,0.5461264,0.71821904,0.85063016,0.54615253,0.81796,0.92839754,0.5816142,0.6030872,0.9353335,0.58156055,0.71837586,0.88174176,0.5777355,0.8178194,0.9496167,0.55042243,0.39343953,0.92526317,0.57372123,0.39351436,0.9324676,0.54635054,0.3938148,0.53988075,0.5817687,0.39874554,0.9512615,0.5817028,0.84919274,0.884073,0.5934236,0.84393287,0.7913501,0.5737669,0.8231074,0.7283581,0.5502118,0.84925634,0.86756235,0.5422347,0.84915024,0.80127084,0.5462114,0.82833654,0.7765429
2023:03:04:19:55:38,up_90_1t_,3.0150680541992188,92.76,87.05,177.82,80.52,0.55814034,0.3987066,0.9267792,0.5659768,0.44608337,0.88989896,0.5226949,0.44601396,0.90592986,0.46783343,0.4408491,0.91642785,0.42083883,0.44614747,0.8799202,0.6089488,0.44602987,0.9214313,0.65627277,0.44112262,0.86152095,0.7072909,0.4462269,0.90618885,0.5580871,0.6030689,0.8996722,0.54233795,0.60301137,0.90781856,0.5461285,0.7182141,0.85091096,0.5461566,0.817964,0.92902213,0.5816113,0.60307926,0.9351308,0.58155924,0.71836597,0.8810077,0.5777357,0.81782603,0.9490393,0.5504276,0.3934607,0.9274626,0.5737332,0.39352736,0.9344916,0.54635257,0.39384097,0.5602238,0.581772,0.39875254,0.95011204,0.5817139,0.84919566,0.88408285,0.5934321,0.8439336,0.79130673,0.5737686,0.82311785,0.7274556,0.55022675,0.8492575,0.8651549,0.5422517,0.84915745,0.80147314,0.5462138,0.8283441,0.77683735
2023:03:04:19:55:38,up_90_1t_,3.0709190368652344,92.74,87.03,177.82,80.44,0.55808777,0.39882955,0.9302655,0.565976,0.44604343,0.88850826,0.5226953,0.44598323,0.91044736,0.4678337,0.44084683,0.91330993,0.4245375,0.44614506,0.88076746,0.6089506,0.4459918,0.9229985,0.66004956,0.44112694,0.8611537,0.7072892,0.4462364,0.90618134,0.5580824,0.6030566,0.89926684,0.54233086,0.60299903,0.9061891,0.5461369,0.7182263,0.8517576,0.54616755,0.81797546,0.9283499,0.58161044,0.60306686,0.9348333,0.5815583,0.71835035,0.8782257,0.5777334,0.8178103,0.9474476,0.5503846,0.39357987,0.94797194,0.57368535,0.39364037,0.941921,0.546323,0.39385974,0.48919898,0.5817708,0.39879677,0.9603928,0.5817461,0.8491744,0.87775636,0.5934632,0.8438997,0.7868061,0.57375365,0.8231033,0.72237563,0.5502596,0.8492733,0.8607951,0.5422858,0.84918314,0.8045211,0.54621,0.8283689,0.7779845
2023:03:04:19:55:38,up_90_1t_,3.130758285522461,92.73,84.18,177.84,69.64,0.5542595,0.3987598,0.944797,0.56597435,0.44601533,0.890398,0.5227119,0.4411314,0.9127818,0.4677995,0.44086915,0.908976,0.4245462,0.4461723,0.88157624,0.60894144,0.44599482,0.9209812,0.6600764,0.44113752,0.85912377,0.7073,0.4462635,0.9045957,0.5580688,0.6030578,0.8991914,0.5423214,0.60299814,0.90451694,0.5461374,0.7182044,0.8508035,0.5461686,0.81795686,0.9291577,0.5815963,0.60307324,0.93552554,0.5815305,0.7183608,0.8762975,0.5777237,0.8178141,0.9443769,0.55031747,0.3935112,0.94585055,0.56986874,0.39361092,0.9320458,0.54626924,0.39370248,0.29850012,0.5817452,0.39880884,0.97038734,0.5817149,0.84918714,0.8794696,0.59343314,0.84392846,0.788228,0.57375276,0.82310283,0.72006804,0.5502472,0.8492546,0.8584883,0.5422712,0.84915906,0.8008687,0.5462173,0.8283422,0.776265
2023:03:04:19:55:38,up_90_1t_,3.194587469100952,89.84,84.10,177.84,69.41,0.5540934,0.3988378,0.9568871,0.56598276,0.445998,0.88898075,0.5227152,0.4411108,0.91134936,0.46394172,0.4409387,0.90131885,0.42454794,0.4462687,0.8813409,0.6089317,0.44599622,0.91783375,0.660166,0.4459776,0.8574691,0.7073669,0.45124304,0.8962848,0.5580589,0.6030687,0.8990219,0.54231197,0.6030132,0.90258706,0.54613835,0.71821004,0.8500278,0.5461724,0.81794494,0.93003726,0.58159155,0.6030819,0.93450856,0.58153003,0.71839637,0.87695205,0.5777281,0.81781286,0.9427715,0.5502261,0.3935802,0.951814,0.5659513,0.3936953,0.9292347,0.546369,0.3937546,0.14243618,0.58171844,0.39889342,0.97210526,0.58168876,0.8491842,0.8784608,0.5934074,0.84394085,0.78785396,0.57376343,0.8230932,0.7245276,0.5502134,0.84924376,0.8633542,0.54224205,0.8491335,0.8010781,0.54623365,0.82831687,0.77778816
2023:03:04:19:55:38,up_90_1t_,3.253962755203247,89.79,84.15,177.71,65.35,0.55041414,0.3987318,0.9604205,0.56596696,0.44602296,0.8892232,0.5227404,0.44113654,0.9070961,0.46398228,0.44094342,0.8978772,0.42459723,0.44624493,0.8909945,0.6088985,0.4460093,0.9149625,0.6601556,0.44598365,0.85693914,0.70738745,0.45131144,0.89182806,0.55807936,0.60311776,0.8994009,0.54233253,0.6030645,0.9061924,0.54615223,0.71829534,0.85409653,0.5461756,0.8179682,0.92491037,0.581599,0.6031267,0.9354433,0.5815393,0.7234088,0.8814721,0.57771164,0.81782264,0.9400447,0.55018586,0.39349893,0.9353553,0.562082,0.3936271,0.9195672,0.54642844,0.3938022,0.1009974,0.58166873,0.39889732,0.9791866,0.5816763,0.849177,0.8688705,0.593365,0.8439379,0.7826567,0.5737392,0.82309276,0.7227088,0.5502109,0.84925056,0.86465263,0.5422475,0.8491427,0.8025594,0.54623276,0.8283476,0.7743202
2023:03:04:19:55:38,up_90_1t_,3.3118085861206055,89.77,84.12,177.84,65.17,0.55032045,0.3987638,0.9614147,0.5660091,0.44601297,0.8883583,0.5227895,0.44111922,0.90344685,0.46775228,0.44093743,0.8991779,0.42463332,0.4462499,0.8938819,0.6089226,0.44599786,0.9162984,0.66017085,0.4460017,0.8578036,0.70736873,0.45135596,0.8917932,0.5580886,0.60309213,0.89757526,0.54233545,0.6030448,0.9064226,0.5461306,0.7182336,0.84844565,0.5461698,0.8179487,0.9277209,0.58160293,0.60309637,0.9336037,0.58153826,0.71840006,0.8775892,0.5777302,0.8178006,0.943735,0.5501323,0.39352903,0.91964394,0.5619389,0.39365315,0.9227003,0.0,0.0,0.0,0.5816268,0.3989237,0.98858184,0.58166987,0.8491623,0.8751708,0.59337974,0.8439198,0.785486,0.5737649,0.8230729,0.7284689,0.5501908,0.84923583,0.86727285,0.542227,0.84912056,0.80048716,0.5462429,0.8283178,0.7756527
2023:03:04:19:55:38,up_90_1t_,3.3716487884521484,86.96,84.14,177.83,65.26,0.5503721,0.39884076,0.96459323,0.5659623,0.44598418,0.88763547,0.52275205,0.44110972,0.9074035,0.46398166,0.44091785,0.8981587,0.42463222,0.44623417,0.8918236,0.6088879,0.44114137,0.91510904,0.66017145,0.44599983,0.85875034,0.70736045,0.45134097,0.8919377,0.5580867,0.60304976,0.89709985,0.54233056,0.6030049,0.9051521,0.54612017,0.71820897,0.84727347,0.54615754,0.8179433,0.92726666,0.5816102,0.60305846,0.93343115,0.58155316,0.7184078,0.88201153,0.5777334,0.8178051,0.9466828,0.5501434,0.39360985,0.9489571,0.5620025,0.39370283,0.927096,0.5464277,0.39384586,0.09562215,0.581615,0.39890397,0.9828792,0.5816581,0.84916633,0.878055,0.59336835,0.8439293,0.78812873,0.57377285,0.8230749,0.7359496,0.550148,0.8492238,0.86839426,0.5384941,0.8490869,0.79591024,0.5462453,0.8283063,0.77616227
2023:03:04:19:55:38,up_90_1t_,3.433483123779297,89.85,84.17,177.69,65.30,0.55033135,0.39881846,0.9724105,0.56591064,0.44599593,0.8857763,0.52271944,0.4411281,0.90645224,0.46395528,0.4409231,0.89928,0.42460835,0.44622654,0.8920551,0.605231,0.44597408,0.9110387,0.660194,0.4460029,0.859454,0.70738643,0.4513263,0.8889978,0.55808216,0.6030677,0.89953417,0.54232675,0.6030226,0.907218,0.5461338,0.7182556,0.85264605,0.5461489,0.8179226,0.9277524,0.58161086,0.6030744,0.9347446,0.58157974,0.72340685,0.8898921,0.5777485,0.8177965,0.95135456,0.5501186,0.39358637,0.952356,0.5619572,0.39369917,0.92919034,0.5464181,0.3938411,0.094957165,0.5815644,0.39893842,0.9751614,0.5816668,0.8491587,0.87800837,0.59338045,0.84392387,0.7900436,0.57379204,0.8230599,0.7458465,0.5501159,0.8492028,0.8730102,0.5384643,0.8490495,0.7948155,0.5462468,0.8282595,0.7782946
2023:03:04:19:55:38,up_90_1t_,3.491328001022339,89.88,84.14,177.70,65.21,0.55027306,0.3988016,0.97327733,0.5659198,0.4460018,0.88528055,0.52273643,0.4411194,0.9056644,0.46393442,0.44090816,0.89961994,0.42457524,0.44626996,0.8807921,0.60523933,0.4459984,0.9098542,0.6639557,0.44601116,0.8556301,0.7074188,0.45131415,0.8879393,0.5580784,0.6030829,0.90010464,0.54232204,0.6030315,0.9075936,0.54614013,0.71827245,0.85332614,0.54615855,0.8179225,0.9259541,0.58160686,0.6030961,0.93412626,0.58156854,0.72344464,0.89005876,0.5777441,0.8178045,0.9473852,0.55008346,0.39355755,0.9417484,0.55813587,0.39368752,0.9322692,0.54644966,0.3937684,0.06336534,0.5815331,0.39895153,0.9728877,0.58166313,0.84915155,0.8719707,0.5933747,0.843921,0.78672004,0.57378936,0.8230612,0.74298286,0.5501156,0.8492031,0.8688648,0.5384609,0.84904516,0.7905853,0.5462603,0.82825667,0.7754701
2023:03:04:19:55:38,up_90_1t_,3.549173593521118,90.03,84.12,177.84,65.14,0.5502584,0.39881754,0.97298086,0.56594664,0.44598174,0.8859654,0.52276343,0.44109255,0.9057827,0.4639398,0.4408716,0.89984274,0.42455494,0.4462583,0.8775034,0.60525405,0.445986,0.9105225,0.66398495,0.44596985,0.85981065,0.71106803,0.4512375,0.88333553,0.55807334,0.6030931,0.8983532,0.54231834,0.60303605,0.903455,0.54612833,0.71821916,0.8468009,0.5461585,0.81792045,0.9274116,0.5816007,0.60310835,0.9326714,0.58153486,0.71840787,0.87471634,0.57772595,0.817788,0.94377303,0.550076,0.39356875,0.94050384,0.55811155,0.39370057,0.93494284,0.0,0.0,0.0,0.5815489,0.39895737,0.97588545,0.58165264,0.8491393,0.87575364,0.59336156,0.8438984,0.78668576,0.5737661,0.8230495,0.73383737,0.5501201,0.849206,0.8602205,0.5384696,0.84905326,0.78523445,0.5462544,0.828261,0.77749
2023:03:04:19:55:38,up_90_1t_,3.6090142726898193,90.03,84.12,177.84,65.16,0.5502674,0.39883134,0.97303605,0.5659398,0.44598275,0.8859281,0.52275443,0.44109735,0.9061553,0.46393624,0.44085595,0.90154123,0.4245852,0.4462634,0.8796831,0.6052501,0.4459804,0.91089195,0.6639809,0.44115907,0.8608003,0.7110765,0.45122415,0.88306504,0.55807173,0.60309726,0.8982284,0.54231995,0.6030404,0.9033667,0.5461278,0.7181868,0.84599614,0.54615897,0.8179154,0.9291946,0.5815964,0.60311264,0.9330646,0.5815305,0.7183834,0.87252414,0.5777217,0.81778765,0.943367,0.5500802,0.39358974,0.94319534,0.5581221,0.39371046,0.9346477,0.5464903,0.39379644,0.054604776,0.5815515,0.39895505,0.9763646,0.58165455,0.8491491,0.8776125,0.593368,0.8439077,0.7876633,0.5737614,0.8230559,0.7313709,0.55013496,0.84920394,0.86153364,0.53847903,0.8490572,0.7885474,0.54624754,0.8282638,0.778256
2023:03:04:19:55:39,up_90_1t_,3.672842502593994,89.92,84.13,177.85,65.14,0.55026984,0.39884692,0.97241586,0.5659406,0.44596985,0.88596636,0.5227426,0.44107518,0.9088441,0.4639383,0.44086617,0.8994753,0.42455438,0.44623035,0.8865392,0.60888296,0.44598195,0.9109552,0.66399175,0.445967,0.8613466,0.7110879,0.45124245,0.8818041,0.5580741,0.6030685,0.8969734,0.54232675,0.6030087,0.90234643,0.5461374,0.7131674,0.8488194,0.54617375,0.81793195,0.9295591,0.5815975,0.6030899,0.93309146,0.5815234,0.71835375,0.87297493,0.577723,0.8177814,0.9441809,0.55008143,0.39360026,0.9446763,0.5581261,0.3937203,0.9349481,0.54649526,0.39379102,0.054685447,0.5815529,0.39894846,0.97486234,0.58164907,0.84913945,0.87602186,0.5933614,0.8438923,0.78535056,0.5737641,0.82305306,0.7302386,0.550159,0.84921783,0.8656326,0.5385067,0.8490795,0.7934717,0.54625916,0.8283039,0.77472186
2023:03:04:19:55:39,up_90_1t_,3.7307229042053223,90.01,84.11,177.84,65.13,0.5502642,0.39884534,0.97234285,0.56594247,0.44596994,0.8856513,0.522746,0.44107118,0.90786386,0.46395987,0.4408639,0.89986414,0.42456642,0.44625154,0.8913344,0.6052577,0.44598424,0.91086996,0.6639852,0.44598147,0.86044574,0.7110738,0.4512634,0.8831354,0.55807,0.6030578,0.8962213,0.5423217,0.6030002,0.9016043,0.54613954,0.7181849,0.8495578,0.54617065,0.81792724,0.92906696,0.5815928,0.60307604,0.9318512,0.581523,0.71835405,0.87430364,0.57771826,0.8177785,0.9451512,0.550079,0.3935998,0.9428498,0.5581161,0.39371884,0.9352773,0.5500695,0.39378387,0.051285893,0.5815455,0.39895228,0.97403646,0.5816524,0.84913766,0.8751141,0.5933629,0.84388953,0.7851609,0.57375515,0.82304406,0.73118186,0.5501598,0.84920675,0.86386114,0.5385112,0.84906816,0.7923052,0.5462513,0.8282924,0.7740385
2023:03:04:19:55:39,up_90_1t_,3.7885334491729736,89.90,81.23,177.86,65.15,0.55025333,0.39886308,0.9721047,0.565924,0.44599164,0.8849955,0.5227292,0.44110084,0.90680444,0.46774268,0.44088507,0.9039866,0.42461056,0.4512488,0.9004803,0.6052456,0.44599536,0.9105546,0.6639526,0.44598627,0.85910255,0.7074405,0.45127627,0.8886021,0.558071,0.6030455,0.8963193,0.54232615,0.602995,0.9022117,0.54613346,0.7131274,0.85028344,0.5461663,0.81790745,0.9328593,0.58158994,0.60305685,0.93208945,0.5815118,0.7183023,0.87504435,0.57772523,0.8177568,0.9471412,0.55006814,0.39362216,0.9437572,0.5580895,0.39373186,0.93728054,0.54647475,0.39382038,0.0533426,0.58152074,0.39895153,0.97464955,0.58164555,0.84912735,0.8808357,0.59337234,0.84387404,0.7879166,0.57376766,0.8230251,0.7345486,0.5501412,0.8491928,0.86732006,0.5384882,0.84904516,0.79261214,0.5462544,0.82826126,0.7779204
2023:03:04:19:55:39,up_90_1t_,3.852362632751465,92.70,81.25,177.86,65.16,0.55024624,0.39883634,0.973314,0.5659178,0.44600868,0.8854654,0.522723,0.44111454,0.9070924,0.46773922,0.44087902,0.902911,0.424591,0.45123723,0.901287,0.60524064,0.44600222,0.91128504,0.6601943,0.44596514,0.8588408,0.7074493,0.44628805,0.8899694,0.5580772,0.6030477,0.8962848,0.5423337,0.60299575,0.9027271,0.54613745,0.7131473,0.8514174,0.5461592,0.8179151,0.93031436,0.58159304,0.603059,0.9331114,0.5815135,0.7183142,0.87638664,0.5777277,0.8177531,0.94560516,0.550062,0.39360037,0.94081193,0.55807376,0.39370716,0.93661726,0.54645157,0.39382675,0.05701133,0.5814965,0.3989426,0.97518396,0.58164966,0.8491132,0.87895226,0.5933706,0.8438541,0.7861445,0.573769,0.82301617,0.7333776,0.5501354,0.84919775,0.8643195,0.5384831,0.8490479,0.78811276,0.546252,0.8282634,0.77751774
2023:03:04:19:55:39,up_90_1t_,3.9138176441192627,92.71,84.14,177.85,65.16,0.5502439,0.39882028,0.97325146,0.5659154,0.44601798,0.8859298,0.5227104,0.44111907,0.90748185,0.4639613,0.4408889,0.901828,0.42457694,0.44627765,0.8999369,0.6052419,0.44600365,0.9117779,0.6601732,0.44115078,0.8616121,0.7074293,0.44626576,0.89324933,0.5580832,0.6030413,0.8973645,0.54233843,0.60298896,0.9045021,0.5461363,0.71313804,0.8515167,0.5461563,0.8179241,0.93062896,0.58160055,0.60305434,0.933852,0.581526,0.7183102,0.87792176,0.57772315,0.8177636,0.94601244,0.5500603,0.39358562,0.93847,0.5580683,0.3936923,0.9359318,0.5464511,0.3938126,0.05674822,0.58149165,0.39893538,0.9752964,0.5816748,0.8491285,0.878209,0.59339345,0.8438638,0.78625906,0.5737572,0.8230316,0.7289911,0.55017257,0.849206,0.86219066,0.53851724,0.84907037,0.7911762,0.5462315,0.82828116,0.7784332
2023:03:04:19:55:39,up_90_1t_,3.97324800491333,89.81,84.09,177.70,69.72,0.5503887,0.39893502,0.96201456,0.56591356,0.44114298,0.8887084,0.5190344,0.44107312,0.92247933,0.4639177,0.44096372,0.8991737,0.42450783,0.4462561,0.89297384,0.6088962,0.44112867,0.9211839,0.66395694,0.44114053,0.86611634,0.7074098,0.44622722,0.89094245,0.55807066,0.60304904,0.9000944,0.5423273,0.60299915,0.90633214,0.54615325,0.7182345,0.8549727,0.5461712,0.8179229,0.9314119,0.58160335,0.60306054,0.9357132,0.5815725,0.7233616,0.8842713,0.577748,0.8177886,0.95092034,0.55014765,0.39368492,0.96134925,0.56201804,0.39377046,0.9299768,0.5463501,0.3937897,0.13084202,0.58158404,0.3989306,0.9746163,0.5816852,0.8491468,0.87794286,0.5934055,0.8438962,0.78874505,0.57378465,0.8230587,0.73909676,0.5501611,0.8492135,0.8693825,0.5385118,0.84906685,0.7976815,0.5462501,0.8282756,0.7792183
2023:03:04:19:55:39,up_90_1t_,4.03109335899353,89.88,81.33,177.82,74.36,0.55409163,0.39882523,0.96375585,0.5658581,0.44113725,0.8881623,0.51899326,0.44105488,0.9326858,0.46392196,0.4409688,0.90149575,0.42089233,0.4512156,0.89211285,0.60525465,0.44111985,0.9203556,0.6601357,0.44113725,0.8668534,0.70737106,0.44624844,0.8946592,0.55807346,0.6030186,0.8995216,0.54233235,0.6029653,0.9064727,0.5461415,0.71315384,0.85253465,0.54616475,0.81791043,0.9336754,0.5816041,0.60303485,0.93574095,0.5815669,0.7183579,0.8818274,0.5777494,0.8177744,0.9516642,0.5502146,0.3935932,0.9675033,0.56591314,0.3936788,0.9300939,0.5462494,0.3937124,0.2462617,0.5816079,0.39884564,0.9740326,0.58168584,0.8491314,0.8785317,0.5934115,0.8438747,0.7880704,0.57378477,0.82304835,0.73879176,0.55015737,0.8492056,0.8695699,0.5385062,0.8490598,0.7973122,0.5462455,0.8282579,0.78191847
2023:03:04:19:55:39,up_90_1t_,4.090933322906494,88.45,82.39,177.84,83.40,0.5619555,0.39875656,0.91861683,0.5620326,0.44601715,0.8886756,0.5188874,0.44109258,0.94574493,0.46775505,0.44096085,0.91352725,0.42456332,0.45128623,0.9099435,0.60889214,0.44112134,0.92152613,0.65627694,0.44111753,0.86583817,0.7073371,0.4462607,0.89774626,0.5580857,0.6030251,0.89888656,0.542351,0.6029844,0.9105799,0.5461336,0.7131315,0.8491049,0.54615873,0.81790215,0.9319307,0.5816053,0.6030177,0.9344746,0.58153766,0.7182768,0.87612325,0.5777343,0.8177505,0.94917476,0.55043185,0.39352024,0.94265777,0.5737518,0.39356318,0.942473,0.5462823,0.39391708,0.83937514,0.58167183,0.39878395,0.9415393,0.58165944,0.84910744,0.8766494,0.5933779,0.84385145,0.785498,0.57377154,0.8230208,0.73718673,0.550155,0.84917855,0.86350054,0.53850377,0.8490406,0.790574,0.5462413,0.82825047,0.77676725
2023:03:04:19:55:39,up_90_1t_,4.15276837348938,88.46,82.39,177.85,83.41,0.56197745,0.39876014,0.91673124,0.56204236,0.44603238,0.888877,0.51888686,0.44110745,0.94156456,0.46778178,0.44097555,0.9144372,0.4245749,0.4513052,0.9096052,0.60890025,0.44112456,0.92255604,0.6600671,0.44111717,0.86496454,0.7073362,0.44626004,0.89647114,0.5580919,0.6030235,0.8973633,0.54235417,0.6029824,0.9100627,0.5461322,0.7131269,0.8483505,0.54616064,0.8178986,0.9323865,0.581612,0.60301554,0.9333576,0.5815404,0.71828187,0.8763399,0.5777374,0.8177535,0.948997,0.55043966,0.3935295,0.9395517,0.5737636,0.393566,0.9428375,0.5462794,0.39394307,0.84565145,0.58167857,0.39878792,0.9349677,0.58165956,0.8491111,0.877082,0.59338146,0.84385675,0.7865733,0.57377696,0.82302594,0.7374355,0.55014646,0.8491853,0.86664003,0.5384949,0.8490421,0.7925448,0.5462466,0.8282485,0.7777462
2023:03:04:19:55:39,up_90_1t_,4.210613250732422,88.47,82.39,177.84,83.38,0.5619522,0.3987506,0.91840434,0.5620583,0.44601816,0.8903108,0.5189016,0.4411105,0.9393755,0.46781203,0.44097564,0.9157821,0.4245886,0.45129216,0.90921277,0.6089002,0.4411115,0.9251525,0.6562725,0.4411109,0.8660664,0.70731527,0.44623548,0.9023888,0.55809444,0.60302675,0.8982208,0.5423543,0.60298634,0.91039443,0.5461379,0.7131511,0.8509022,0.5461592,0.8179121,0.9317073,0.5816164,0.60302085,0.9347495,0.5815485,0.71830434,0.8790393,0.57773787,0.81776386,0.9508769,0.55043316,0.393515,0.9360211,0.573747,0.39354783,0.93900263,0.54628414,0.39391324,0.806428,0.58168036,0.39875913,0.9382416,0.58168405,0.8491128,0.8780973,0.59339875,0.84384835,0.7878032,0.57377017,0.8230389,0.73632896,0.55017024,0.849193,0.86213696,0.5422146,0.84906834,0.79194385,0.5462341,0.828268,0.77901626
2023:03:04:19:55:39,up_90_1t_,4.268051624298096,88.52,82.42,177.83,79.21,0.5581624,0.39395624,0.9225738,0.5620663,0.4460173,0.89310545,0.51892626,0.44110417,0.9401268,0.46779191,0.440997,0.9139039,0.4245729,0.4512443,0.90750563,0.6088761,0.44112247,0.9255703,0.65236676,0.4411075,0.8758495,0.7072016,0.44614187,0.9237545,0.5581045,0.60303015,0.8975786,0.5423568,0.60298765,0.9094521,0.54613626,0.71314585,0.851008,0.54617006,0.81791884,0.93369627,0.5816271,0.6030279,0.93446094,0.5815634,0.718321,0.8803691,0.57774836,0.81776935,0.9511062,0.5504246,0.39344314,0.92763275,0.57372695,0.39348888,0.9295969,0.5463004,0.39382905,0.7482823,0.58169186,0.39871362,0.94144475,0.5817027,0.84912753,0.87784195,0.59343076,0.8438615,0.78793764,0.57377815,0.82304794,0.73445255,0.55018973,0.84921354,0.86354357,0.5422285,0.84909016,0.7970999,0.5462393,0.8282812,0.78136206
2023:03:04:19:55:39,up_90_1t_,4.327891111373901,88.56,82.43,177.83,79.21,0.5581706,0.39394754,0.92099845,0.56206983,0.44602895,0.89259666,0.5189287,0.44110805,0.9389146,0.4677923,0.44098964,0.91449404,0.42458504,0.4512369,0.9055021,0.608879,0.44114476,0.92475444,0.656134,0.44110852,0.87139827,0.7072487,0.44610146,0.9196632,0.5581072,0.6030407,0.89828366,0.5423548,0.6029972,0.9100703,0.5461438,0.7181876,0.85191154,0.5461663,0.8179272,0.93170327,0.5816291,0.60304034,0.93530256,0.58156294,0.7183533,0.8819457,0.57774246,0.81778264,0.95073676,0.5504262,0.39343557,0.92543864,0.5737305,0.39348105,0.92888397,0.546296,0.3938422,0.7618491,0.5816833,0.39871576,0.9424277,0.5817063,0.84913385,0.8741013,0.59342706,0.8438681,0.7854243,0.5737695,0.82305866,0.7315397,0.5502068,0.84921545,0.86441696,0.5422411,0.8491018,0.79996794,0.54622597,0.8282969,0.7786386
2023:03:04:19:55:39,up_90_1t_,4.389725923538208,88.55,82.41,177.83,79.20,0.5581587,0.393947,0.92279917,0.56207037,0.44602394,0.8926797,0.51893735,0.44110784,0.93869954,0.4678154,0.44101432,0.91395825,0.42459163,0.45125774,0.906212,0.60887367,0.4411364,0.9250805,0.65236837,0.44110858,0.87379193,0.7072372,0.4461138,0.920568,0.5580949,0.6030163,0.89791447,0.54234767,0.602968,0.90770346,0.54613596,0.7131429,0.8499464,0.5461626,0.81794024,0.9309483,0.58162045,0.6030242,0.93540114,0.5815622,0.7183215,0.88081545,0.57774395,0.8177975,0.95095545,0.55042094,0.39343598,0.9267744,0.5737205,0.3934796,0.92856914,0.54629976,0.39383656,0.750986,0.5816779,0.39870915,0.9455663,0.5817367,0.8491468,0.872648,0.5934576,0.8438712,0.7851447,0.57376796,0.82308656,0.7288533,0.5502236,0.84923184,0.86098856,0.54225373,0.84912604,0.7995342,0.5462157,0.8283243,0.7793477
2023:03:04:19:55:39,up_90_1t_,4.447571039199829,88.63,82.41,177.84,79.19,0.5581434,0.39396334,0.9244807,0.56206405,0.44602382,0.89280933,0.5189378,0.44110984,0.93869346,0.46782443,0.4409926,0.91652185,0.42458448,0.4512582,0.90976334,0.6052509,0.44113767,0.92472327,0.6523637,0.44111055,0.874609,0.7072486,0.44616494,0.91903406,0.5580885,0.6030368,0.8996874,0.5423432,0.6029899,0.9090879,0.5461346,0.7131517,0.84999853,0.5461587,0.81795865,0.9290644,0.581613,0.60304135,0.9370716,0.58154774,0.71829116,0.8795066,0.5777368,0.8178065,0.9496309,0.5504123,0.39345422,0.9301401,0.5737081,0.39349753,0.92956233,0.54629713,0.3938456,0.7415604,0.5816688,0.3987225,0.9474749,0.58174264,0.8491593,0.8714689,0.593462,0.84388477,0.78279364,0.57375586,0.8231042,0.72271687,0.550261,0.8492387,0.8606585,0.54228526,0.849154,0.8045297,0.5461995,0.82835793,0.77651274
2023:03:04:19:55:39,up_90_1t_,4.5054168701171875,88.57,82.41,177.85,78.78,0.5581381,0.39871073,0.92554677,0.56206053,0.44601497,0.8933583,0.5189402,0.44111627,0.9371482,0.46784678,0.4409811,0.9173486,0.42456117,0.45125994,0.9123476,0.6052427,0.44111764,0.9251559,0.65235054,0.4410722,0.880579,0.70717704,0.44624057,0.9233292,0.5580814,0.6030289,0.9000704,0.54234076,0.6029841,0.9084221,0.54613125,0.71309304,0.8489814,0.54616314,0.81793314,0.9321524,0.5816046,0.603032,0.9363313,0.581543,0.718254,0.8750362,0.57774454,0.8177908,0.9490766,0.5504063,0.39347744,0.9327048,0.5736974,0.39351565,0.9302393,0.54629713,0.39385444,0.7199718,0.5816708,0.39872548,0.9477861,0.58172965,0.8491511,0.87187314,0.5934679,0.8438856,0.7823018,0.57377017,0.8230867,0.7244967,0.550245,0.8492182,0.8634157,0.5422652,0.84912217,0.8041297,0.5462138,0.82832265,0.77717173
2023:03:04:19:55:39,up_90_1t_,4.565256834030151,88.59,82.42,177.86,78.73,0.5580972,0.39870587,0.9312867,0.56206125,0.44602194,0.89256686,0.51895237,0.4411213,0.93631387,0.4678551,0.4409802,0.9174704,0.4245681,0.45124245,0.91278744,0.6052319,0.4411322,0.9220242,0.65236425,0.4411087,0.8756921,0.70717984,0.44624433,0.92071885,0.55806994,0.6030178,0.8996209,0.5423358,0.6029673,0.9064644,0.5461219,0.71305054,0.84689987,0.546162,0.81790215,0.9352069,0.58159184,0.60302556,0.9369801,0.5815306,0.7182392,0.8723321,0.57775,0.81778723,0.94796455,0.5503863,0.39347926,0.93648726,0.57366616,0.393523,0.92905664,0.54629743,0.3938734,0.67906684,0.5816563,0.3987351,0.9502644,0.5817143,0.849146,0.8701986,0.5934658,0.843892,0.781075,0.5737861,0.8230839,0.7282067,0.5502049,0.8491914,0.8642964,0.54222345,0.849078,0.7989242,0.54623085,0.8282711,0.778372
2023:03:04:19:55:39,up_90_1t_,4.627090692520142,88.62,82.41,177.86,79.17,0.55810905,0.3939416,0.929497,0.5620404,0.44602472,0.893201,0.518922,0.44110447,0.94061714,0.4677635,0.44098163,0.91371983,0.4245554,0.45124936,0.90822834,0.6052353,0.4411477,0.9218397,0.6561556,0.44110638,0.8717567,0.7072498,0.44619018,0.9150655,0.5580686,0.6030235,0.8991791,0.54233164,0.6029719,0.9055995,0.5461113,0.7130687,0.8443095,0.5461595,0.8179012,0.93410856,0.5815923,0.6030336,0.93600214,0.5815212,0.71827364,0.87166303,0.57774687,0.8177957,0.9477172,0.5503985,0.39343238,0.92965686,0.5736863,0.39348954,0.92726934,0.5462982,0.39384484,0.7025542,0.5816596,0.39873475,0.95265466,0.5817016,0.849152,0.86991453,0.59344345,0.84390503,0.78167284,0.5737859,0.8230919,0.7309749,0.5501866,0.8491937,0.86672163,0.53851664,0.8490682,0.7996214,0.54623395,0.82827264,0.7778606
2023:03:04:19:55:40,up_90_1t_,4.684936761856079,88.64,82.41,177.86,79.18,0.5581317,0.39394048,0.9266188,0.5620459,0.4460149,0.89305663,0.5189155,0.44108728,0.9427741,0.4639823,0.44096652,0.91251165,0.42452592,0.45124373,0.90668535,0.6052458,0.44114897,0.92305356,0.6561844,0.4411207,0.86848146,0.70728314,0.44616452,0.9119896,0.5580677,0.6030401,0.9001456,0.54232603,0.60298854,0.906042,0.5461153,0.71308553,0.845808,0.5461558,0.81790096,0.9330122,0.5815937,0.6030485,0.9370056,0.5815207,0.71829295,0.8734129,0.5777375,0.81778646,0.947769,0.5504101,0.39342785,0.92699075,0.57370555,0.39348593,0.9281929,0.5462972,0.39384064,0.7152992,0.581671,0.39873633,0.9498337,0.58171207,0.84913474,0.8667268,0.5934471,0.84387636,0.77917844,0.5737701,0.82307845,0.7275094,0.5502137,0.84918284,0.86120117,0.5422348,0.84907734,0.7986391,0.54621595,0.82826966,0.777102
2023:03:04:19:55:40,up_90_1t_,4.7407872676849365,88.66,82.64,177.86,79.20,0.5581416,0.39393574,0.92512566,0.5620343,0.4460103,0.89400333,0.5189084,0.44107974,0.94417036,0.4639471,0.44095203,0.91239417,0.4208891,0.45122755,0.9044273,0.60523945,0.44114825,0.9244533,0.6561399,0.44109705,0.87428075,0.70724034,0.44611064,0.92171603,0.5580667,0.60305,0.9010216,0.5423265,0.6029998,0.90670604,0.54611725,0.71307427,0.84581876,0.5461551,0.8178953,0.93334746,0.5815931,0.603056,0.9375192,0.5815221,0.718294,0.8740498,0.5777382,0.8177858,0.94834125,0.55041814,0.39341834,0.92335993,0.5737169,0.39348364,0.92841774,0.5463028,0.3938232,0.71483207,0.5816789,0.39873713,0.9478365,0.58170855,0.84914196,0.8691326,0.5934477,0.8438841,0.7803456,0.5737701,0.82307637,0.727376,0.5502153,0.84918493,0.86129045,0.5422338,0.8490788,0.79843414,0.54621285,0.8282623,0.77695954
2023:03:04:19:55:40,up_90_1t_,4.798632860183716,91.41,85.43,177.84,79.21,0.55815876,0.39394605,0.9224063,0.56203836,0.44601387,0.8940018,0.51891583,0.4410752,0.9428555,0.4639711,0.44094422,0.9115281,0.42447263,0.4462362,0.9078913,0.6052437,0.44598085,0.92424935,0.6562083,0.44109806,0.8737916,0.70724756,0.44604293,0.9194441,0.5580731,0.6030546,0.9012201,0.5423254,0.60300153,0.9058935,0.54612243,0.7130872,0.8461149,0.54615855,0.81791514,0.9333657,0.5816037,0.60306287,0.93848646,0.58153945,0.71828586,0.8753754,0.577735,0.81779325,0.9495318,0.55042523,0.3934201,0.922071,0.573737,0.39348966,0.9310905,0.5462981,0.3938073,0.7207078,0.5817004,0.3987362,0.94740015,0.5817425,0.84914774,0.869081,0.59347737,0.8438716,0.7805604,0.57375985,0.8230897,0.7225939,0.5502557,0.84919953,0.8558645,0.5422735,0.8491062,0.79917455,0.5461996,0.8282925,0.7779373
2023:03:04:19:55:40,up_90_1t_,4.860494375228882,91.41,85.53,177.84,79.17,0.5581281,0.39394662,0.9262967,0.5620505,0.44601765,0.8931231,0.51893026,0.4410867,0.9410706,0.46396586,0.44094512,0.91123605,0.42088807,0.4462694,0.9062352,0.60524803,0.44598064,0.9237826,0.6562784,0.44108924,0.87339175,0.70730054,0.44605365,0.9114649,0.5580801,0.6030448,0.9002695,0.54233545,0.6029928,0.90719426,0.5461256,0.7130975,0.84695256,0.54615724,0.8179214,0.93274236,0.58160645,0.6030549,0.9376487,0.581546,0.71828806,0.8757384,0.5777357,0.8177894,0.9495706,0.550409,0.39342207,0.9251476,0.57371736,0.39349174,0.93004954,0.54629886,0.39381412,0.68904203,0.58170307,0.3987373,0.9522486,0.58175224,0.8491477,0.87099373,0.59725386,0.8438906,0.782092,0.57375664,0.8230855,0.7218266,0.5502658,0.84920865,0.8551593,0.5422848,0.84911776,0.7990656,0.5461967,0.82829845,0.7786913
2023:03:04:19:55:40,up_90_1t_,4.921939134597778,91.36,82.41,177.84,79.15,0.558112,0.39394054,0.9296285,0.5620548,0.44603074,0.892759,0.5189289,0.44110218,0.9399661,0.46774584,0.44097757,0.9116357,0.42452034,0.4512605,0.90531504,0.6052501,0.4459882,0.92264634,0.6562387,0.44111705,0.87089485,0.7072952,0.44613636,0.90820235,0.5580967,0.60302186,0.8977239,0.54235536,0.6029713,0.9081572,0.54612845,0.7130547,0.8511866,0.5461653,0.8178978,0.93636733,0.581617,0.6030319,0.93646395,0.581561,0.71825194,0.87668335,0.57776034,0.8177836,0.9516765,0.5504052,0.39342174,0.9274272,0.57370496,0.39349326,0.9291275,0.5463072,0.39382407,0.6769006,0.5816959,0.39874783,0.95264673,0.5817014,0.8491578,0.8812921,0.59346277,0.8439068,0.7881291,0.5738009,0.82308346,0.73263556,0.55019623,0.84921014,0.8725001,0.5422148,0.8490892,0.8033376,0.546242,0.8282631,0.77871203
2023:03:04:19:55:40,up_90_1t_,4.980935335159302,91.33,82.43,177.84,79.16,0.5580992,0.3939306,0.9313274,0.5620553,0.44603494,0.89298767,0.5189357,0.44111976,0.9376517,0.4677944,0.44098252,0.91336495,0.42454064,0.45125204,0.90625656,0.6052458,0.44597253,0.9224242,0.65621454,0.44111842,0.8719539,0.7072911,0.44617578,0.90856576,0.55810523,0.60303754,0.8982969,0.5423606,0.6029929,0.91024745,0.5461258,0.7130783,0.8506026,0.5461596,0.8178945,0.93568426,0.58162224,0.6030381,0.9360977,0.58156615,0.7182673,0.87737924,0.5777581,0.81778824,0.95172167,0.55039924,0.39341184,0.92685807,0.57369626,0.39348695,0.927418,0.5463044,0.39381707,0.66525245,0.58169234,0.3987461,0.95287454,0.5816879,0.8491626,0.8818778,0.59344816,0.8439201,0.7894495,0.57380027,0.8230819,0.7347031,0.5501724,0.84920424,0.8729869,0.53849596,0.84906596,0.80108255,0.54624164,0.8282543,0.77772707
2023:03:04:19:55:40,up_90_1t_,5.0427281856536865,91.31,82.45,177.83,79.18,0.5581192,0.39396298,0.9285199,0.5620616,0.44604802,0.89211524,0.5189373,0.4411382,0.9344477,0.46781632,0.44098222,0.91555107,0.4245374,0.4512424,0.91102105,0.6052557,0.44597268,0.9217751,0.6562362,0.44111466,0.8736592,0.7073002,0.44621444,0.9048158,0.558112,0.6030344,0.8973977,0.54236436,0.6029951,0.9113817,0.5461343,0.71308583,0.8532957,0.54615843,0.81789637,0.9350069,0.5816307,0.6030294,0.9346138,0.581582,0.7182984,0.8807409,0.5777622,0.81777906,0.9533415,0.55040675,0.39344534,0.9299037,0.5737078,0.39351028,0.9311602,0.5463067,0.39383468,0.69122845,0.5816966,0.39875126,0.9508521,0.58168435,0.84914416,0.8773426,0.5934355,0.8438986,0.7866185,0.5738018,0.82305914,0.7383701,0.550171,0.8491924,0.87444204,0.53850037,0.8490546,0.8015913,0.5462403,0.8282483,0.77806497
2023:03:04:19:55:40,up_90_1t_,5.104562759399414,88.52,82.45,177.83,83.35,0.56194395,0.39877272,0.9185515,0.562069,0.44604632,0.8904513,0.5189279,0.44113478,0.9355806,0.46781397,0.44098082,0.91747195,0.42453957,0.45123196,0.913386,0.6088834,0.4411426,0.9227237,0.6562188,0.44109258,0.87590975,0.70728856,0.44616878,0.90809643,0.5581091,0.6030281,0.89709294,0.54236245,0.60298985,0.91099834,0.54613644,0.7130757,0.85318154,0.54616535,0.81788594,0.9352956,0.5816257,0.60302085,0.93404335,0.5815765,0.71830505,0.88110507,0.57777005,0.8177798,0.95356286,0.5504353,0.39353088,0.9340904,0.5737516,0.39357,0.94048893,0.5462907,0.39390042,0.77672374,0.5816945,0.3987724,0.94375384,0.58167535,0.8491411,0.8783722,0.5934274,0.84390056,0.7874585,0.573818,0.8230636,0.7405797,0.5501576,0.84918773,0.87717366,0.53848904,0.84904337,0.8024841,0.5462554,0.8282319,0.77825916
2023:03:04:19:55:40,up_90_1t_,5.162448883056641,88.50,82.43,177.84,78.83,0.5581871,0.39876905,0.9202987,0.56206226,0.44602382,0.88991594,0.5189293,0.44111994,0.93813497,0.46779078,0.4409672,0.91728216,0.4245392,0.45124292,0.91213965,0.6088753,0.44111326,0.92408353,0.65621334,0.44108236,0.8784735,0.70727044,0.4461724,0.9108214,0.55810076,0.6029945,0.89363784,0.5423584,0.6029505,0.9054438,0.54613835,0.71302575,0.8525134,0.5461607,0.81788236,0.9345308,0.5816202,0.60299236,0.9319073,0.5815739,0.71825874,0.8775931,0.57777256,0.8177678,0.9541546,0.5504238,0.3935398,0.9393008,0.5737377,0.39357755,0.94136524,0.54628366,0.39391816,0.78847003,0.5816788,0.39878395,0.9431076,0.5816721,0.8491187,0.87796056,0.59342563,0.8438742,0.7867554,0.5738213,0.82305205,0.7422719,0.5501371,0.8491794,0.87322164,0.53847384,0.84902936,0.7965735,0.5462597,0.8282277,0.7783952
2023:03:04:19:55:40,up_90_1t_,5.219297409057617,88.50,82.40,177.86,78.83,0.55818754,0.3987771,0.92070985,0.56205994,0.44601735,0.8890792,0.5189234,0.4411125,0.93832654,0.46776426,0.44094825,0.9172599,0.42447883,0.45130885,0.9094771,0.6088856,0.441116,0.9249133,0.6600578,0.4410705,0.8783619,0.7073646,0.4461727,0.89829385,0.5581048,0.60301346,0.89376044,0.54236805,0.60297114,0.90796685,0.5461381,0.7130224,0.85208863,0.54615074,0.81788313,0.9338474,0.5816166,0.603006,0.93202174,0.58154976,0.7182415,0.87338996,0.5777666,0.8177624,0.95311147,0.550423,0.39354593,0.9430888,0.5737387,0.39358407,0.9441837,0.54629,0.39391395,0.8012167,0.58167815,0.3987728,0.9489519,0.58166903,0.8491215,0.87784654,0.59342664,0.8438764,0.78612554,0.57381505,0.8230523,0.74059564,0.55012167,0.84918195,0.8738357,0.53845125,0.849029,0.7961984,0.5462498,0.8282377,0.7782574
2023:03:04:19:55:40,up_90_1t_,5.278689384460449,88.50,82.59,177.85,78.82,0.55817956,0.39878425,0.92214644,0.56205773,0.44601178,0.8886288,0.5189312,0.44111237,0.9368442,0.46776316,0.4409547,0.917639,0.42088434,0.4513556,0.9057029,0.6088778,0.4411086,0.92400354,0.65627444,0.44107422,0.87843144,0.7073713,0.44617757,0.8974195,0.55810726,0.60301787,0.89389884,0.5423724,0.6029764,0.9090138,0.54613984,0.7130366,0.85236883,0.54615396,0.8178823,0.9352017,0.5816161,0.60300833,0.9313649,0.58155125,0.718238,0.87189615,0.5777651,0.81775707,0.9526522,0.5504194,0.39355558,0.94512725,0.57373285,0.39359298,0.9452369,0.5462913,0.39391705,0.7983161,0.58167344,0.39877582,0.95115626,0.5816753,0.8491154,0.87604105,0.59343296,0.84386647,0.784436,0.57381,0.823046,0.7388085,0.5501256,0.8491767,0.8740788,0.5384557,0.84902436,0.79730695,0.5462484,0.82823676,0.7795069
2023:03:04:19:55:40,up_90_1t_,5.340524196624756,88.49,82.57,177.86,78.80,0.5581647,0.39879534,0.9239578,0.562062,0.44600898,0.8878066,0.5189357,0.44111142,0.93656844,0.46775016,0.4409635,0.91550153,0.42087904,0.45138633,0.9042487,0.6088835,0.44111216,0.9248505,0.66010034,0.44106996,0.8791974,0.70742035,0.4461941,0.8884525,0.55810004,0.60302293,0.894323,0.5423703,0.60297847,0.9084285,0.54614365,0.71306986,0.85280967,0.546157,0.8178924,0.9348628,0.5816077,0.6030163,0.9321865,0.5815424,0.71825856,0.87257177,0.5777661,0.81777054,0.95095235,0.5504132,0.39356536,0.94720936,0.57372314,0.39360648,0.9457598,0.54628855,0.39391065,0.7898505,0.5816666,0.39878216,0.95405775,0.5816801,0.8491275,0.87610185,0.59343225,0.84387827,0.78399605,0.57380986,0.82305676,0.7356117,0.5501541,0.8491785,0.8708751,0.5384867,0.8490338,0.7971944,0.54624337,0.8282426,0.77915454
2023:03:04:19:55:40,up_90_1t_,5.398369073867798,88.59,82.57,177.85,78.63,0.5580172,0.3987799,0.9392291,0.562075,0.44597524,0.8888575,0.5189701,0.44109672,0.93395007,0.46776423,0.4409633,0.91506076,0.4208696,0.45137626,0.90114707,0.6052516,0.4410983,0.92491525,0.6601183,0.44107094,0.87797815,0.7074201,0.44620904,0.889078,0.5581019,0.6030023,0.8935722,0.54237366,0.60295385,0.907943,0.54614246,0.7130365,0.8518958,0.5461628,0.8179209,0.9338244,0.58161104,0.60300225,0.9305549,0.5815466,0.71821785,0.86972684,0.57775915,0.8177894,0.95023286,0.55034375,0.39354914,0.95529777,0.5699204,0.39362153,0.93496025,0.5462991,0.39387855,0.6061895,0.58163565,0.398803,0.9637532,0.58170885,0.84916145,0.87676007,0.5934592,0.8439053,0.78416365,0.5737934,0.8230947,0.72748715,0.5502081,0.8492207,0.86882174,0.5422284,0.8491049,0.80217946,0.5462313,0.82829756,0.77844
2023:03:04:19:55:40,up_90_1t_,5.456214666366577,88.68,82.55,177.86,74.00,0.5541399,0.39877534,0.96201926,0.5620881,0.445969,0.88780344,0.5190127,0.4411073,0.9271973,0.46777567,0.4409698,0.911505,0.4208788,0.45140836,0.8972929,0.60523266,0.44110838,0.92113566,0.660156,0.44111073,0.8696816,0.7110671,0.4462401,0.8834298,0.55809474,0.60303694,0.89517826,0.5423713,0.60298204,0.9087813,0.54613465,0.7130979,0.84804356,0.5461639,0.8179008,0.9333289,0.5816042,0.60304165,0.9319565,0.5815355,0.71829003,0.869161,0.5777549,0.81778944,0.9466373,0.5502423,0.3935496,0.9646415,0.56596094,0.39363712,0.929918,0.54623574,0.39374274,0.31058654,0.58160603,0.39880648,0.97863996,0.5816692,0.84915185,0.87719405,0.59340817,0.84391975,0.7861167,0.5738022,0.82307327,0.73367524,0.5501524,0.84920084,0.86458683,0.5384871,0.8490536,0.7926364,0.54625535,0.8282533,0.77813554
2023:03:04:19:55:40,up_90_1t_,5.516054630279541,88.67,82.56,177.86,74.03,0.5541529,0.39874086,0.9620359,0.56207836,0.44598603,0.88876206,0.51899225,0.4411139,0.9296501,0.4677663,0.44097424,0.9127064,0.4208776,0.45141113,0.8979693,0.60523427,0.4411183,0.9201412,0.6601429,0.44112048,0.8678442,0.7110666,0.4462653,0.8841562,0.5580961,0.6030745,0.8969586,0.54236585,0.60302407,0.9112109,0.54613906,0.71316236,0.8481885,0.5461649,0.8179118,0.9317418,0.5816062,0.6030742,0.9329661,0.5815355,0.71833926,0.8706343,0.57775784,0.81779873,0.9454676,0.550253,0.3935236,0.9625332,0.56597334,0.3936141,0.9286367,0.54622936,0.39376953,0.34598666,0.58159447,0.398812,0.97546816,0.581663,0.84915787,0.8747395,0.5934003,0.8439307,0.7839095,0.5738068,0.8230757,0.7342035,0.5501501,0.8492052,0.8651271,0.5384846,0.84905905,0.791883,0.54625887,0.82826406,0.77591455
2023:03:04:19:55:40,up_90_1t_,5.579883813858032,88.66,82.56,177.85,74.02,0.5541445,0.39874083,0.96232116,0.5620606,0.44598052,0.8891118,0.51898503,0.44109744,0.9315404,0.46777138,0.440969,0.91197145,0.42089376,0.45139602,0.89885,0.6052162,0.44112384,0.91866946,0.66016084,0.44112676,0.86805224,0.71107185,0.44628018,0.8826486,0.5580919,0.6031039,0.89922774,0.54235935,0.6030593,0.91214836,0.54614836,0.71824986,0.8517647,0.5461692,0.81792605,0.93032956,0.5816039,0.60309964,0.93482727,0.5815398,0.71839875,0.8733307,0.577758,0.8178115,0.9444587,0.55025196,0.39351982,0.9607802,0.5659666,0.39362112,0.9284434,0.54622877,0.393756,0.3398158,0.58157885,0.39882708,0.97370774,0.5816697,0.84917134,0.87553596,0.59340185,0.8439506,0.78597033,0.5738081,0.82308507,0.73389125,0.5501573,0.849212,0.8635185,0.5384959,0.8490698,0.79140997,0.5462624,0.8282777,0.7755105
2023:03:04:19:55:40,up_90_1t_,5.637729167938232,92.67,83.93,177.73,71.70,0.55027384,0.39881748,0.9705039,0.5658676,0.44604042,0.88522047,0.51906186,0.44602013,0.9089192,0.46780047,0.44099832,0.90522426,0.424488,0.45137346,0.9004313,0.6052145,0.44597054,0.9147151,0.6639543,0.44112974,0.8625443,0.7110863,0.44626474,0.88763976,0.55809176,0.60311735,0.898193,0.54235727,0.60306406,0.9116953,0.5461483,0.71827966,0.8526228,0.5461734,0.8179265,0.9311485,0.5816032,0.6031222,0.93312407,0.58154726,0.72336847,0.87535655,0.57776123,0.81781125,0.9452482,0.5500634,0.39359748,0.9458304,0.55809176,0.39365968,0.9331095,0.5463891,0.39385834,0.083037436,0.58145684,0.39885122,0.9899704,0.5816763,0.84916514,0.8773519,0.5934096,0.84394014,0.78705645,0.5738101,0.82308376,0.7330858,0.55017215,0.849214,0.8644326,0.5385128,0.8490768,0.7942995,0.5462599,0.82827806,0.77659714
2023:03:04:19:55:41,up_90_1t_,5.693580150604248,91.28,85.35,177.73,75.96,0.5502568,0.39877093,0.9739192,0.5620895,0.44607016,0.8853407,0.5190656,0.44607115,0.905141,0.4678052,0.4409982,0.904214,0.42449343,0.45135844,0.901224,0.6051914,0.44597167,0.9138874,0.6601679,0.44112873,0.86445606,0.7074552,0.4462808,0.8908977,0.5581058,0.60313606,0.89841294,0.5423718,0.603085,0.91452813,0.5461506,0.718294,0.85349274,0.54617447,0.8179353,0.93037474,0.58161,0.60314107,0.9339607,0.5815465,0.7233871,0.8763857,0.5777579,0.817816,0.945102,0.54648703,0.39356214,0.942847,0.558063,0.3936152,0.93146086,0.54638183,0.39389163,0.07968878,0.5778865,0.39883044,0.98975724,0.5816739,0.84916776,0.87704825,0.5934032,0.8439431,0.78712875,0.5738049,0.8230848,0.7326331,0.55016667,0.84921956,0.8658396,0.53850687,0.84908223,0.7950399,0.5462603,0.8282925,0.7765038
2023:03:04:19:55:41,up_90_1t_,5.753419637680054,89.98,84.04,177.73,71.45,0.55006385,0.39886504,0.9734182,0.5658811,0.4460958,0.88244164,0.52271295,0.44607016,0.90033406,0.46784922,0.44105205,0.89980143,0.42450893,0.45143023,0.8969028,0.6052114,0.4459749,0.91347927,0.6601956,0.44112447,0.8697062,0.7110734,0.45125487,0.88692355,0.5581076,0.60311574,0.89643025,0.542371,0.603064,0.9131107,0.546147,0.7182845,0.85304177,0.5461693,0.81794375,0.9289031,0.5816126,0.603119,0.9315702,0.5815491,0.7233687,0.8753621,0.5777605,0.8178313,0.9452541,0.5463414,0.39361757,0.905392,0.55414355,0.39370626,0.95671505,0.0,0.0,0.0,0.57782584,0.3988919,0.98525596,0.5816711,0.8491893,0.87667704,0.593399,0.84397095,0.78679466,0.5738086,0.8231078,0.7351309,0.550154,0.8492263,0.86563635,0.53849745,0.849085,0.7930398,0.5462626,0.8283012,0.77464724
2023:03:04:19:55:41,up_90_1t_,5.8152546882629395,89.98,84.04,177.73,71.45,0.55006385,0.39886504,0.9734182,0.5658811,0.4460958,0.88244164,0.52271295,0.44607016,0.90033406,0.46784922,0.44105205,0.89980143,0.42450893,0.45143023,0.8969028,0.6052114,0.4459749,0.91347927,0.6601956,0.44112447,0.8697062,0.7110734,0.45125487,0.88692355,0.5581076,0.60311574,0.89643025,0.542371,0.603064,0.9131107,0.546147,0.7182845,0.85304177,0.5461693,0.81794375,0.9289031,0.5816126,0.603119,0.9315702,0.5815491,0.7233687,0.8753621,0.5777605,0.8178313,0.9452541,0.5463414,0.39361757,0.905392,0.55414355,0.39370626,0.95671505,0.0,0.0,0.0,0.57782584,0.3988919,0.98525596,0.5816711,0.8491893,0.87667704,0.593399,0.84397095,0.78679466,0.5738086,0.8231078,0.7351309,0.550154,0.8492263,0.86563635,0.53849745,0.849085,0.7930398,0.5462626,0.8283012,0.77464724
2023:03:04:19:55:41,up_90_1t_,5.874643325805664,90.06,81.13,177.74,67.63,0.54646474,0.39887887,0.97031033,0.5658981,0.4461084,0.8822656,0.52271163,0.4461072,0.89599377,0.46782774,0.44106793,0.8983333,0.42448652,0.4564784,0.8885864,0.60522854,0.4411424,0.9166587,0.66396236,0.4411328,0.8671585,0.7110931,0.44629404,0.8856521,0.5580979,0.6031169,0.89697313,0.54235655,0.603067,0.90951025,0.54615134,0.71830314,0.85328746,0.54617256,0.81793505,0.9289605,0.5816129,0.60312164,0.93289304,0.58155245,0.72339696,0.8776336,0.57777154,0.8178355,0.94441795,0.54628456,0.393608,0.8758655,0.55408496,0.39369982,0.95905817,0.0,0.0,0.0,0.5778031,0.3988465,0.98267937,0.5816616,0.84918886,0.8758943,0.5933913,0.843982,0.7863805,0.5738294,0.82311535,0.7348738,0.5501436,0.8492188,0.87037724,0.5384845,0.8490722,0.79531,0.54627097,0.8282877,0.7733911
2023:03:04:19:55:41,up_90_1t_,5.932488918304443,85.83,82.53,177.72,71.76,0.54645675,0.3987297,0.97544193,0.56208813,0.44612637,0.88283587,0.52270764,0.44613686,0.89601576,0.46787667,0.44109383,0.8986203,0.42453402,0.45648596,0.8942987,0.60518944,0.44114086,0.9169317,0.660156,0.44115746,0.86469233,0.707412,0.45121208,0.89460564,0.5580991,0.60317385,0.89815485,0.54236144,0.60313475,0.91243374,0.5461603,0.7183573,0.8552357,0.5461857,0.8179568,0.9260844,0.58160436,0.6031758,0.93272656,0.58155435,0.7234404,0.8790451,0.5777549,0.8178249,0.94564116,0.54627424,0.39346114,0.87133586,0.5540812,0.39356402,0.9550917,0.0,0.0,0.0,0.5777903,0.39880463,0.98427224,0.58167493,0.84916955,0.877044,0.59338236,0.8439428,0.78811985,0.5737998,0.82309383,0.73441464,0.5501642,0.8492397,0.8602799,0.53852296,0.8491005,0.7899975,0.5462719,0.82831836,0.77327454
2023:03:04:19:55:41,up_90_1t_,5.9938037395477295,88.53,82.50,177.72,71.76,0.5464392,0.39869967,0.9767527,0.56208944,0.44614416,0.88235295,0.5227133,0.44615832,0.8927872,0.46785685,0.44109058,0.89867246,0.4245146,0.45654464,0.893693,0.60519236,0.44597772,0.91633666,0.66015756,0.44115862,0.863134,0.7074215,0.45121118,0.892265,0.55808306,0.6031678,0.8987858,0.54235244,0.6031277,0.91011864,0.5461547,0.7183411,0.8538017,0.54618204,0.8179466,0.9259632,0.58158976,0.60317045,0.93358016,0.58154774,0.7234241,0.87752724,0.5777603,0.8178291,0.94399095,0.5462582,0.39342296,0.8650081,0.55046725,0.39353088,0.9544786,0.0,0.0,0.0,0.57778996,0.3987841,0.98350596,0.5816581,0.84917897,0.8813014,0.59337646,0.8439628,0.7904797,0.57381254,0.82309514,0.7367985,0.5501388,0.8492346,0.86275566,0.5384919,0.8490838,0.78884095,0.54628146,0.8282989,0.77277905
2023:03:04:19:55:41,up_90_1t_,6.0576331615448,88.52,82.27,177.71,71.75,0.54639304,0.3986962,0.97856855,0.562048,0.4461612,0.8838213,0.5190597,0.44616094,0.89546615,0.4678083,0.44110906,0.8943343,0.4244806,0.45657557,0.89207333,0.6051926,0.44598848,0.91768813,0.6601521,0.44116116,0.86402166,0.7074326,0.45122203,0.88843155,0.55807537,0.60319966,0.9004303,0.5423395,0.6031662,0.9097928,0.54615015,0.7183808,0.8544409,0.5461742,0.817964,0.9256833,0.5815892,0.6031986,0.93380857,0.5815539,0.72346187,0.8808601,0.5777569,0.8178467,0.9443017,0.5462075,0.39341688,0.86466575,0.5504283,0.39352244,0.9590992,0.0,0.0,0.0,0.57776934,0.3987757,0.98349136,0.58169425,0.8492013,0.8757583,0.59341246,0.84397924,0.78732646,0.5737991,0.8231233,0.73085916,0.55018276,0.84924275,0.8620456,0.5422225,0.8491192,0.7937871,0.54625106,0.82832336,0.7741305
2023:03:04:19:55:41,up_90_1t_,6.115478754043579,88.51,82.28,177.70,71.77,0.5464068,0.39870214,0.97687936,0.56202257,0.44616207,0.8839805,0.5190441,0.4461462,0.8988399,0.46782237,0.441126,0.89344263,0.42448813,0.45655125,0.8917976,0.60516965,0.4459858,0.9174719,0.66014487,0.44115734,0.86671925,0.7074357,0.45121932,0.8883906,0.55807924,0.6031934,0.9001954,0.54234296,0.6031637,0.91002214,0.5461579,0.7183981,0.85701656,0.54617256,0.8179922,0.92453533,0.5815935,0.60318863,0.9330602,0.58156586,0.723455,0.8818863,0.5777549,0.81785274,0.9452021,0.5462138,0.3934282,0.86980367,0.5504379,0.39352542,0.9573859,0.0,0.0,0.0,0.5777638,0.39877176,0.98282313,0.5817288,0.84919775,0.8729916,0.59344053,0.8439591,0.7849615,0.573786,0.82313794,0.7244018,0.55023164,0.84926355,0.85966027,0.5422668,0.8491638,0.7981206,0.5462302,0.82836896,0.77527624
2023:03:04:19:55:41,up_90_1t_,6.171363830566406,85.80,82.29,177.69,75.82,0.55009675,0.39883053,0.9694364,0.5620023,0.44611284,0.88639426,0.51898104,0.44608057,0.91059476,0.46776006,0.44109046,0.8966839,0.42447153,0.45648032,0.89578944,0.60514456,0.44114777,0.91477394,0.66014326,0.44116026,0.86729187,0.707462,0.4512375,0.8860791,0.558072,0.6031594,0.9006902,0.5423388,0.6031319,0.90981853,0.5461603,0.7233522,0.8589244,0.54617655,0.81798947,0.9251818,0.58159304,0.6031477,0.9339635,0.5815818,0.72345126,0.88576186,0.57776016,0.8178597,0.9459216,0.5463342,0.3935916,0.9244782,0.5541729,0.39363718,0.9477781,0.0,0.0,0.0,0.5777923,0.3988153,0.98068535,0.5817341,0.8492049,0.872526,0.5934466,0.8439677,0.78538966,0.57379436,0.82315,0.72428334,0.5502415,0.8492619,0.86103606,0.54227436,0.8491625,0.8000288,0.5462346,0.8283676,0.7737807
2023:03:04:19:55:41,up_90_1t_,6.235159158706665,84.42,83.88,177.68,80.41,0.55025893,0.39877123,0.97745794,0.5581854,0.44609815,0.88927335,0.51892596,0.44604203,0.9213292,0.4639583,0.44106874,0.90217614,0.420884,0.4564745,0.89749986,0.60511804,0.4411419,0.9146712,0.6601102,0.44115093,0.86681026,0.70743215,0.45121038,0.892844,0.5580679,0.60318863,0.9013193,0.54233694,0.6031591,0.91105217,0.5461562,0.7233646,0.8595866,0.5461745,0.81798553,0.9245947,0.58158803,0.6031794,0.9345902,0.5815774,0.7234687,0.8867227,0.5777522,0.81785977,0.94497466,0.54646105,0.3935611,0.95402133,0.55806655,0.3935939,0.9278729,0.54616433,0.39382023,0.16477084,0.5778241,0.39878803,0.9814116,0.5817268,0.8492104,0.87408423,0.59343773,0.8439762,0.78729564,0.57378423,0.82314605,0.72400784,0.550239,0.84925634,0.8608513,0.5422707,0.84915674,0.79951215,0.5462325,0.8283633,0.7725465
2023:03:04:19:55:41,up_90_1t_,6.298527240753174,87.16,83.59,177.68,80.56,0.55039734,0.3987351,0.97111,0.5581755,0.4460565,0.89044803,0.51892674,0.44598278,0.9299749,0.46396858,0.4410689,0.90327466,0.42448223,0.4565297,0.90253824,0.6051077,0.44111487,0.9117288,0.6600573,0.44110742,0.87060404,0.7074021,0.4462736,0.89981,0.5580597,0.6032273,0.900977,0.5423244,0.603197,0.9094589,0.5461429,0.7233521,0.8580711,0.5461736,0.81796163,0.92735916,0.5815825,0.60321504,0.9347532,0.58158386,0.72347707,0.8869686,0.577768,0.81785285,0.9478272,0.55012816,0.3935213,0.9632907,0.56201035,0.3935911,0.918932,0.5461464,0.39377472,0.30537432,0.5778869,0.39880502,0.9824144,0.58171797,0.8491997,0.8779619,0.59344494,0.8439738,0.7906202,0.5738104,0.8231446,0.73208743,0.5501939,0.84925026,0.8658745,0.54222745,0.84913313,0.7976313,0.5462532,0.8283312,0.774482
2023:03:04:19:55:41,up_90_1t_,6.358367443084717,87.15,83.59,177.69,80.62,0.5504596,0.39872172,0.96652937,0.55817074,0.44605738,0.8907063,0.5189152,0.44596842,0.93456274,0.4639703,0.4410703,0.9043515,0.42449728,0.45651573,0.9025908,0.6051141,0.44111672,0.9113706,0.6562766,0.44112647,0.86873335,0.70739216,0.44627216,0.8975898,0.5580709,0.6032682,0.9012763,0.5423215,0.6032394,0.90962386,0.54612297,0.71837276,0.85272944,0.5461698,0.8179371,0.92946583,0.5815936,0.60325384,0.9359509,0.581576,0.72345895,0.88463306,0.577762,0.8178336,0.94930357,0.55017173,0.39350462,0.9642148,0.5658586,0.3935847,0.9180424,0.54614115,0.3937863,0.38740778,0.58146036,0.39880803,0.9740741,0.5816986,0.84918386,0.88256925,0.5934252,0.8439532,0.7931915,0.5738054,0.8231127,0.73630804,0.5501688,0.84923047,0.8623618,0.5385166,0.84909505,0.7912406,0.54625857,0.8282946,0.776468
2023:03:04:19:55:41,up_90_1t_,6.414217472076416,87.15,80.71,177.72,78.45,0.55414015,0.39396688,0.9617444,0.558158,0.4460405,0.89153314,0.51888716,0.44112042,0.9413744,0.46394026,0.44105428,0.9074981,0.42447248,0.45650357,0.89789695,0.6051257,0.44110158,0.91395646,0.65626705,0.44111466,0.8673181,0.7073682,0.4462578,0.9029595,0.55806595,0.6032789,0.9001581,0.54231596,0.6032443,0.9072838,0.5461179,0.7183693,0.8506954,0.5461731,0.81790435,0.9296489,0.58158785,0.6032661,0.935889,0.58154166,0.7235009,0.88456464,0.577754,0.8178367,0.9456215,0.5502253,0.39347094,0.9610809,0.5659595,0.3935515,0.9180836,0.5461703,0.39384645,0.5236764,0.58148223,0.3987893,0.9633274,0.58166367,0.84919053,0.8793204,0.59338474,0.843976,0.79102457,0.5738089,0.823107,0.7384554,0.5501483,0.84921557,0.8662207,0.5384929,0.8490714,0.7925339,0.54627436,0.82825166,0.7738684
2023:03:04:19:55:41,up_90_1t_,6.47405743598938,87.13,80.70,177.75,78.05,0.5541789,0.3987328,0.9610084,0.55815285,0.44603652,0.89153266,0.518889,0.44111207,0.94160414,0.4639619,0.44106677,0.90634674,0.4244963,0.45650724,0.9037663,0.60510695,0.44110405,0.91032565,0.65621763,0.44110775,0.8732178,0.70733684,0.44628856,0.8977965,0.5580591,0.60324,0.9001335,0.5423152,0.6032048,0.90684927,0.5461089,0.71826535,0.8499047,0.5461697,0.8178819,0.9325847,0.581581,0.6032261,0.9361601,0.5815192,0.72346777,0.8821509,0.5777625,0.8178496,0.9454159,0.5502452,0.39351308,0.96789634,0.5697541,0.39358786,0.92330444,0.5461843,0.3938719,0.56740326,0.58150524,0.39879468,0.9601297,0.5816594,0.84920466,0.87256706,0.5933885,0.8439924,0.78440946,0.5738245,0.8231401,0.7360676,0.5501511,0.8492054,0.8715273,0.5384873,0.849062,0.7980335,0.5462721,0.82823426,0.7747625
2023:03:04:19:55:41,up_90_1t_,6.539881467819214,84.33,81.02,177.76,78.08,0.55419695,0.3987407,0.9603833,0.5581411,0.44603026,0.8915379,0.51888967,0.44110247,0.941766,0.4639435,0.4410777,0.90529776,0.4209045,0.4565402,0.9033294,0.6050891,0.44110265,0.90882605,0.6561792,0.44111264,0.8775804,0.70727926,0.45130646,0.8959985,0.5580563,0.6032204,0.8996073,0.54231757,0.6031823,0.9067177,0.5460992,0.7182427,0.8479197,0.5461581,0.8178769,0.93121165,0.58157176,0.60321194,0.93586737,0.5814999,0.72346,0.8807935,0.5777496,0.8178543,0.9441935,0.5502549,0.39351782,0.9691892,0.5697784,0.39359617,0.92631197,0.5461863,0.39387348,0.5951904,0.5815123,0.39879534,0.9574773,0.5816642,0.8492125,0.8679267,0.5933851,0.8439968,0.781306,0.573808,0.82315147,0.7352166,0.5501601,0.84919584,0.8702231,0.53849256,0.8490571,0.7991408,0.5462527,0.8282338,0.77381784
2023:03:04:19:55:41,up_90_1t_,6.597726821899414,81.41,80.70,177.76,78.11,0.55419725,0.3987507,0.9596238,0.5581239,0.44600752,0.89318794,0.51888126,0.4410899,0.94366723,0.46394977,0.44599155,0.8891628,0.42448404,0.45651728,0.9004971,0.60508245,0.4410917,0.9075892,0.65623575,0.44596314,0.87098,0.7072968,0.4565824,0.8887762,0.5580604,0.6032772,0.8972838,0.54231036,0.6032401,0.9042852,0.54611003,0.7182642,0.8458464,0.54617596,0.81784326,0.92879367,0.5815772,0.6032682,0.9337616,0.5814888,0.7235112,0.881211,0.57772833,0.81784385,0.9406082,0.55025214,0.39352173,0.97078323,0.56978154,0.39360166,0.9276094,0.5461775,0.39385453,0.59917825,0.58151424,0.39878097,0.95769787,0.5816459,0.8491939,0.8640268,0.5933547,0.8439751,0.7805775,0.57378465,0.82311916,0.73413664,0.5501695,0.8491798,0.86363506,0.53850764,0.8490383,0.7960679,0.54626334,0.8281871,0.77123827
2023:03:04:19:55:42,up_90_1t_,6.655571937561035,78.62,80.68,177.76,78.12,0.5542023,0.39876974,0.95916176,0.55812246,0.4460095,0.8924079,0.5188794,0.44109404,0.94368416,0.46397144,0.44603434,0.8848484,0.42448786,0.45655003,0.89961994,0.605077,0.44108465,0.9070296,0.6561686,0.4459991,0.8707718,0.707194,0.4616741,0.8960071,0.5580644,0.6032419,0.895927,0.5423153,0.6032052,0.9049753,0.54611003,0.7182184,0.8449167,0.5461761,0.81784016,0.9305141,0.5815791,0.60322917,0.9314828,0.5814926,0.7234867,0.88033026,0.57773787,0.8178445,0.94074476,0.55025357,0.39353812,0.97335386,0.5697879,0.3936194,0.9296385,0.5461731,0.39385954,0.60899615,0.58151853,0.39879137,0.9575797,0.581664,0.8492047,0.8657387,0.59339315,0.84398246,0.7814113,0.57379514,0.8231308,0.7309187,0.5501839,0.84918904,0.8651802,0.5385157,0.84904957,0.7991182,0.5462594,0.8281913,0.77183425
2023:03:04:19:55:42,up_90_1t_,6.717406749725342,81.40,80.67,177.80,78.10,0.5542113,0.39877707,0.95764077,0.5581356,0.44601196,0.8901775,0.51888037,0.4410882,0.9434881,0.46394503,0.44113764,0.8968438,0.42447683,0.45656353,0.9020157,0.60508484,0.4410899,0.90726864,0.65619755,0.44598088,0.8713145,0.70722383,0.45658243,0.89595366,0.5580769,0.6031854,0.8918328,0.5423421,0.6031443,0.9060426,0.5460993,0.7130987,0.84232396,0.54617774,0.8178101,0.93305016,0.58156735,0.60318017,0.9287106,0.58145756,0.7234042,0.87110204,0.57774156,0.817822,0.94108754,0.5502596,0.39354458,0.97343796,0.5697981,0.39362714,0.930524,0.54618204,0.39386797,0.61745346,0.5815229,0.39880204,0.9577514,0.5816243,0.8491961,0.8708552,0.59337646,0.843978,0.78305846,0.57381254,0.82311463,0.7364631,0.55015385,0.84916955,0.870384,0.53848344,0.8490171,0.79844874,0.5462867,0.82320905,0.77240866
2023:03:04:19:55:42,up_90_1t_,6.7792418003082275,81.42,80.68,177.81,78.11,0.55421364,0.39877382,0.9581409,0.55813986,0.44600853,0.8902857,0.51888543,0.44108894,0.9425769,0.4639467,0.4411348,0.8975865,0.42447194,0.45655063,0.90265006,0.60509026,0.4410869,0.9077289,0.6562143,0.44596404,0.8702394,0.7072756,0.45653328,0.8915595,0.5580859,0.6031667,0.8912162,0.5423513,0.603123,0.9064008,0.54610157,0.71305996,0.8426149,0.5461696,0.8178193,0.9332611,0.5815733,0.6031641,0.92934024,0.5814475,0.7233835,0.8704889,0.57773703,0.81782246,0.9423783,0.55026203,0.3935422,0.9733757,0.5698035,0.39362517,0.9311192,0.5461862,0.39386702,0.6148057,0.5815284,0.39880207,0.9581203,0.5816465,0.8491937,0.87014043,0.5933889,0.84396464,0.7822699,0.5737998,0.8231202,0.73362327,0.55017966,0.8491717,0.8683764,0.5385088,0.84902906,0.7996848,0.54626155,0.82817376,0.7740736
2023:03:04:19:55:42,up_90_1t_,6.835093259811401,81.45,80.68,177.82,78.11,0.5542172,0.39876923,0.95740485,0.55813897,0.44601825,0.89012975,0.5188808,0.44109738,0.9419091,0.46393776,0.44113043,0.8979066,0.42446685,0.45655772,0.9012902,0.60509396,0.44109014,0.90682083,0.6562114,0.44116303,0.86873716,0.70726216,0.4564789,0.89254075,0.5580826,0.6031643,0.8916185,0.54235417,0.6031218,0.90803427,0.54609895,0.7130686,0.84206706,0.5461718,0.81781375,0.9323145,0.58156645,0.6031589,0.9287212,0.581439,0.72340125,0.8714362,0.5777408,0.8178201,0.94191295,0.55026215,0.39353698,0.9730508,0.5698087,0.39361838,0.9306179,0.5461838,0.39386877,0.62581354,0.5815302,0.3987997,0.9577703,0.5816459,0.84918743,0.8701242,0.59339184,0.84396034,0.78319377,0.57380915,0.82312375,0.73628783,0.5501616,0.8491654,0.87066716,0.538489,0.8490175,0.7997124,0.54627633,0.82321805,0.7736432
2023:03:04:19:55:42,up_90_1t_,6.891490459442139,81.48,80.68,178.33,78.11,0.5542297,0.39877632,0.9558541,0.55814326,0.4460253,0.88984096,0.5188862,0.44109762,0.9427648,0.4639692,0.44598392,0.89119333,0.4244754,0.4565474,0.9026234,0.6050992,0.44110003,0.90648144,0.6562134,0.4411555,0.8700022,0.7072735,0.45645085,0.89050597,0.5580828,0.60314494,0.8908054,0.54236233,0.60309845,0.90790224,0.54610705,0.71305704,0.84283185,0.54617125,0.81781435,0.9321056,0.5815587,0.60314196,0.92919403,0.5778761,0.723387,0.86992383,0.577734,0.8178073,0.94043684,0.5502666,0.3935469,0.97261155,0.5698242,0.3936232,0.93165934,0.5461801,0.39387998,0.65528476,0.5815295,0.39880148,0.9551737,0.5816391,0.84916884,0.8696772,0.59338415,0.8439335,0.7817509,0.573801,0.82310605,0.73439157,0.55016005,0.8491574,0.8676515,0.53848946,0.8490106,0.79681367,0.54627514,0.8232186,0.7743037
2023:03:04:19:55:42,up_90_1t_,6.951330184936523,81.45,80.68,178.31,78.15,0.5542455,0.3987591,0.9527545,0.5581262,0.446059,0.8910351,0.51887274,0.4411257,0.940411,0.46398705,0.44604743,0.8845612,0.42448127,0.45657247,0.8994192,0.60508597,0.44111267,0.90434045,0.6561627,0.4459662,0.86968166,0.70721996,0.45650014,0.8943906,0.5580666,0.60318327,0.89245987,0.5423383,0.60314435,0.9075192,0.5460848,0.71306163,0.84081566,0.5461671,0.8178007,0.9321147,0.58154356,0.6031777,0.92970955,0.5778592,0.72340375,0.8680991,0.5777531,0.8178036,0.9384794,0.5502741,0.39353314,0.9669771,0.5698445,0.39360675,0.93055147,0.54618037,0.39387897,0.69129217,0.5815294,0.39879844,0.9478369,0.5816054,0.84918445,0.87118983,0.5933796,0.8439763,0.78310907,0.57384396,0.8231091,0.74000454,0.5501141,0.8491624,0.8785444,0.5384272,0.8489982,0.79914284,0.54630053,0.8231973,0.77122736
2023:03:04:19:55:42,up_90_1t_,7.014828443527222,81.42,80.67,178.31,78.16,0.5542663,0.3987639,0.9495333,0.5581227,0.4460684,0.8899045,0.51887244,0.44112495,0.9427274,0.46399015,0.4460603,0.88354903,0.4244724,0.4566074,0.89910567,0.6050865,0.44112852,0.90366375,0.6561486,0.4459888,0.86910415,0.7071992,0.456575,0.89571875,0.55807126,0.6031622,0.89116925,0.5423407,0.60311985,0.90657854,0.5460752,0.7130304,0.83809435,0.54616743,0.81779206,0.9317739,0.58154887,0.60315716,0.9289791,0.577866,0.72338235,0.86603737,0.5777543,0.81779397,0.9393408,0.5502872,0.39353627,0.96527046,0.5698709,0.39361072,0.931906,0.54618585,0.39387962,0.7192817,0.5815378,0.3988093,0.94455653,0.5816043,0.8491736,0.8705479,0.59337974,0.843961,0.7823558,0.57384664,0.82310057,0.7409531,0.5501105,0.84915936,0.87765765,0.5384239,0.84899354,0.79752415,0.54630417,0.82318664,0.7713455
2023:03:04:19:55:42,up_90_1t_,7.072673320770264,81.25,80.90,178.34,89.88,0.55814856,0.39872786,0.9248364,0.5580779,0.44612944,0.8916638,0.518834,0.4459868,0.94384944,0.4639384,0.44602498,0.8873166,0.42086944,0.46168956,0.897555,0.60506546,0.44597167,0.90117866,0.65232146,0.44602644,0.8729682,0.7071048,0.46167606,0.8953058,0.558083,0.603185,0.891979,0.54234564,0.6031527,0.90827686,0.5460735,0.71307105,0.83629704,0.5461677,0.8178163,0.9302858,0.5815619,0.60316646,0.9293726,0.5778965,0.7234084,0.86917806,0.5777536,0.817812,0.9401983,0.5503952,0.3934869,0.9481708,0.57369465,0.39358497,0.9397937,0.5462213,0.39388913,0.88995886,0.5815791,0.39884394,0.91498566,0.58161306,0.8491893,0.8707142,0.5933783,0.8439778,0.78210604,0.57383555,0.82310957,0.74058807,0.55013037,0.8491764,0.87482005,0.53845394,0.84901786,0.7978325,0.5462957,0.8232112,0.769951
2023:03:04:19:55:42,up_90_1t_,7.130518674850464,81.25,80.91,177.83,99.12,0.56586087,0.3989039,0.9055488,0.55806124,0.44617102,0.88675576,0.5188306,0.44600272,0.9415629,0.46390736,0.44597283,0.88629967,0.42082626,0.4617128,0.8929646,0.6050914,0.44603178,0.8973261,0.652341,0.44604063,0.8703061,0.7071164,0.4617015,0.8958955,0.5581046,0.6031782,0.8902514,0.54235643,0.6031428,0.90767014,0.54606915,0.7130582,0.8336613,0.5461724,0.8177859,0.929818,0.5815868,0.6031624,0.9300181,0.5814509,0.7233989,0.8703753,0.5777685,0.817802,0.93991756,0.55409324,0.39361617,0.9453512,0.5738375,0.39370695,0.9581244,0.5461961,0.39390963,0.9366455,0.5816241,0.39885572,0.85878086,0.581576,0.8491818,0.86930645,0.59335977,0.8439864,0.7807476,0.5774672,0.8231019,0.7456525,0.5500849,0.84916437,0.87657464,0.5383968,0.84406346,0.7936949,0.54632187,0.823169,0.76821446
2023:03:04:19:55:42,up_90_1t_,7.190359115600586,81.21,80.93,177.83,108.16,0.57372516,0.39886338,0.9389852,0.5580642,0.4461781,0.8942396,0.5188617,0.44607523,0.93563455,0.4639471,0.44596574,0.88221425,0.4208214,0.46179157,0.89202535,0.6050958,0.4459912,0.905731,0.652235,0.4460423,0.87703437,0.7070852,0.4616931,0.8964903,0.558175,0.603209,0.88818634,0.5424075,0.6031952,0.9148467,0.54608506,0.713074,0.83673185,0.5461678,0.81781715,0.93233526,0.5816421,0.6031738,0.9292271,0.5814791,0.7233829,0.8723332,0.57777405,0.8178225,0.94452214,0.55808276,0.39362258,0.9176367,0.5776612,0.39361927,0.9633767,0.5462426,0.39391676,0.9804877,0.5817267,0.39873433,0.39193198,0.58164346,0.8491924,0.8758897,0.59341604,0.84397566,0.7857859,0.5738547,0.8231367,0.7436257,0.5501169,0.84919024,0.87588793,0.5384397,0.8490261,0.79763407,0.5462991,0.82321256,0.7734968
2023:03:04:19:55:42,up_90_1t_,7.251781702041626,78.57,80.90,177.83,112.66,0.5778871,0.3990119,0.96981615,0.558133,0.44612604,0.8921306,0.5188722,0.44606897,0.9371568,0.46392038,0.44597906,0.8777083,0.42075282,0.4618289,0.88665766,0.6051428,0.44113773,0.92178464,0.6485011,0.44604522,0.8758364,0.70707,0.4617041,0.9026244,0.5581914,0.60326,0.88839984,0.5424094,0.6032567,0.9172241,0.54609895,0.7131372,0.8378235,0.54615784,0.81788045,0.92959565,0.5816608,0.60320944,0.93004566,0.5814819,0.7234308,0.8766408,0.5777631,0.8178588,0.9431789,0.5737483,0.3937916,0.9351254,0.58160675,0.3937664,0.8541715,0.5500436,0.39877957,0.9890923,0.0,0.0,0.0,0.58168167,0.84921247,0.8688903,0.5934276,0.84398395,0.78146285,0.57382333,0.82317287,0.7332973,0.5501777,0.8492241,0.8753757,0.53850454,0.84908885,0.8047484,0.54625374,0.82825077,0.77374864
2023:03:04:19:55:42,up_90_1t_,7.309669733047485,78.57,80.90,177.83,112.66,0.5778871,0.3990119,0.96981615,0.558133,0.44612604,0.8921306,0.5188722,0.44606897,0.9371568,0.46392038,0.44597906,0.8777083,0.42075282,0.4618289,0.88665766,0.6051428,0.44113773,0.92178464,0.6485011,0.44604522,0.8758364,0.70707,0.4617041,0.9026244,0.5581914,0.60326,0.88839984,0.5424094,0.6032567,0.9172241,0.54609895,0.7131372,0.8378235,0.54615784,0.81788045,0.92959565,0.5816608,0.60320944,0.93004566,0.5814819,0.7234308,0.8766408,0.5777631,0.8178588,0.9431789,0.5737483,0.3937916,0.9351254,0.58160675,0.3937664,0.8541715,0.5500436,0.39877957,0.9890923,0.0,0.0,0.0,0.58168167,0.84921247,0.8688903,0.5934276,0.84398395,0.78146285,0.57382333,0.82317287,0.7332973,0.5501777,0.8492241,0.8753757,0.53850454,0.84908885,0.8047484,0.54625374,0.82825077,0.77374864
2023:03:04:19:55:42,up_90_1t_,7.369466304779053,85.45,79.51,177.84,112.45,0.58158815,0.39882573,0.97855586,0.56193393,0.44615498,0.8926269,0.5188878,0.44607568,0.9330914,0.4638966,0.44600376,0.8776925,0.42073128,0.46179718,0.886642,0.6051627,0.44600353,0.9171384,0.65233195,0.44596022,0.8807806,0.70714355,0.4566085,0.9042545,0.558125,0.60322934,0.8911346,0.54235154,0.6032208,0.9062606,0.5460995,0.7131157,0.8380165,0.5461627,0.81783605,0.9310233,0.58161026,0.6031851,0.93232214,0.5814509,0.7234127,0.8726388,0.57776135,0.8178393,0.94272536,0.5775551,0.39362735,0.9510083,0.5817701,0.39366618,0.70509326,0.5502251,0.39870128,0.98646057,0.0,0.0,0.0,0.5816577,0.8491849,0.86517125,0.59340453,0.8439611,0.7784155,0.57383484,0.82315016,0.7392642,0.5501356,0.84918284,0.8760367,0.5384614,0.84903,0.80097806,0.54627734,0.8281854,0.775018
2023:03:04:19:55:42,up_90_1t_,7.43329644203186,85.47,79.52,178.32,112.52,0.5816078,0.3989243,0.97027194,0.5619426,0.4461614,0.89091855,0.5189008,0.44609907,0.93125737,0.4639333,0.44603053,0.87260485,0.4207483,0.46179712,0.8864239,0.60517246,0.44600332,0.91678274,0.652374,0.44114745,0.88035613,0.707177,0.45659432,0.9028749,0.5581202,0.6032427,0.89126647,0.54234236,0.60323703,0.9048437,0.54608834,0.71310157,0.8350637,0.5461604,0.81783164,0.93130004,0.58160913,0.6031979,0.9326097,0.5778982,0.7234288,0.8716758,0.5777506,0.8178436,0.94303405,0.5775855,0.39373076,0.9584111,0.58180064,0.393748,0.7156788,0.5502511,0.39874256,0.98653316,0.0,0.0,0.0,0.58164805,0.8491865,0.86614716,0.59338677,0.8439627,0.7796565,0.57382554,0.8231572,0.7388423,0.5501356,0.8491808,0.8778375,0.538459,0.84902847,0.80282724,0.54627466,0.82818055,0.7754202
2023:03:04:19:55:42,up_90_1t_,7.497124910354614,85.48,79.51,178.30,112.56,0.5816471,0.39897752,0.96143776,0.5619668,0.44614178,0.89051414,0.5189162,0.44607365,0.9308746,0.46397403,0.44607216,0.86911935,0.42076552,0.46176735,0.8927316,0.60517424,0.44599825,0.9149809,0.6523757,0.4411454,0.87750196,0.7071886,0.45659965,0.90447277,0.55809957,0.6032333,0.89252925,0.54233545,0.6032205,0.9061059,0.54606944,0.71306044,0.8326074,0.5461577,0.81779385,0.93027455,0.581585,0.60319173,0.9334749,0.57787055,0.72343427,0.8716367,0.57775295,0.8178206,0.9407781,0.5776423,0.3937944,0.9651884,0.58184326,0.39379653,0.67770886,0.5503061,0.398776,0.98256004,0.0,0.0,0.0,0.5816024,0.8491813,0.8681247,0.59336716,0.8439669,0.78076005,0.5738423,0.82312936,0.74088174,0.55008924,0.8491673,0.88113946,0.5383963,0.8489932,0.79866683,0.54629666,0.8231849,0.7740025
2023:03:04:19:55:42,up_90_1t_,7.554970741271973,85.47,79.50,178.29,112.55,0.5816421,0.39898267,0.96185505,0.5619669,0.44613832,0.8908302,0.51890725,0.44606376,0.93269056,0.46397066,0.44608158,0.87000924,0.42076328,0.46176714,0.89270014,0.6051855,0.44599402,0.91619265,0.65615064,0.4411462,0.87663275,0.707201,0.4566151,0.9030252,0.5580976,0.60322547,0.8916912,0.54233396,0.6032137,0.9049158,0.546071,0.7130481,0.83279914,0.5461591,0.8178119,0.929427,0.58158284,0.6031836,0.9329067,0.57785517,0.7234134,0.8695984,0.5777446,0.8178236,0.94016564,0.5776332,0.39379746,0.96442753,0.58183306,0.393796,0.69108915,0.5502983,0.3987739,0.9818906,0.0,0.0,0.0,0.5816022,0.8491798,0.865528,0.5933536,0.8439579,0.77842224,0.57382953,0.8231352,0.7380355,0.5501057,0.849177,0.87946355,0.5384188,0.8490119,0.7991998,0.54629195,0.8232112,0.7717732
2023:03:04:19:55:42,up_90_1t_,7.610821008682251,82.65,79.48,178.30,112.47,0.58151656,0.39899024,0.96630925,0.5619728,0.44614252,0.8920367,0.5189383,0.44610715,0.92643416,0.4677747,0.44606686,0.8727249,0.4207644,0.46185654,0.89733505,0.6051749,0.44598356,0.9189271,0.65233535,0.4411531,0.8782696,0.70716405,0.46169427,0.90935034,0.5581198,0.60325766,0.8930907,0.54234326,0.60325205,0.9094111,0.54606813,0.71311986,0.8326916,0.5461608,0.81778324,0.9290616,0.5816104,0.60321254,0.93446946,0.57787484,0.72350085,0.8796469,0.5777504,0.817844,0.9402079,0.5774756,0.3937741,0.9432746,0.5817099,0.3937608,0.8300949,0.5501912,0.3987471,0.9829718,0.0,0.0,0.0,0.5815675,0.8492022,0.86880255,0.5895797,0.84398556,0.7831757,0.5738496,0.8231526,0.74347496,0.5500655,0.8491686,0.8859074,0.5383624,0.8440591,0.8001915,0.54630965,0.82316715,0.77261436
2023:03:04:19:55:43,up_90_1t_,7.670660972595215,82.62,76.64,178.30,108.61,0.57786584,0.39905298,0.962618,0.5619501,0.44614542,0.88983905,0.5189419,0.4460949,0.92909896,0.46778247,0.44605166,0.87562764,0.4207854,0.4669054,0.9036053,0.6051624,0.44600266,0.9180405,0.65229475,0.44598302,0.87574255,0.70713633,0.46175084,0.9083854,0.55812556,0.60329497,0.89364564,0.5423382,0.60328764,0.9093095,0.5460641,0.71315765,0.8318246,0.5461595,0.8177875,0.9304415,0.5816217,0.6032518,0.9341845,0.5778894,0.72350365,0.8797394,0.5777557,0.81784254,0.9427197,0.5737659,0.39381433,0.9369637,0.5816305,0.39382145,0.88334703,0.5501412,0.3987563,0.9895241,0.0,0.0,0.0,0.5815733,0.8492022,0.8749731,0.59333843,0.84400934,0.7879809,0.57385314,0.82314676,0.7469054,0.5500603,0.8491679,0.88431793,0.53836274,0.8440605,0.7983968,0.5463098,0.8231671,0.7755087
2023:03:04:19:55:43,up_90_1t_,7.730501413345337,81.23,77.96,178.32,108.10,0.5737604,0.39894962,0.93868697,0.5581097,0.44618884,0.8902209,0.51890534,0.44603044,0.9361663,0.467748,0.44601926,0.88200366,0.42077583,0.4669559,0.9057597,0.60511047,0.44607237,0.90009546,0.6523405,0.44602394,0.87317985,0.7071524,0.46181384,0.9038476,0.5581107,0.60323966,0.8910716,0.5423388,0.60322315,0.90509266,0.5460675,0.71311444,0.83365995,0.54616076,0.8178239,0.92982006,0.58159,0.60320604,0.9330096,0.5778944,0.7234337,0.8766082,0.5777554,0.8178468,0.94305456,0.5620154,0.3936929,0.91346896,0.5777351,0.39380994,0.9726242,0.54641557,0.39387286,0.9702566,0.5817307,0.39902502,0.5598353,0.5816401,0.8492013,0.871158,0.5933908,0.84398544,0.78448176,0.57383496,0.8231707,0.7419833,0.550113,0.8491883,0.8784715,0.53843284,0.84902626,0.80094314,0.54628795,0.8281756,0.7731919
2023:03:04:19:55:43,up_90_1t_,7.790375471115112,81.24,77.95,178.33,103.60,0.56980896,0.39906478,0.91186005,0.55811477,0.44624668,0.87918764,0.518869,0.44602618,0.9335636,0.46396852,0.44600376,0.8854693,0.42077345,0.4669495,0.90467507,0.60511875,0.44611004,0.8920989,0.65620947,0.4460349,0.86420816,0.7071918,0.46185622,0.90254825,0.5581008,0.603257,0.89058316,0.54232466,0.60323423,0.90279055,0.5460742,0.7131675,0.8334036,0.54616404,0.8178249,0.9278805,0.58158773,0.6032278,0.93264616,0.57789737,0.7234705,0.8780358,0.5777598,0.8178436,0.9412226,0.5580149,0.39375147,0.9319514,0.5776164,0.39390013,0.9826541,0.54635894,0.3939084,0.93858427,0.581763,0.39911047,0.8466901,0.5816279,0.84919596,0.86627686,0.5933808,0.8439858,0.7816457,0.573839,0.82315797,0.74239254,0.55010706,0.8491837,0.8790038,0.53843,0.8490184,0.80031043,0.5462943,0.82817006,0.77064306
2023:03:04:19:55:43,up_90_1t_,7.848186731338501,81.23,75.26,178.33,82.64,0.5580199,0.3987566,0.9446996,0.5581775,0.4460859,0.8857668,0.5189229,0.44114676,0.93357605,0.4639689,0.4460307,0.8819437,0.4207785,0.46691537,0.90281165,0.6051087,0.44599354,0.9036403,0.6562285,0.44605166,0.86285114,0.7072201,0.4617951,0.90113735,0.5580927,0.60324043,0.8944647,0.5423265,0.6032084,0.90414137,0.54608303,0.7131425,0.83827853,0.546159,0.8178474,0.9291032,0.58158076,0.6032257,0.9352926,0.5778962,0.7234642,0.87622637,0.57776004,0.81785244,0.9429313,0.55036294,0.3935133,0.9547804,0.5736526,0.39362618,0.94161355,0.54630446,0.39384717,0.5821228,0.58167124,0.3988582,0.9523627,0.5816583,0.849198,0.86627984,0.5933992,0.8439799,0.7815744,0.5738365,0.8231672,0.7394008,0.5501502,0.84919816,0.8742566,0.53847283,0.8490508,0.8009002,0.54627216,0.8282052,0.7712199
2023:03:04:19:55:43,up_90_1t_,7.90764594078064,82.60,73.87,178.23,74.15,0.55419314,0.39877677,0.9604237,0.56195295,0.44605723,0.88551915,0.51895803,0.44113463,0.93068314,0.4639739,0.44602257,0.8799076,0.42080957,0.46691322,0.9045956,0.60510373,0.44599313,0.90237826,0.6562193,0.44608393,0.85840654,0.70722204,0.46182826,0.9020713,0.55808455,0.60316485,0.8913111,0.5423359,0.6031228,0.9030392,0.54606426,0.7079462,0.8359812,0.54615563,0.8177817,0.93175685,0.5815627,0.6031618,0.93168277,0.5778687,0.7183997,0.868842,0.57775617,0.8177948,0.9465316,0.55028754,0.39353308,0.9629322,0.5698163,0.39366132,0.9380868,0.5462445,0.39374718,0.3459239,0.5816596,0.39886656,0.9715339,0.58160365,0.84915876,0.869135,0.5933656,0.8439411,0.7812068,0.57384884,0.823114,0.74828666,0.55008817,0.84915704,0.878953,0.538395,0.84406614,0.7975239,0.5462974,0.8231782,0.77389175
2023:03:04:19:55:43,up_90_1t_,7.969059705734253,79.84,73.87,178.33,74.08,0.5541648,0.39892352,0.9530191,0.5619708,0.44604877,0.8828456,0.5189576,0.44114032,0.928894,0.46776497,0.44602117,0.8807368,0.42083925,0.46691012,0.9082628,0.6051273,0.44598308,0.9023427,0.65623456,0.44612488,0.8526537,0.70721614,0.4668854,0.90871495,0.5580975,0.60317975,0.8913838,0.5423391,0.60313517,0.90185905,0.54606736,0.71302783,0.8360882,0.5461594,0.81778634,0.9306431,0.5815886,0.6031753,0.93071383,0.57789826,0.7233665,0.86920905,0.57775956,0.8178034,0.94422793,0.55026305,0.39365265,0.96695757,0.56979024,0.39376733,0.93884003,0.54625034,0.3937632,0.2835608,0.5816748,0.39891082,0.96416414,0.58159655,0.8491673,0.8666946,0.5933483,0.84396124,0.77982575,0.5738521,0.8231118,0.74945843,0.55007815,0.8491665,0.8801056,0.53839767,0.8489929,0.79765666,0.546303,0.8231754,0.77393305
2023:03:04:19:55:43,up_90_1t_,8.026905059814453,79.93,76.53,177.81,80.51,0.5541605,0.39891657,0.9565132,0.56196785,0.44602627,0.8846589,0.5189594,0.4459673,0.92696893,0.46777186,0.4460073,0.87882966,0.42085114,0.4669285,0.9083288,0.6051225,0.4411284,0.9061251,0.656267,0.44612005,0.85550994,0.7072131,0.4618615,0.9059236,0.55809456,0.60329074,0.8945204,0.542324,0.6032493,0.9010032,0.54609126,0.7182062,0.8411088,0.54615444,0.8178393,0.92773944,0.5816039,0.6032822,0.9333332,0.5814662,0.72345686,0.8787369,0.5777522,0.8178427,0.946847,0.550257,0.39364395,0.9733554,0.5697799,0.39376113,0.93963426,0.5462357,0.3937478,0.29971373,0.58166087,0.3988932,0.9664405,0.5816381,0.84918725,0.86085016,0.59334874,0.8439757,0.77736926,0.57382137,0.82313913,0.7490552,0.5501208,0.8491861,0.87573445,0.5384552,0.8490353,0.8000015,0.5462688,0.82818174,0.77367365
2023:03:04:19:55:43,up_90_1t_,8.08275556564331,79.94,76.55,177.80,80.52,0.55416447,0.3988988,0.95788246,0.56196785,0.44603616,0.88419783,0.5189637,0.44597954,0.92638963,0.467803,0.44602028,0.8785322,0.42086247,0.4669083,0.90588343,0.6051233,0.44113484,0.90528744,0.6600655,0.44608775,0.8595678,0.7072029,0.46185243,0.9014388,0.55809814,0.6033219,0.89495355,0.5423266,0.60328454,0.90296257,0.5460916,0.7182494,0.8429748,0.546156,0.81785804,0.9277528,0.5816062,0.6033103,0.93354046,0.5814823,0.7234628,0.8792413,0.5777543,0.81784046,0.9470782,0.5502599,0.39362657,0.9726293,0.56978834,0.39374706,0.9400716,0.5462323,0.3937474,0.30850637,0.5816594,0.39888826,0.9654036,0.5816447,0.84918267,0.8640381,0.5933584,0.8439694,0.77941996,0.5738199,0.8231395,0.74821144,0.5501208,0.84920096,0.8758255,0.5384555,0.8490533,0.79947615,0.5462742,0.828206,0.7744639
2023:03:04:19:55:43,up_90_1t_,8.14060091972351,79.92,76.52,177.77,80.51,0.5541418,0.3988458,0.9631265,0.561981,0.44600144,0.88558835,0.5189781,0.445961,0.92468333,0.46778116,0.4459824,0.8816839,0.42086196,0.46693143,0.9079548,0.6051292,0.4411133,0.9085378,0.6600986,0.446057,0.8629973,0.7072228,0.46187857,0.90003294,0.5581019,0.6033011,0.8946168,0.54232955,0.6032575,0.90472233,0.5460893,0.7182416,0.84316885,0.5461596,0.81788707,0.93084025,0.5816084,0.6032968,0.9340277,0.58151233,0.72344697,0.88129634,0.57775956,0.8178527,0.9486155,0.5502495,0.39358264,0.9719858,0.5660052,0.3937066,0.93709093,0.54622656,0.39369372,0.2884481,0.5816358,0.39885336,0.9755108,0.58170223,0.8491834,0.8647283,0.59341466,0.84394926,0.7809628,0.5738125,0.82316446,0.74067736,0.5501705,0.8492129,0.86956716,0.53850967,0.84908193,0.7993873,0.546258,0.8282455,0.7786934
2023:03:04:19:55:43,up_90_1t_,8.202435493469238,77.25,76.51,177.77,80.50,0.5541299,0.39881858,0.9646004,0.5619873,0.44600442,0.88598263,0.5189868,0.44596907,0.9215418,0.4677957,0.44597343,0.8822098,0.42087513,0.46694535,0.9081495,0.6051276,0.44111362,0.90888816,0.66010904,0.4460581,0.86319166,0.7072398,0.46688616,0.9002769,0.5580899,0.60328245,0.8953502,0.542323,0.60323685,0.9038303,0.54607713,0.71819717,0.83964527,0.54616624,0.81785846,0.93405974,0.5815971,0.6032801,0.9351219,0.5815145,0.7234046,0.87735546,0.5777672,0.81783605,0.94823164,0.5502423,0.3935626,0.9709104,0.5659849,0.3936813,0.9350287,0.54623324,0.39368948,0.2803133,0.58163005,0.398837,0.9780046,0.58166385,0.8491747,0.8711173,0.59339523,0.84395534,0.7841912,0.57383484,0.82314664,0.743785,0.5501217,0.8492076,0.8740013,0.53845364,0.84905523,0.79790926,0.5462879,0.8282032,0.7796426
2023:03:04:19:55:43,up_90_1t_,8.259821653366089,79.93,76.53,177.75,80.52,0.5541255,0.39880478,0.964744,0.56198996,0.44602993,0.8853947,0.51898515,0.44600886,0.9197083,0.46777517,0.44597694,0.8834986,0.4208683,0.46694845,0.91054267,0.6051536,0.44111577,0.9117308,0.6601064,0.446059,0.8602452,0.7072461,0.46187058,0.90018445,0.55809337,0.60338145,0.8955463,0.5423107,0.6033391,0.90462357,0.5460951,0.71838295,0.84786785,0.5461626,0.8179165,0.9306753,0.5816173,0.60814756,0.9343807,0.58153397,0.72352004,0.8869911,0.57775545,0.8178597,0.94850343,0.55023104,0.39355877,0.9695451,0.5659685,0.3936532,0.9321786,0.54622793,0.3937165,0.29233906,0.581631,0.39879736,0.9803043,0.5816991,0.8492022,0.87328476,0.5934142,0.843968,0.78660923,0.5738065,0.8231655,0.7371712,0.5501765,0.84924066,0.87195176,0.538514,0.84911317,0.8017683,0.54625297,0.8282805,0.77888197
2023:03:04:19:55:43,up_90_1t_,8.316922426223755,79.93,76.54,177.74,80.52,0.554139,0.3988271,0.96339893,0.5620051,0.4460467,0.8843262,0.518986,0.44602787,0.919818,0.4677794,0.44599384,0.8823761,0.4208508,0.46694958,0.91021156,0.6051706,0.44111943,0.9132448,0.66009504,0.44606513,0.86112636,0.7072489,0.46187574,0.90175265,0.5580927,0.60334766,0.89497817,0.5423198,0.60330653,0.9047409,0.5461004,0.7183828,0.8470396,0.5461691,0.8179113,0.92942584,0.58161384,0.6033422,0.93325627,0.5815336,0.7235162,0.88502985,0.5777495,0.8178533,0.94588894,0.5502368,0.3935818,0.9723822,0.56598413,0.39367047,0.9333729,0.54623604,0.39373285,0.29331884,0.5816401,0.39880118,0.9819385,0.581669,0.849187,0.8721585,0.5933767,0.84396446,0.7861136,0.5738043,0.82314086,0.7386145,0.5501598,0.849233,0.8726916,0.5385003,0.849098,0.80095375,0.54626954,0.8282711,0.77554065
2023:03:04:19:55:43,up_90_1t_,8.37676215171814,77.26,76.55,177.74,80.50,0.55413926,0.3988506,0.9616105,0.56201434,0.44604895,0.88307893,0.5189918,0.44602832,0.91863155,0.46777725,0.44597593,0.88327974,0.42086795,0.46693292,0.909583,0.6051733,0.44112682,0.9114443,0.6600912,0.44605914,0.8614641,0.70726025,0.4668837,0.9039636,0.5581031,0.60337555,0.89452136,0.5423216,0.60333014,0.9062057,0.54609895,0.72335464,0.8484674,0.5461653,0.8178877,0.92999685,0.581623,0.6081458,0.93348217,0.5815386,0.72355896,0.88839495,0.57775474,0.8178503,0.9466546,0.55023605,0.39360625,0.9723731,0.5659834,0.39369088,0.9335398,0.54624057,0.39374685,0.2866952,0.5816421,0.39881533,0.9817909,0.5816505,0.8491952,0.87780243,0.5933695,0.84398746,0.7908848,0.5738167,0.82313293,0.74320734,0.5501253,0.84922475,0.87577486,0.53846186,0.84907407,0.7997444,0.54627925,0.82823175,0.77634776
2023:03:04:19:55:43,up_90_1t_,8.44059157371521,77.27,76.55,177.75,80.52,0.55416757,0.3988663,0.9593007,0.562011,0.446057,0.88263243,0.51898974,0.44602454,0.9206482,0.46777216,0.44598323,0.8827653,0.42085683,0.46692938,0.907284,0.60516006,0.44113484,0.90996355,0.6600474,0.44606057,0.86159503,0.7072439,0.46688172,0.90503436,0.5580908,0.6032938,0.89582336,0.5423298,0.6032458,0.9067298,0.5461027,0.71834594,0.84676313,0.54616857,0.8178827,0.93055356,0.58160436,0.6032938,0.9329407,0.58152026,0.72349143,0.88399655,0.57775503,0.81784296,0.9461295,0.55025053,0.39361933,0.9733242,0.5697624,0.3937019,0.9349468,0.54623336,0.39377612,0.32276505,0.581646,0.39881745,0.9796401,0.5816295,0.849194,0.87639236,0.5933525,0.84399045,0.78938425,0.5738255,0.823128,0.7453945,0.550103,0.84922165,0.87835264,0.5384384,0.84906065,0.7989316,0.5462919,0.8282274,0.7747641
2023:03:04:19:55:43,up_90_1t_,8.498436450958252,79.98,76.56,177.73,80.58,0.5542409,0.39888653,0.9510207,0.56201077,0.44607958,0.8830372,0.5189815,0.44602847,0.92305636,0.4678093,0.44601598,0.8816936,0.4208508,0.4669126,0.9054393,0.60516316,0.44114625,0.9074603,0.65624136,0.44603592,0.86599344,0.7072225,0.4618132,0.90369195,0.5580998,0.6032046,0.89753366,0.5423535,0.6031516,0.91098326,0.54612654,0.71825266,0.84920627,0.54616314,0.8179138,0.9314557,0.58160126,0.60321563,0.93491465,0.58153975,0.7233916,0.87866145,0.5777454,0.8178329,0.9482518,0.55030197,0.39362302,0.96817446,0.56986177,0.39373353,0.9416718,0.54625297,0.39380133,0.40116394,0.58167624,0.39886504,0.96905994,0.58171004,0.84916997,0.8708223,0.59342545,0.84392196,0.78451145,0.57379186,0.823128,0.73013765,0.5502175,0.8492115,0.86450917,0.5422404,0.8491031,0.80067396,0.5462315,0.82828224,0.7755763
2023:03:04:19:55:43,up_90_1t_,8.556281566619873,82.66,76.56,177.72,85.10,0.55803055,0.39884114,0.9409227,0.5620174,0.44609615,0.88286316,0.51897824,0.44603515,0.9241811,0.46781245,0.44599366,0.8838836,0.4208544,0.4669097,0.90529394,0.6051682,0.44597355,0.9078034,0.6562227,0.44604555,0.86718893,0.7072099,0.4617062,0.89614767,0.55810004,0.6031707,0.8975311,0.5423522,0.6031116,0.91057074,0.54612887,0.71822524,0.84826356,0.54616696,0.81792444,0.9326856,0.5816124,0.603188,0.9342447,0.5815657,0.72336656,0.8802513,0.57775927,0.81784004,0.95022655,0.5503642,0.3935815,0.9600305,0.5736615,0.39368626,0.94566447,0.5463117,0.39385504,0.5584643,0.58170676,0.3988522,0.96089464,0.58168256,0.8491896,0.87749994,0.5934076,0.843957,0.7875232,0.57381064,0.8231364,0.7342514,0.55018246,0.8492264,0.87291026,0.53851587,0.84909844,0.80247587,0.5462491,0.8282985,0.7758558
2023:03:04:19:55:43,up_90_1t_,8.61811637878418,85.48,76.55,177.72,85.11,0.5580289,0.39881265,0.941857,0.56200624,0.44610375,0.8835382,0.5189704,0.44604075,0.9243497,0.46781704,0.4460207,0.879421,0.4208546,0.46693242,0.9044492,0.6051572,0.44597584,0.90712965,0.6561974,0.4460464,0.86849576,0.7071883,0.4566071,0.8948045,0.5580971,0.60315603,0.8977329,0.5423508,0.60309666,0.91017556,0.5461261,0.7181903,0.8460834,0.54616404,0.8179041,0.93410593,0.58161175,0.6031745,0.9342222,0.58156127,0.7233662,0.8807469,0.5777574,0.8178283,0.9501914,0.5503671,0.39355674,0.9561435,0.5736628,0.39366448,0.9446262,0.5463099,0.39385244,0.5394621,0.5817156,0.3988522,0.96107036,0.58167034,0.84918666,0.8801124,0.5934009,0.843959,0.7900861,0.5738132,0.8231237,0.7349766,0.55016494,0.8492186,0.8767166,0.53849345,0.849082,0.804094,0.546252,0.82827026,0.77705514
2023:03:04:19:55:44,up_90_1t_,8.679951667785645,85.48,76.55,177.71,80.70,0.5542988,0.39873317,0.94781,0.561988,0.44609943,0.8872578,0.5189609,0.446037,0.9242846,0.46781766,0.44603547,0.87706363,0.42083305,0.46695945,0.9041861,0.6051376,0.44598204,0.90664035,0.6561646,0.4460465,0.86887956,0.70716035,0.45659307,0.89290226,0.55810714,0.6031558,0.8963735,0.54235965,0.60309935,0.90961665,0.54612607,0.7181937,0.8452834,0.5461631,0.81790096,0.93381757,0.58161926,0.6031733,0.9328482,0.5815714,0.7233598,0.88101035,0.5777605,0.8178348,0.94945985,0.5503498,0.39347598,0.94637406,0.5736259,0.39360735,0.93769604,0.54628056,0.39378446,0.47103727,0.58170736,0.3988366,0.9636479,0.5816648,0.8491912,0.88082266,0.5933957,0.843972,0.791627,0.5738184,0.8231312,0.73625714,0.55015343,0.849217,0.8797523,0.5384815,0.84907657,0.80597776,0.5462554,0.82826054,0.7772017
2023:03:04:19:55:44,up_90_1t_,8.735802173614502,85.46,76.57,177.82,81.50,0.55425763,0.3939393,0.95163584,0.562,0.44610354,0.8898402,0.51897985,0.44605917,0.9210502,0.46784884,0.44604975,0.8753556,0.4208458,0.4669296,0.90193033,0.6051261,0.4459852,0.90830714,0.6523642,0.44605458,0.87007105,0.7070909,0.4566288,0.89010155,0.5580997,0.6031551,0.89657927,0.5423544,0.60310096,0.90865314,0.546136,0.7182203,0.8485464,0.5461698,0.81796676,0.9292426,0.5816091,0.6031695,0.9334643,0.5815745,0.71839553,0.877413,0.57775563,0.81785786,0.94752675,0.5503305,0.3934102,0.9369056,0.5698902,0.3935423,0.928695,0.5462579,0.3937374,0.43666977,0.58168507,0.39879292,0.96747434,0.58172446,0.8492074,0.8751529,0.5934485,0.84396225,0.78687465,0.57379496,0.8231676,0.72477734,0.5502234,0.84926295,0.86851674,0.5422477,0.84916276,0.8051307,0.54623747,0.8283697,0.774687
2023:03:04:19:55:44,up_90_1t_,8.79165267944336,85.46,76.56,177.83,81.45,0.5542193,0.3939416,0.95464003,0.56202114,0.44609237,0.8900316,0.5190073,0.44606173,0.91815114,0.46785903,0.44604522,0.8748432,0.4208558,0.4669298,0.90313053,0.60512394,0.44598413,0.9082136,0.6523424,0.44606468,0.8713297,0.7070536,0.45664448,0.89119613,0.5580899,0.6031196,0.8954601,0.54236007,0.6030629,0.9072876,0.5461314,0.71314937,0.84812003,0.54616475,0.8179399,0.9318793,0.5815928,0.6031388,0.93416214,0.5815527,0.71837425,0.87566745,0.5777497,0.8178437,0.94650775,0.5503078,0.39341304,0.9388584,0.5698446,0.3935427,0.92672783,0.5462376,0.39368165,0.35117346,0.5816877,0.39877877,0.9700395,0.5816958,0.84920895,0.87752676,0.5934252,0.84397143,0.78657866,0.5737924,0.8231452,0.7255434,0.5502069,0.8492396,0.8664733,0.54223317,0.84912896,0.80029774,0.5462379,0.8283223,0.77632624
2023:03:04:19:55:44,up_90_1t_,8.851492166519165,85.49,76.56,177.83,81.40,0.55418324,0.39393386,0.95613116,0.56203794,0.44608575,0.8893433,0.51902527,0.44605944,0.91615665,0.4678657,0.446053,0.8735748,0.42086348,0.46693033,0.90353334,0.6051295,0.44598687,0.90840656,0.6523398,0.4460608,0.87034315,0.7070804,0.45660266,0.8931617,0.5580938,0.6030995,0.89371264,0.54236305,0.603038,0.9055952,0.5461321,0.71313375,0.8472735,0.5461721,0.81793195,0.93293643,0.58159804,0.6031233,0.9331315,0.58156043,0.7183696,0.8761951,0.57775503,0.8178429,0.9461915,0.5502828,0.39340693,0.93802136,0.56980455,0.3935341,0.92351604,0.5462211,0.39365748,0.30462545,0.5816811,0.39876705,0.9734539,0.5817014,0.84921,0.8763216,0.59343654,0.8439795,0.7867836,0.5738001,0.8231457,0.726959,0.55019933,0.8492361,0.8670964,0.54222465,0.84911966,0.800762,0.5462503,0.8283158,0.7763382
2023:03:04:19:55:44,up_90_1t_,8.915225744247437,85.50,76.55,177.83,81.39,0.55416465,0.39393437,0.9566374,0.5620339,0.44608653,0.88910264,0.51902914,0.44606093,0.9147225,0.46787235,0.44605732,0.8713234,0.4208665,0.46694124,0.90275425,0.60512096,0.44598684,0.9075908,0.6523388,0.44605744,0.8700075,0.7070976,0.4565832,0.8943647,0.5580964,0.6030919,0.89365643,0.54236263,0.60302675,0.9043001,0.5461289,0.7131099,0.8463037,0.5461634,0.8178856,0.93366736,0.5816034,0.6031204,0.93339217,0.5815551,0.7183751,0.87688303,0.5777531,0.8178192,0.94709903,0.55027026,0.39340717,0.9384631,0.5697825,0.39353845,0.92262185,0.54621863,0.39364007,0.28396383,0.58167446,0.3987682,0.9744166,0.5816617,0.84918356,0.8775812,0.59339625,0.84396434,0.787706,0.5738067,0.8231047,0.73522377,0.550145,0.8491868,0.86831415,0.53847986,0.8490375,0.79435045,0.54625845,0.8282373,0.7758866
2023:03:04:19:55:44,up_90_1t_,8.97259521484375,85.50,76.54,177.84,81.41,0.5541802,0.39395624,0.95632315,0.56201065,0.4460809,0.8882385,0.51900816,0.44604763,0.9191209,0.46783882,0.4460223,0.8791726,0.42085665,0.46696022,0.9105201,0.60511804,0.44597813,0.9067493,0.65231735,0.4460582,0.87099034,0.7070942,0.45657247,0.89499414,0.55809414,0.60309535,0.89378035,0.54236084,0.60303915,0.9052122,0.54613554,0.71315736,0.8482888,0.5461658,0.8178951,0.9338275,0.58160084,0.60311276,0.93280303,0.5815498,0.71837956,0.8764889,0.57775086,0.81781465,0.94689333,0.5502742,0.39343536,0.9452098,0.5697883,0.39355445,0.924959,0.5462153,0.39368674,0.34196842,0.58164704,0.39876503,0.976528,0.58164704,0.8491896,0.8799963,0.593389,0.8439682,0.7887212,0.5738069,0.82310146,0.7322681,0.5501378,0.8492081,0.87405616,0.5384687,0.8490552,0.797705,0.5462658,0.8282541,0.77504754
2023:03:04:19:55:44,up_90_1t_,9.030440092086792,85.49,76.54,177.83,81.41,0.5541814,0.39396563,0.9561714,0.5620107,0.44607487,0.88803935,0.5190092,0.44604236,0.91958874,0.4678451,0.4460307,0.8793103,0.42086443,0.4669673,0.9120375,0.6051202,0.44596893,0.9082351,0.6523079,0.44605824,0.8715956,0.707092,0.45656022,0.89646727,0.5581072,0.6030868,0.89256066,0.54237163,0.6030284,0.9053463,0.5461434,0.71315575,0.8493238,0.5461658,0.81791794,0.93389165,0.5816123,0.60310614,0.93203115,0.5815596,0.7183733,0.8763459,0.5777459,0.8178159,0.94690645,0.5502714,0.39344716,0.9476138,0.5697801,0.39355603,0.9247077,0.54621583,0.39369196,0.3471297,0.5816413,0.39875105,0.9763785,0.58168435,0.8491923,0.87928665,0.59342265,0.8439494,0.78778446,0.57378757,0.8231047,0.7259227,0.550192,0.84922814,0.86918765,0.5422165,0.8491043,0.79971087,0.546245,0.8282879,0.7771151
2023:03:04:19:55:44,up_90_1t_,9.09227466583252,85.48,76.54,177.82,81.43,0.5541953,0.3939565,0.9561976,0.5619829,0.44606817,0.88937026,0.5189669,0.4460138,0.9273567,0.46777755,0.4459987,0.88216025,0.42084008,0.46695352,0.90972316,0.60511726,0.4459662,0.90838647,0.6523276,0.44605666,0.8694053,0.70709735,0.45656022,0.8962491,0.55810905,0.6031162,0.89594424,0.5423655,0.60305613,0.9087981,0.5461351,0.7131698,0.8479413,0.54616904,0.8179024,0.9361421,0.58162284,0.6031356,0.9336487,0.5815765,0.7183911,0.8796401,0.5777483,0.8178116,0.9493265,0.5502803,0.39343986,0.94686556,0.5697917,0.39354613,0.9252372,0.5462219,0.3937129,0.38940495,0.58162856,0.39874506,0.9724229,0.5816793,0.84918386,0.8818913,0.5934158,0.84394974,0.7908603,0.5737934,0.82309556,0.7293596,0.5501839,0.8492019,0.86868614,0.5385181,0.84906715,0.79817796,0.5462461,0.82826453,0.776554
2023:03:04:19:55:44,up_90_1t_,9.155107259750366,82.79,76.56,177.81,80.60,0.55421716,0.39870065,0.9525352,0.5619905,0.44605362,0.8891077,0.5189666,0.44599795,0.92735445,0.4677594,0.44115177,0.88592196,0.42079803,0.46692327,0.90028244,0.60512906,0.44114187,0.9097931,0.6523534,0.44605908,0.86713046,0.7070943,0.45660332,0.8943753,0.55811924,0.60309964,0.8944143,0.54237616,0.6030374,0.9072951,0.54613566,0.7182,0.8461006,0.546173,0.8179156,0.93313694,0.58163387,0.60311425,0.93279696,0.5815924,0.71839,0.8769638,0.5777475,0.8178238,0.9471491,0.5502855,0.3934642,0.94817984,0.5698029,0.39356008,0.9265108,0.5462313,0.39374447,0.42460954,0.5816219,0.3987368,0.97078454,0.58167964,0.84919363,0.8741615,0.5934069,0.8439652,0.786722,0.5737905,0.82310545,0.72816616,0.55018485,0.8492201,0.8681096,0.5385212,0.8490832,0.7987211,0.5462502,0.8282815,0.77448064
2023:03:04:19:55:44,up_90_1t_,9.214946508407593,82.78,76.58,177.82,80.65,0.5542451,0.39870703,0.9487516,0.5619763,0.44606403,0.8888833,0.5189524,0.44600254,0.9293632,0.46398243,0.4411568,0.8852765,0.4207704,0.4669133,0.8971648,0.6051244,0.4411419,0.90939474,0.6523387,0.44606563,0.8690312,0.7070852,0.45660743,0.8934662,0.5581356,0.60311997,0.89412236,0.54238814,0.6030624,0.90981674,0.54613084,0.7182207,0.84566003,0.546173,0.8178998,0.9340056,0.5816432,0.6031319,0.9331993,0.5815877,0.7183947,0.87719345,0.5777561,0.8178225,0.94665223,0.5502991,0.39346755,0.946697,0.56983036,0.39355886,0.92712796,0.5462478,0.39378363,0.48124176,0.5816155,0.39873573,0.96548676,0.58165807,0.84918636,0.8747973,0.59338385,0.84396636,0.78742015,0.5738102,0.8231053,0.7321855,0.5501578,0.84921634,0.8740753,0.5384932,0.849065,0.80031097,0.5462637,0.8282521,0.7756066
2023:03:04:19:55:44,up_90_1t_,9.272319316864014,82.80,76.58,177.83,80.67,0.55426276,0.3987039,0.9458341,0.561962,0.44605777,0.88957894,0.5189432,0.44598928,0.9307548,0.46397516,0.44113886,0.8878301,0.42077464,0.46688947,0.89452475,0.60511357,0.44113278,0.9093758,0.65230817,0.44605893,0.8711988,0.7070848,0.4565586,0.8956908,0.55812865,0.60311747,0.89366746,0.54238117,0.60305756,0.910094,0.54611576,0.71316266,0.84282935,0.5461688,0.8178863,0.9365022,0.5816375,0.6031311,0.9317059,0.58158046,0.7183641,0.8768352,0.57775694,0.8178049,0.94837254,0.55030894,0.39346272,0.94465137,0.56984496,0.3935517,0.9267016,0.54625416,0.39380613,0.5242272,0.5816015,0.3987345,0.9596901,0.5816754,0.8491519,0.87098265,0.5934,0.84392136,0.78386694,0.57380635,0.8230941,0.7301309,0.5501722,0.84918433,0.867798,0.53850883,0.84904474,0.79755855,0.5462506,0.82823867,0.7780634
2023:03:04:19:55:44,up_90_1t_,9.334182739257812,81.44,77.96,177.83,85.57,0.55427474,0.39396083,0.94531864,0.55818224,0.44607946,0.8897317,0.51891255,0.44598117,0.9333524,0.46393704,0.4411311,0.88974214,0.42074308,0.46688727,0.889945,0.6050949,0.4411482,0.9070077,0.65232944,0.4460461,0.87255734,0.7070708,0.45653513,0.89439726,0.5581248,0.6031455,0.89402664,0.54237235,0.6030968,0.91065955,0.546109,0.7182132,0.84171844,0.54617053,0.8179077,0.9359323,0.5816328,0.6031467,0.9306706,0.58156663,0.71839654,0.8776604,0.5777474,0.8178221,0.9472962,0.550319,0.3934416,0.9420348,0.56986517,0.3935411,0.92612207,0.5462605,0.39381284,0.57533884,0.58158666,0.39874703,0.9511707,0.58170396,0.84918123,0.87384,0.59342873,0.84393746,0.7864929,0.5737863,0.8231169,0.723707,0.55021673,0.84921163,0.8641835,0.5422426,0.8491012,0.80137455,0.5462339,0.82827365,0.779391
2023:03:04:19:55:44,up_90_1t_,9.39798355102539,82.32,76.60,177.72,81.50,0.5542734,0.39393818,0.94592726,0.5619393,0.44609034,0.8888303,0.5189131,0.44598982,0.93308896,0.46391848,0.44114664,0.8877988,0.42072824,0.46687526,0.8886758,0.6051136,0.44598278,0.9091332,0.6523693,0.44605845,0.8696851,0.70346,0.46168888,0.8910225,0.5581154,0.60317194,0.89505047,0.5423596,0.6031235,0.90989614,0.54610837,0.7182033,0.84240717,0.5461742,0.8179085,0.93492144,0.5816234,0.603174,0.9323522,0.58155555,0.72335994,0.87936115,0.57774734,0.8178294,0.9466258,0.5503215,0.39341733,0.9392941,0.5698654,0.39352173,0.923715,0.5462641,0.39380646,0.5713589,0.5815904,0.3987453,0.9511258,0.5817093,0.8491829,0.87014574,0.5934307,0.8439355,0.7829907,0.5737856,0.82312447,0.72175765,0.5502337,0.84922194,0.8633828,0.5422596,0.8491154,0.8035556,0.54623055,0.82827604,0.7788699
2023:03:04:19:55:44,up_90_1t_,9.455828428268433,80.92,77.97,177.74,85.57,0.55427855,0.39393908,0.9456548,0.55818075,0.4461008,0.88929355,0.5189062,0.44599688,0.93352926,0.46392995,0.4411459,0.88940334,0.42074504,0.46687803,0.88905615,0.60510767,0.44598684,0.9079008,0.65616906,0.44606456,0.86647046,0.70344913,0.46173593,0.8883392,0.55811805,0.6032354,0.89515936,0.5423537,0.6031978,0.91084534,0.5460999,0.7182469,0.8441386,0.54617447,0.8179085,0.9345881,0.58162475,0.603224,0.933106,0.58154744,0.7233879,0.8801428,0.5777571,0.8178229,0.9481843,0.550323,0.39341688,0.9401442,0.5698731,0.39352226,0.92411804,0.546263,0.39380917,0.5847931,0.58158433,0.39874795,0.9508257,0.5817128,0.84917575,0.8717348,0.5934431,0.8439273,0.7839418,0.5737946,0.8231191,0.7270728,0.5502091,0.8492232,0.8661703,0.5422402,0.8491131,0.8029843,0.54624045,0.828276,0.7801641
2023:03:04:19:55:44,up_90_1t_,9.513673782348633,80.92,80.81,177.77,85.54,0.55425984,0.3939599,0.94671416,0.5581827,0.44608748,0.8897462,0.5189039,0.44598207,0.9346588,0.46390992,0.44596148,0.8884032,0.42071137,0.46182418,0.88059,0.6051094,0.44597718,0.9088863,0.6562012,0.4460743,0.8657721,0.70345616,0.46174422,0.8890866,0.5581077,0.6032056,0.89439833,0.54234576,0.6031653,0.9079559,0.5460721,0.71316564,0.83977234,0.54615563,0.81788737,0.9334786,0.5816115,0.6031939,0.9330783,0.5815126,0.72337717,0.87709445,0.5777512,0.8178329,0.9451996,0.5503136,0.3934396,0.943208,0.56985,0.39354503,0.92505896,0.5462543,0.39380652,0.5589548,0.5815721,0.39875883,0.951249,0.58168364,0.84919274,0.8699413,0.59342355,0.84395784,0.78175783,0.5737963,0.82313657,0.7268248,0.55017656,0.8492232,0.8701973,0.5385048,0.8490928,0.8022939,0.5462388,0.8282579,0.7775471
2023:03:04:19:55:44,up_90_1t_,9.573514223098755,80.93,80.83,177.78,85.12,0.55426204,0.39869982,0.9463873,0.55818033,0.44608945,0.8894059,0.51890796,0.44598207,0.934832,0.46390778,0.44595987,0.8870738,0.42072427,0.46178788,0.87959933,0.6050999,0.4459735,0.9079183,0.6562005,0.44606432,0.86589134,0.70346475,0.46172538,0.8876126,0.5581005,0.6031948,0.89415556,0.54234606,0.6031513,0.90827894,0.546066,0.71314347,0.83980286,0.5461535,0.8178881,0.9337908,0.58159965,0.60318905,0.93244064,0.58149785,0.7233817,0.8769313,0.57775694,0.8178283,0.94618255,0.55030996,0.39345673,0.945481,0.569845,0.39355814,0.92553914,0.54624957,0.39382225,0.5693093,0.5815601,0.39876762,0.9506759,0.5816845,0.84918123,0.8675296,0.5934259,0.843939,0.77851456,0.57380134,0.82313496,0.7266593,0.55018425,0.8492166,0.8707146,0.5385153,0.84909266,0.80337644,0.54623526,0.828259,0.7787268
2023:03:04:19:55:44,up_90_1t_,9.635349035263062,80.95,80.83,177.77,89.66,0.55802107,0.39872095,0.93913627,0.55814564,0.44610023,0.89082146,0.51887995,0.44597313,0.93604475,0.46388596,0.44597664,0.885667,0.42071447,0.46179458,0.87965417,0.6050924,0.44598004,0.9059273,0.6561356,0.44607905,0.86505324,0.70344007,0.4616818,0.8877455,0.5580939,0.6032647,0.8960042,0.5423174,0.60323006,0.9056078,0.5424556,0.7181921,0.8356012,0.54616016,0.81790507,0.9325875,0.58161145,0.6032472,0.93430686,0.58151144,0.7234015,0.87761056,0.5777566,0.8178511,0.94491994,0.5503405,0.3934737,0.94601405,0.5736186,0.39355978,0.9308835,0.54625237,0.39383087,0.6845803,0.5815856,0.39875552,0.94439715,0.58173496,0.84920144,0.86277205,0.5934759,0.84395033,0.77674586,0.5737932,0.82316756,0.72416323,0.55023205,0.8492275,0.8598325,0.54225564,0.8491329,0.8023707,0.5462271,0.8282851,0.7781498
2023:03:04:19:55:45,up_90_1t_,9.695188283920288,80.94,80.84,177.78,89.70,0.5580484,0.39870584,0.9381898,0.5581416,0.44610462,0.89070964,0.5188709,0.44597343,0.9360932,0.4638749,0.4459642,0.8869351,0.42071155,0.46178803,0.8816001,0.60509425,0.44599327,0.9041992,0.65234965,0.4461131,0.8649281,0.7034325,0.46169898,0.8893149,0.5581154,0.60329497,0.8935554,0.5423232,0.6032582,0.9046389,0.5424568,0.7181988,0.83246,0.54616094,0.81786996,0.93253255,0.58163434,0.6032815,0.9319587,0.5815115,0.7234399,0.8785351,0.5777605,0.81784326,0.9434935,0.5503568,0.39345866,0.94397,0.5736436,0.39355236,0.9342543,0.5462549,0.39382118,0.728075,0.58158696,0.3987676,0.94149625,0.581711,0.849189,0.86680865,0.59345573,0.84395635,0.78130543,0.5738102,0.8231484,0.728799,0.55019575,0.8491986,0.858247,0.5422221,0.84908473,0.7956556,0.5462417,0.8282314,0.77684623
2023:03:04:19:55:45,up_90_1t_,9.753033638000488,80.89,80.80,177.80,89.73,0.5580842,0.39872763,0.93509144,0.55814534,0.44611505,0.88973784,0.5188721,0.4459806,0.9356647,0.46390635,0.4459893,0.887093,0.42076224,0.46185055,0.8913443,0.60511,0.44599512,0.9042866,0.65237087,0.44612867,0.85993016,0.70343703,0.4617732,0.88938767,0.558122,0.60328907,0.8944404,0.54231566,0.6032583,0.9049736,0.5424384,0.71313596,0.83028007,0.5461573,0.81784374,0.93456775,0.58164614,0.60326916,0.93173254,0.5815027,0.72339827,0.87436855,0.5777594,0.8178147,0.9459638,0.55037236,0.39348167,0.9457696,0.573671,0.39356795,0.93957114,0.54625446,0.39383847,0.76681584,0.5816009,0.39877594,0.9391451,0.58166987,0.8491789,0.8774823,0.5934316,0.8439497,0.7867971,0.57381445,0.8231175,0.7314221,0.55016714,0.84919333,0.86728275,0.5384929,0.84905994,0.7987274,0.54625213,0.82819957,0.77732146
2023:03:04:19:55:45,up_90_1t_,9.814868211746216,78.39,80.79,177.80,89.67,0.5580432,0.39870736,0.9394385,0.558148,0.44610915,0.88972783,0.51887584,0.44596836,0.93822783,0.4639073,0.44600946,0.88609093,0.42075285,0.46185324,0.8954555,0.6051107,0.44600174,0.90479213,0.65235364,0.44614646,0.8583139,0.70704615,0.46698466,0.9031381,0.5580991,0.60326195,0.8959552,0.54230154,0.6032325,0.904541,0.54242235,0.7131055,0.8280308,0.5461575,0.8178228,0.93391776,0.58161974,0.603243,0.9330283,0.58148384,0.7234007,0.8739833,0.5777539,0.8178203,0.9446052,0.5503534,0.39346343,0.946799,0.5736402,0.39355475,0.9347383,0.5462582,0.39381832,0.7278575,0.5815853,0.39877,0.9439426,0.5816543,0.8491817,0.8802118,0.59341925,0.84395725,0.7897216,0.5738214,0.823128,0.7330459,0.55013734,0.8491841,0.868085,0.5384576,0.8490364,0.7966321,0.5462674,0.8281742,0.77638704
2023:03:04:19:55:45,up_90_1t_,9.8782639503479,78.37,80.78,177.83,89.63,0.55801845,0.39870915,0.941749,0.55815405,0.44611153,0.8885538,0.51888305,0.4459687,0.9385444,0.46391323,0.44601512,0.88501585,0.42076766,0.46184474,0.8967725,0.6051103,0.44601277,0.9035847,0.6523525,0.44615862,0.85697454,0.70706797,0.46705088,0.9078009,0.55806977,0.60324967,0.89754736,0.5422909,0.6032162,0.90389943,0.5424201,0.7131066,0.82927465,0.5461532,0.8178125,0.93424666,0.58158344,0.6032318,0.9345299,0.5814407,0.7234228,0.87400365,0.5777529,0.81780607,0.94435984,0.5503415,0.3934655,0.9482782,0.5736226,0.39356098,0.93341815,0.5462583,0.39381737,0.6955899,0.58157915,0.39877373,0.9468499,0.5816234,0.8491613,0.8746344,0.5933805,0.8439423,0.78557307,0.57383335,0.8231075,0.74050987,0.55010426,0.84916645,0.872018,0.5384253,0.8490101,0.79457235,0.54628253,0.8232057,0.778031
2023:03:04:19:55:45,up_90_1t_,9.93566370010376,75.70,80.79,178.32,85.58,0.5543174,0.39395902,0.94430125,0.5581505,0.44611597,0.8882104,0.5188804,0.44596988,0.938455,0.46389407,0.4460253,0.8848688,0.42071924,0.46183065,0.89221895,0.60510504,0.44600722,0.9016992,0.6523697,0.44617978,0.8496863,0.7070975,0.47206226,0.9149116,0.5580687,0.6032732,0.89769596,0.54230654,0.6032381,0.90904486,0.5424277,0.71311206,0.8272678,0.54615974,0.81779236,0.9335717,0.5815706,0.60325485,0.9343196,0.57788795,0.7234808,0.87593293,0.57776916,0.8178072,0.94363844,0.5503407,0.39344174,0.9462562,0.5699279,0.39354634,0.9309696,0.5462594,0.39381447,0.69524884,0.581566,0.3987808,0.9456463,0.58155084,0.84915435,0.8707042,0.58956695,0.8439465,0.7835803,0.57747686,0.8231059,0.7483942,0.5464855,0.8491351,0.87745845,0.53836125,0.84402925,0.7924676,0.5463237,0.8231691,0.7766982
2023:03:04:19:55:45,up_90_1t_,9.993053913116455,75.71,78.09,178.30,78.60,0.5543085,0.39395717,0.9461218,0.55812275,0.44612068,0.88933396,0.5188635,0.44114667,0.9417639,0.46383423,0.44601703,0.8871369,0.42064965,0.46182308,0.8819921,0.60508716,0.44601166,0.90018976,0.6523389,0.44617596,0.8530653,0.7070928,0.47204798,0.9120226,0.5580576,0.60329455,0.900389,0.54230875,0.6032501,0.9115157,0.54239357,0.7130828,0.8274473,0.5461554,0.81776536,0.93549556,0.5815574,0.60328454,0.93537915,0.57787263,0.7235021,0.87685335,0.5777789,0.817798,0.9462579,0.55033726,0.39343897,0.94652545,0.5699156,0.39354506,0.9308622,0.54626316,0.39381137,0.6752211,0.5815618,0.39877614,0.94641006,0.58153546,0.84914196,0.87193835,0.5895655,0.8439351,0.78445715,0.5774994,0.8230937,0.7543098,0.5464786,0.8491226,0.88025796,0.53459996,0.8440051,0.79221535,0.54633105,0.8231339,0.77944434
2023:03:04:19:55:45,up_90_1t_,10.05289363861084,75.71,78.08,178.30,78.57,0.5542824,0.39394778,0.94972324,0.5581102,0.4461278,0.8904511,0.5188501,0.44114432,0.94354767,0.46011242,0.4460223,0.8902895,0.420633,0.46182588,0.88056815,0.6050807,0.44601795,0.8991455,0.65233773,0.44618115,0.8513482,0.7070835,0.47204557,0.90971524,0.5580305,0.6032951,0.9015807,0.5422977,0.6032466,0.90946066,0.54236525,0.7130924,0.8238779,0.5461537,0.8177392,0.93456554,0.58152956,0.6032899,0.9355323,0.5778545,0.72353196,0.87876344,0.57777196,0.81781,0.9456196,0.55032575,0.3934303,0.94644994,0.5698851,0.39354205,0.9294248,0.5462587,0.39381295,0.6423539,0.5815531,0.39878336,0.94716024,0.5815097,0.8491517,0.8717495,0.5895353,0.8439723,0.7913368,0.5775072,0.82311153,0.7620635,0.5464179,0.8491067,0.88365877,0.5345263,0.8439606,0.79161835,0.5463519,0.82309985,0.7807533
2023:03:04:19:55:45,up_90_1t_,10.11672329902649,77.08,76.74,178.29,78.53,0.554247,0.39394146,0.9529697,0.5581072,0.44613227,0.8904722,0.5188406,0.44114155,0.94371533,0.46009567,0.44600323,0.8945723,0.4206387,0.4617985,0.880638,0.6050918,0.44603655,0.8969413,0.6561482,0.44614902,0.84665,0.70711404,0.4720576,0.9091587,0.5543063,0.60332954,0.90206575,0.5422664,0.6032795,0.9039303,0.5423707,0.71316075,0.825477,0.5461485,0.81778455,0.9330384,0.58149576,0.6033243,0.93297637,0.5778279,0.72355753,0.87715673,0.57776767,0.81782025,0.9427989,0.5503065,0.39342344,0.9465664,0.5698541,0.393537,0.9267293,0.54625106,0.39380848,0.58352304,0.5815553,0.39878905,0.9479675,0.5815239,0.8491632,0.86734325,0.5895462,0.8439682,0.78371984,0.5774906,0.8231193,0.7528246,0.54645556,0.8491299,0.8800017,0.534576,0.8440083,0.7910192,0.54632735,0.82315624,0.77497387
2023:03:04:19:55:45,up_90_1t_,10.17456865310669,77.04,76.73,178.28,78.47,0.5541829,0.3939426,0.95972836,0.55811155,0.44612163,0.8904514,0.5188424,0.4411422,0.9410728,0.4600888,0.44598627,0.89624155,0.42065144,0.46179095,0.8814589,0.6050895,0.44603074,0.89531076,0.6561807,0.44617623,0.83898485,0.70711994,0.4721423,0.91485894,0.5542822,0.6033075,0.9020929,0.5422404,0.6032538,0.8986521,0.5423791,0.7131317,0.8267943,0.5461518,0.8177992,0.93365073,0.5814742,0.60330737,0.9295887,0.5778092,0.7235644,0.8758295,0.57776177,0.817832,0.94192183,0.5502775,0.39342925,0.9475709,0.56978166,0.39354935,0.9244007,0.546228,0.393767,0.47240758,0.5815374,0.39880905,0.95264304,0.5815515,0.84917927,0.86694574,0.58957183,0.84397364,0.781592,0.57747453,0.8231395,0.7474727,0.55005515,0.8491498,0.8808423,0.53836286,0.8440556,0.7957533,0.5463153,0.82318366,0.7745361
2023:03:04:19:55:45,up_90_1t_,10.230419397354126,77.03,76.72,178.28,78.46,0.55417615,0.39396107,0.9600581,0.55810446,0.446116,0.890695,0.51883763,0.4411345,0.94148856,0.46010354,0.445984,0.89423573,0.42065373,0.4617873,0.88292164,0.60508764,0.44602922,0.89408755,0.6561975,0.44619098,0.8364634,0.707113,0.47216463,0.9171476,0.5542625,0.6033165,0.9030907,0.5422191,0.6032615,0.89472,0.5423801,0.7131643,0.82683927,0.54614913,0.8178093,0.9328071,0.5814576,0.60331804,0.9290091,0.57779795,0.72357917,0.8757477,0.5777538,0.8178385,0.9399296,0.55027217,0.3934478,0.9506273,0.56977034,0.39356628,0.92582726,0.5462221,0.39375266,0.45509985,0.5815372,0.39880985,0.9528476,0.5815531,0.8491798,0.8636946,0.58956623,0.8439748,0.78014195,0.57746774,0.823148,0.74543697,0.54648644,0.84915036,0.8812956,0.5383556,0.84405696,0.796163,0.546313,0.823199,0.77354157
2023:03:04:19:55:45,up_90_1t_,10.28980827331543,77.02,76.72,179.98,78.39,0.55411166,0.3939608,0.9627669,0.5581081,0.44609925,0.89246356,0.51884335,0.44111946,0.9416971,0.46010306,0.4459864,0.89341646,0.42062622,0.46175623,0.88021183,0.60507745,0.44602704,0.89479,0.65618813,0.44620565,0.83914626,0.7070956,0.4722082,0.9231577,0.5542341,0.6033007,0.90493864,0.5385092,0.60324,0.89145947,0.5423749,0.7131671,0.82598484,0.5461477,0.81780803,0.93310857,0.577877,0.6033121,0.92914236,0.57778615,0.7235829,0.8734319,0.57775176,0.81783515,0.9397476,0.55023605,0.39344472,0.94884026,0.56595385,0.39357165,0.92367977,0.5461815,0.39368126,0.34684187,0.5815218,0.3988194,0.95359296,0.5815619,0.84917295,0.8609156,0.5895668,0.8439628,0.77823347,0.5774638,0.8231498,0.744109,0.55005854,0.8491449,0.88195115,0.53836733,0.8440576,0.79878503,0.5463053,0.8231977,0.77422076
2023:03:04:19:55:45,up_90_1t_,10.357626914978027,76.56,76.72,179.96,78.37,0.5541128,0.39386997,0.9619857,0.55815345,0.44607884,0.89409786,0.51889205,0.44111788,0.9410456,0.46386403,0.44596127,0.89458174,0.42067406,0.46170786,0.8821154,0.6050772,0.446011,0.90034896,0.65236074,0.44621253,0.8415821,0.7034677,0.47215146,0.9147881,0.55420995,0.6032139,0.9080084,0.5385171,0.6031519,0.89027643,0.54235697,0.71303564,0.8264419,0.54615015,0.81776565,0.9358533,0.57783383,0.6032376,0.9317764,0.5777532,0.7234591,0.86287105,0.5777615,0.81780636,0.9407557,0.5502351,0.38854405,0.9353986,0.5659476,0.39347902,0.91334224,0.5461763,0.39363292,0.34488636,0.58152163,0.39875442,0.9567787,0.5815373,0.8491604,0.86336815,0.58955854,0.8439529,0.77796096,0.5774841,0.8231285,0.74838316,0.5464921,0.8491154,0.8813212,0.5383532,0.8440164,0.797466,0.5463158,0.82315314,0.77709055
2023:03:04:19:55:45,up_90_1t_,10.415514707565308,76.55,76.70,179.96,78.34,0.5540915,0.39385262,0.9628798,0.55815965,0.44607735,0.89450455,0.5188945,0.4411164,0.9400297,0.4638778,0.44599843,0.8934668,0.42071465,0.46173748,0.88818914,0.6050843,0.4460236,0.90150195,0.6523448,0.4462417,0.8377662,0.703469,0.47217184,0.9157322,0.5542197,0.60321933,0.90711546,0.538515,0.6031567,0.89044094,0.5423732,0.7130605,0.8277251,0.54614973,0.8178095,0.9346622,0.57785,0.60324335,0.9320843,0.57775944,0.7234857,0.86634374,0.5777622,0.8178267,0.9406661,0.5502217,0.38852477,0.9357551,0.56592286,0.39346066,0.9110092,0.5461727,0.39361754,0.32139474,0.5815243,0.39873916,0.96288854,0.58158046,0.8491867,0.8631628,0.5933491,0.84397715,0.77417266,0.57746595,0.8231492,0.7383844,0.5501123,0.8491461,0.8767376,0.5384265,0.8489986,0.79880214,0.5462884,0.8232099,0.7737109
2023:03:04:19:55:45,up_90_1t_,10.471362113952637,76.53,76.67,179.95,78.36,0.554091,0.3938513,0.96317416,0.5581623,0.44605708,0.8951797,0.5188992,0.4411093,0.9411644,0.463902,0.44603243,0.88973755,0.4207667,0.46176302,0.8935724,0.6050866,0.44599262,0.9032512,0.6523429,0.446253,0.83688384,0.70345694,0.47217765,0.9156958,0.5542106,0.6032129,0.9074043,0.5385012,0.6031499,0.8891274,0.54236263,0.713069,0.8264282,0.5461449,0.8178138,0.9333354,0.57784754,0.60323787,0.931883,0.5777598,0.72351015,0.87009645,0.57776564,0.8178319,0.94128066,0.55021834,0.38852337,0.9374377,0.56591946,0.39345437,0.91050637,0.54617244,0.3936116,0.31818062,0.5815339,0.39872396,0.966837,0.58158004,0.8491921,0.8616126,0.59335065,0.84398925,0.7747088,0.57747126,0.82316047,0.7411978,0.55010325,0.8491528,0.8824682,0.53841406,0.84900355,0.80315495,0.54628694,0.8232156,0.7729384
2023:03:04:19:55:45,up_90_1t_,10.534154653549194,77.03,76.69,179.95,78.44,0.5541503,0.3938666,0.9633578,0.55814064,0.44605294,0.8963923,0.51887846,0.44110468,0.94564086,0.46388382,0.44603088,0.8925076,0.4207794,0.46174046,0.8937651,0.6050813,0.44597733,0.905032,0.6523396,0.4461995,0.85007745,0.7070582,0.4721756,0.91993153,0.55420244,0.6032016,0.9098207,0.5384927,0.60313725,0.89051664,0.54237235,0.7130885,0.8289649,0.54614526,0.817769,0.93281174,0.5778461,0.6032303,0.9332143,0.57776475,0.7234915,0.8734256,0.57778025,0.8178119,0.9431005,0.55025214,0.38854468,0.9439065,0.5659857,0.39345977,0.9130589,0.54620326,0.3936664,0.41793668,0.5815567,0.3987159,0.96753204,0.58152914,0.84915394,0.8666816,0.58954686,0.84395653,0.7812105,0.57751167,0.82313454,0.7545596,0.5464719,0.84912133,0.88583475,0.534588,0.8440083,0.7988547,0.5463174,0.8231493,0.77542937
2023:03:04:19:55:45,up_90_1t_,10.595988988876343,77.03,76.72,179.96,78.46,0.5541526,0.39387113,0.96337086,0.5581272,0.44606343,0.8969429,0.5188712,0.44111255,0.94590116,0.46387205,0.44604263,0.8923226,0.4207418,0.46168688,0.8893119,0.6050721,0.4459785,0.90414673,0.65235376,0.44619814,0.8502773,0.7070699,0.4721798,0.9195572,0.55419236,0.60321194,0.91342616,0.53848344,0.6031418,0.8914629,0.54237396,0.713064,0.83158827,0.546146,0.81775206,0.935627,0.57784116,0.60324603,0.9357141,0.57776797,0.72351915,0.8772539,0.57778233,0.8178163,0.9447138,0.5502518,0.38854742,0.9443221,0.5659889,0.39346156,0.91315275,0.54620564,0.39367598,0.4286341,0.58155525,0.39871162,0.967378,0.5815255,0.8491568,0.8673376,0.5895497,0.84396076,0.7821239,0.5775224,0.82314,0.756574,0.54646754,0.8491061,0.8893037,0.5345743,0.8439806,0.80107653,0.5463214,0.8231207,0.7788257
2023:03:04:19:55:46,up_90_1t_,10.653834819793701,77.02,76.68,179.96,78.41,0.5541528,0.39386624,0.96262324,0.55815196,0.44605744,0.89585906,0.5188823,0.44109356,0.9468063,0.46387053,0.44603142,0.890018,0.42068595,0.46174836,0.8836974,0.6050969,0.44601592,0.90499794,0.65613836,0.446256,0.8404367,0.70710355,0.47224885,0.9239671,0.5541959,0.60321283,0.91202414,0.5384816,0.60313445,0.8908154,0.5423823,0.7130043,0.83347434,0.546133,0.8177916,0.9352762,0.5778476,0.6032515,0.9350538,0.5777619,0.72347224,0.8692136,0.5777615,0.8178093,0.944359,0.55025893,0.38854215,0.94227743,0.5659943,0.39346528,0.9132298,0.54619783,0.39365608,0.3922775,0.5815671,0.39872608,0.96880895,0.58155185,0.84915304,0.86396474,0.5895673,0.8439246,0.7742597,0.5774774,0.8231307,0.7437407,0.5500757,0.8491254,0.8856963,0.53837436,0.8440457,0.802793,0.5462784,0.82317954,0.77699816
2023:03:04:19:55:46,up_90_1t_,10.709685564041138,77.01,76.67,179.95,78.38,0.554124,0.39392066,0.9614823,0.55813867,0.44605282,0.89532316,0.5188702,0.44107884,0.948501,0.46383914,0.44603214,0.8899704,0.42067823,0.46175304,0.8820883,0.6050918,0.4460213,0.9015822,0.656138,0.44625187,0.8411722,0.7071171,0.4722731,0.9277536,0.5541747,0.60324603,0.9125043,0.53845435,0.603161,0.8897369,0.5423738,0.7130196,0.8332543,0.54613835,0.817782,0.934643,0.57783,0.6032895,0.9336307,0.57774377,0.72347033,0.86914146,0.57775563,0.817809,0.9431023,0.5502419,0.39340094,0.94361,0.5659642,0.3935214,0.91821885,0.54617727,0.39364305,0.32284072,0.58157396,0.3987595,0.9700366,0.58154273,0.84916,0.86138463,0.5895511,0.8439393,0.7754189,0.57747406,0.8231323,0.7473511,0.54649293,0.84912914,0.8864823,0.53834933,0.84403783,0.80229247,0.54629505,0.8231678,0.775914
2023:03:04:19:55:46,up_90_1t_,10.769525051116943,77.04,76.68,179.95,78.38,0.5541385,0.39396095,0.95994294,0.55814743,0.4460655,0.8927433,0.51888007,0.44108728,0.9442885,0.46011195,0.44601396,0.8930274,0.420693,0.4617222,0.88044155,0.605095,0.4460466,0.8995402,0.656171,0.44624665,0.83940876,0.7071298,0.4722702,0.9254228,0.5541667,0.6032672,0.9123905,0.538451,0.60317564,0.8884626,0.5423912,0.7130824,0.83610225,0.5461367,0.81781536,0.93263054,0.5778214,0.60331756,0.9344484,0.5777321,0.72347665,0.87054014,0.57774127,0.81781965,0.9415637,0.55024976,0.3934376,0.9487747,0.5659848,0.39355743,0.9222138,0.54619217,0.39366007,0.32721657,0.5815949,0.39877114,0.9692481,0.5815656,0.8491728,0.86112565,0.58956265,0.8439374,0.7743309,0.5738488,0.82314223,0.74035627,0.55008614,0.8491506,0.8846061,0.5383945,0.8490039,0.80436933,0.54627585,0.8232147,0.7716083
2023:03:04:19:55:46,up_90_1t_,10.831387758255005,77.04,76.68,179.96,78.40,0.5541743,0.39397135,0.9573709,0.5581525,0.44607243,0.8922346,0.51888365,0.44108918,0.94383025,0.46385428,0.44602436,0.8860718,0.42071342,0.4617318,0.88313687,0.6051076,0.44605574,0.898362,0.65615636,0.44626483,0.832609,0.7071456,0.47226506,0.9228094,0.5541751,0.6032882,0.9097668,0.5384603,0.60319763,0.8869377,0.5424097,0.7131344,0.83679014,0.5461386,0.81782556,0.93268365,0.57783145,0.60333574,0.9330372,0.5777368,0.72349405,0.8726829,0.5777341,0.8178361,0.9418365,0.5502722,0.3934489,0.9504858,0.56976706,0.39356083,0.92436224,0.54621065,0.39368337,0.3624674,0.5816106,0.39876753,0.9697171,0.58157295,0.8491818,0.86334157,0.5895624,0.8439477,0.77673477,0.57383627,0.8231588,0.7394121,0.55009216,0.84915537,0.8842264,0.5384026,0.84900993,0.80560046,0.54626876,0.8281797,0.77209663
2023:03:04:19:55:46,up_90_1t_,10.888748168945312,77.05,76.69,179.97,77.94,0.5541484,0.3986949,0.95845336,0.5581685,0.4460678,0.8913671,0.5188883,0.44109595,0.94197756,0.46383858,0.44601974,0.8859654,0.42069933,0.46171945,0.881441,0.60511667,0.44604897,0.8991217,0.65615517,0.44626567,0.831287,0.70713156,0.4722469,0.92180115,0.55418295,0.6033089,0.90970045,0.5384665,0.603223,0.8867378,0.5424128,0.71316254,0.83484066,0.54614115,0.8178219,0.9316178,0.5778408,0.60335124,0.9337337,0.5777528,0.7235414,0.8757186,0.57773703,0.81784767,0.94121116,0.5502555,0.39345238,0.9503816,0.565991,0.39356628,0.92385805,0.54620904,0.3936698,0.3151798,0.5816177,0.3987754,0.97181785,0.5815662,0.8491845,0.8609686,0.589555,0.8439637,0.7769326,0.5738443,0.8231655,0.74125975,0.5500818,0.84914637,0.8829746,0.5383921,0.8489945,0.80262727,0.5462799,0.82321936,0.7703578
2023:03:04:19:55:46,up_90_1t_,10.94459867477417,77.04,76.69,179.96,78.41,0.5541628,0.39392585,0.96049285,0.55815804,0.44605586,0.89303464,0.5188911,0.44108924,0.9428966,0.46385086,0.4460219,0.8830063,0.42068234,0.46171787,0.88257754,0.6051066,0.44604307,0.89889866,0.6561473,0.446252,0.8280148,0.70712435,0.47223762,0.91823757,0.5541929,0.6032565,0.90795875,0.53849405,0.6031759,0.89052963,0.5423784,0.7130366,0.83094054,0.54614854,0.8178134,0.9339081,0.57783276,0.6032955,0.9307659,0.5777454,0.72345835,0.8686942,0.5777411,0.8178294,0.94318956,0.5502717,0.39340723,0.94670963,0.5697585,0.39352468,0.92138684,0.54621834,0.39366916,0.3469518,0.58161056,0.39876664,0.9729009,0.5815847,0.8491773,0.8651665,0.5933361,0.8439494,0.7763273,0.57384443,0.82315767,0.74225855,0.5501019,0.8491587,0.883389,0.53841424,0.8490153,0.8047174,0.5462883,0.8232145,0.77455187
2023:03:04:19:55:46,up_90_1t_,11.00403380393982,77.02,76.70,179.97,78.43,0.554168,0.3938947,0.9618937,0.5581647,0.4460499,0.89316046,0.51889706,0.4411011,0.9410841,0.46386996,0.4460448,0.88100976,0.42069006,0.46173385,0.88476586,0.6051094,0.44602504,0.9003708,0.6523685,0.44625518,0.8293437,0.707089,0.4722409,0.9208293,0.5542272,0.6032141,0.90539944,0.5385199,0.60314167,0.8927171,0.54235053,0.71300983,0.82649624,0.54614043,0.81779295,0.9325756,0.5778611,0.60324264,0.9300358,0.5777644,0.72345096,0.87097955,0.5777438,0.8178253,0.9429657,0.5502769,0.38857776,0.9448094,0.5697689,0.39350006,0.92014885,0.5462193,0.39366633,0.36572978,0.5816057,0.39876553,0.9736361,0.5815732,0.84917724,0.86704266,0.5933346,0.84396464,0.77942073,0.57385516,0.82315135,0.7456693,0.550076,0.849142,0.8820987,0.5383733,0.8440624,0.79956466,0.5462954,0.8231876,0.7741227
2023:03:04:19:55:46,up_90_1t_,11.065868616104126,77.02,76.72,179.96,78.44,0.55418754,0.39390332,0.96117246,0.55817693,0.44605505,0.8919837,0.5189056,0.4411042,0.940314,0.46388608,0.4460533,0.8798324,0.420691,0.4617119,0.8856947,0.6051153,0.44603294,0.90049857,0.65234077,0.44627002,0.8303697,0.7070748,0.4722335,0.91964585,0.5542415,0.603173,0.9022439,0.5422143,0.6031002,0.891331,0.5423364,0.7078955,0.8273996,0.54613763,0.81774634,0.9315473,0.57787406,0.60320824,0.92839587,0.57776636,0.72341096,0.8683356,0.577749,0.8177923,0.94466686,0.5502878,0.38858652,0.9461945,0.5697928,0.39350614,0.9226005,0.54623884,0.39369023,0.4031508,0.58161056,0.39876747,0.9741922,0.5815263,0.8491458,0.8676814,0.5895532,0.84392583,0.78281885,0.57747597,0.8231145,0.7525004,0.54647297,0.8491061,0.882519,0.5345765,0.843988,0.7950002,0.54631734,0.823127,0.77522415
2023:03:04:19:55:46,up_90_1t_,11.123713731765747,77.02,76.73,178.27,78.42,0.55417645,0.39391333,0.9602238,0.55818814,0.44604158,0.89184153,0.518909,0.44109404,0.94101644,0.46387917,0.44602332,0.8828459,0.42068228,0.46168464,0.8843392,0.6051221,0.4460348,0.9004957,0.6523288,0.44627512,0.83148605,0.7070814,0.4722296,0.92073876,0.55426604,0.60323274,0.89988124,0.54223394,0.60315835,0.8937372,0.5423516,0.7130353,0.82434535,0.54614514,0.8177682,0.9304547,0.58145404,0.603258,0.9277454,0.5777828,0.723495,0.87556374,0.57774913,0.81781536,0.94356185,0.5502787,0.39339355,0.9458009,0.56978106,0.39351562,0.9223047,0.54621994,0.3936707,0.38174623,0.5816142,0.39876685,0.9728432,0.5815327,0.8491572,0.86730665,0.58955187,0.8439402,0.7838711,0.5774757,0.8231317,0.75024045,0.54648405,0.849119,0.87959063,0.534596,0.84400797,0.7930253,0.5463212,0.8231492,0.77159035
2023:03:04:19:55:46,up_90_1t_,11.179564952850342,78.38,75.38,178.28,74.99,0.55417913,0.39390665,0.9593811,0.56193453,0.44604126,0.8925084,0.518909,0.4410997,0.94043386,0.4638775,0.44601396,0.8832266,0.42067468,0.46167856,0.8828444,0.6051225,0.4460239,0.9013109,0.65230805,0.4462756,0.8341375,0.70707506,0.47222176,0.9191271,0.5542809,0.6032393,0.90031594,0.54224473,0.60316926,0.8951206,0.54234254,0.71303046,0.8233206,0.54614526,0.8177718,0.9314111,0.5814697,0.60326177,0.92980886,0.57779205,0.7234864,0.8755368,0.57774514,0.8178217,0.9441718,0.5502789,0.38858724,0.9445298,0.56978446,0.3935081,0.9215498,0.54621947,0.39366156,0.3783393,0.5816217,0.39876005,0.973486,0.5815409,0.8491601,0.8687597,0.5895549,0.84394324,0.7852525,0.57746583,0.8231442,0.7500752,0.54648197,0.8491232,0.8810201,0.53459454,0.8440148,0.7950678,0.5463193,0.8231561,0.774311
2023:03:04:19:55:46,up_90_1t_,11.237410306930542,78.38,78.22,178.28,75.00,0.55419487,0.39392087,0.9577252,0.56193495,0.44604763,0.89209706,0.5189166,0.4411053,0.9397156,0.46387908,0.44600695,0.8827947,0.42069384,0.45664322,0.8811034,0.60511607,0.44602972,0.90054107,0.6522983,0.44628346,0.8358372,0.70707506,0.47222897,0.91973096,0.5542773,0.60328406,0.90212846,0.54223835,0.6032158,0.894833,0.5423525,0.7130739,0.8237177,0.5461408,0.8177728,0.9308873,0.5814726,0.6033011,0.93303335,0.5778008,0.7235315,0.8809432,0.57774484,0.8178203,0.9460932,0.55028343,0.3933991,0.94553816,0.569802,0.39351425,0.92307764,0.54622567,0.39367974,0.40392312,0.5816251,0.39875332,0.97305495,0.58155113,0.8491533,0.8665199,0.5895592,0.84392804,0.78289956,0.5738583,0.8231335,0.75019634,0.54648745,0.8491186,0.87939215,0.5383505,0.8440227,0.79514337,0.54630375,0.8231519,0.7761339
2023:03:04:19:55:46,up_90_1t_,11.300801515579224,78.37,75.40,178.30,75.03,0.5542128,0.3938781,0.95704937,0.5619513,0.44605023,0.8927401,0.518934,0.4411232,0.9351622,0.4638671,0.44601163,0.88173324,0.42067468,0.46168098,0.88028264,0.60511583,0.446022,0.9017549,0.65230846,0.44628963,0.83678365,0.7070659,0.47221762,0.91635716,0.55431527,0.60329354,0.89928794,0.5422674,0.6032293,0.8996986,0.5423718,0.71309286,0.8262165,0.54614013,0.8177913,0.93137115,0.58151203,0.6033041,0.9347688,0.57783216,0.7235317,0.8821046,0.5777513,0.8178474,0.9460306,0.5503067,0.38854733,0.9388112,0.56983036,0.393485,0.9224454,0.5462518,0.39365762,0.4068293,0.5816412,0.39875412,0.9695667,0.5815656,0.8491741,0.8712896,0.5895776,0.84395814,0.78599024,0.57746756,0.8231806,0.74744153,0.5464842,0.84914196,0.88244665,0.5345951,0.8440353,0.7961117,0.54630333,0.82317704,0.7734012
2023:03:04:19:55:46,up_90_1t_,11.358646869659424,76.53,79.49,178.30,81.41,0.55419934,0.39385703,0.9584803,0.5619614,0.44609025,0.8921276,0.5189623,0.4459888,0.9263188,0.46389797,0.44601688,0.87845045,0.42070988,0.4616817,0.88356024,0.60509706,0.44604203,0.9000074,0.6522611,0.44629464,0.8454507,0.70343673,0.47221795,0.92062867,0.5580203,0.6033524,0.898458,0.54227823,0.60329694,0.9018786,0.5423849,0.7181858,0.8248556,0.546147,0.8177963,0.93029225,0.5815302,0.60335755,0.936134,0.57783854,0.7235688,0.88358986,0.57774526,0.81783783,0.9449475,0.5503094,0.38852242,0.9348625,0.56982195,0.3934779,0.9217758,0.54625463,0.39363706,0.37671167,0.5816396,0.3987745,0.9691293,0.58156943,0.8491527,0.8635825,0.5895686,0.8439249,0.78012913,0.5738466,0.8231432,0.74630004,0.55006737,0.84913206,0.87785745,0.53837675,0.8440481,0.79598266,0.5462988,0.8231751,0.7741669
2023:03:04:19:55:46,up_90_1t_,11.418486595153809,76.53,79.49,178.30,81.41,0.55419934,0.39385703,0.9584803,0.5619614,0.44609025,0.8921276,0.5189623,0.4459888,0.9263188,0.46389797,0.44601688,0.87845045,0.42070988,0.4616817,0.88356024,0.60509706,0.44604203,0.9000074,0.6522611,0.44629464,0.8454507,0.70343673,0.47221795,0.92062867,0.5580203,0.6033524,0.898458,0.54227823,0.60329694,0.9018786,0.5423849,0.7181858,0.8248556,0.546147,0.8177963,0.93029225,0.5815302,0.60335755,0.936134,0.57783854,0.7235688,0.88358986,0.57774526,0.81783783,0.9449475,0.5503094,0.38852242,0.9348625,0.56982195,0.3934779,0.9217758,0.54625463,0.39363706,0.37671167,0.5816396,0.3987745,0.9691293,0.58156943,0.8491527,0.8635825,0.5895686,0.8439249,0.78012913,0.5738466,0.8231432,0.74630004,0.55006737,0.84913206,0.87785745,0.53837675,0.8440481,0.79598266,0.5462988,0.8231751,0.7741669
2023:03:04:19:55:46,up_90_1t_,11.480321168899536,76.53,82.39,178.32,81.46,0.5542556,0.39387286,0.9531218,0.56194675,0.44610307,0.8915184,0.5189446,0.44598395,0.92825097,0.46390033,0.44600427,0.8787998,0.420715,0.45664135,0.88344026,0.6050886,0.4460445,0.89855593,0.652217,0.4463005,0.84775704,0.7034396,0.47219285,0.9171343,0.5580421,0.6033603,0.8978167,0.5422749,0.6033078,0.90100455,0.54241544,0.71824723,0.8274429,0.5461492,0.8178522,0.92715704,0.5815631,0.6033613,0.9360169,0.5778732,0.7236031,0.88788337,0.5777385,0.81786585,0.9443026,0.5503523,0.3885383,0.931909,0.56988096,0.39349204,0.92726344,0.5463063,0.39367747,0.42398772,0.581657,0.39877817,0.9631516,0.5816225,0.84918004,0.8680674,0.5933537,0.84395474,0.78287756,0.5738189,0.82317406,0.7359792,0.55013514,0.8491763,0.8707726,0.53845763,0.8490407,0.7977908,0.54626745,0.8282016,0.7698697
2023:03:04:19:55:46,up_90_1t_,11.542155981063843,75.18,83.76,178.33,85.55,0.55429226,0.3938723,0.9483696,0.558187,0.4461115,0.891718,0.5189314,0.4459858,0.92945474,0.4638965,0.44597638,0.8830533,0.4207071,0.4566256,0.87879366,0.60507435,0.4460497,0.8974273,0.6484596,0.45123148,0.85480034,0.70342726,0.47216383,0.9130941,0.5580421,0.603327,0.89946383,0.542277,0.6032747,0.89991355,0.54242307,0.7182,0.8265447,0.5461458,0.8178634,0.9266735,0.58156204,0.60333294,0.93712926,0.5778771,0.72356194,0.8844264,0.5777435,0.81787187,0.94519645,0.5503799,0.3885367,0.9268127,0.56991583,0.3934909,0.9282254,0.54633564,0.39371118,0.4725622,0.581657,0.3987791,0.95866543,0.58163387,0.8491852,0.86597735,0.5933549,0.84396094,0.78083056,0.57382166,0.823188,0.737499,0.5501376,0.8491838,0.8708253,0.53846276,0.84905046,0.79802763,0.5462624,0.8282199,0.77127564
2023:03:04:19:55:46,up_90_1t_,11.600001096725464,77.04,82.40,178.33,81.46,0.5542642,0.393859,0.950089,0.561948,0.44610527,0.89196163,0.51894164,0.44597483,0.92833805,0.46393442,0.44598573,0.8789021,0.42073002,0.45662293,0.8821376,0.6050872,0.44607928,0.896806,0.6522929,0.44629017,0.8492087,0.7070564,0.472225,0.9183989,0.55806124,0.6032753,0.8988067,0.5422929,0.6032167,0.9030043,0.54239905,0.71311635,0.82592237,0.54614925,0.8178623,0.92910314,0.58157325,0.6032831,0.9352628,0.5778874,0.72348034,0.8825039,0.57775146,0.8178597,0.9464182,0.55037326,0.38852972,0.9230225,0.5698851,0.3934898,0.92631805,0.5463273,0.3936845,0.42190596,0.5816498,0.39879313,0.960184,0.5816461,0.8491879,0.8663454,0.59338486,0.84395343,0.7787828,0.57382673,0.8231937,0.7350793,0.55013824,0.84920526,0.8788375,0.53845996,0.8490753,0.8068529,0.54626465,0.8282352,0.7723981
2023:03:04:19:55:47,up_90_1t_,11.657846689224243,77.04,82.39,177.81,81.36,0.5542061,0.3938594,0.95461786,0.5619729,0.4461057,0.89131945,0.5189619,0.44597077,0.92653424,0.4639605,0.44601116,0.87570125,0.42074975,0.45661578,0.882437,0.60510373,0.4461111,0.8954934,0.6522946,0.45123062,0.8437208,0.7070843,0.47226578,0.9209851,0.5580729,0.60326976,0.8967838,0.5422966,0.60320604,0.90070534,0.54243004,0.713102,0.82598025,0.5461486,0.8179074,0.92593116,0.58158886,0.60328245,0.93417615,0.5814544,0.7234707,0.8801692,0.57774043,0.8178819,0.9467021,0.5503429,0.38852614,0.92277837,0.5698314,0.39350197,0.9243939,0.5462949,0.39360368,0.31218213,0.5816529,0.39881745,0.9611359,0.58172077,0.84920055,0.8604432,0.5934325,0.84393686,0.7754706,0.5737861,0.8232191,0.72464794,0.55023634,0.8492187,0.86191875,0.542258,0.84913594,0.80558985,0.5462169,0.8282976,0.7728023
2023:03:04:19:55:47,up_90_1t_,11.717686653137207,77.04,82.39,177.79,81.32,0.5541767,0.39388058,0.955185,0.561981,0.44609848,0.8905797,0.5189635,0.44596553,0.9280156,0.46395993,0.44599986,0.876087,0.4207618,0.45660675,0.8838175,0.6051074,0.44611907,0.8951585,0.6523005,0.45123285,0.843931,0.70710295,0.47227642,0.9195032,0.55806696,0.60322917,0.89622545,0.5422953,0.6031632,0.8976524,0.54245657,0.7130532,0.82980824,0.5461481,0.8179225,0.92558235,0.58158165,0.60324615,0.93477356,0.5814699,0.7234031,0.8732403,0.5777392,0.8178735,0.94699174,0.55032223,0.38854507,0.92528224,0.5698018,0.39353046,0.92427766,0.54628915,0.39359835,0.25682753,0.58165,0.39884394,0.96286184,0.58173496,0.8491899,0.8559593,0.593438,0.8439199,0.77124196,0.57377744,0.8232074,0.7230171,0.550259,0.8492356,0.8610193,0.5422806,0.8491595,0.8075276,0.54620373,0.82832134,0.7731083
2023:03:04:19:55:47,up_90_1t_,11.779520988464355,77.06,79.61,177.78,74.88,0.55417675,0.3939069,0.95573765,0.5620258,0.4460772,0.8892749,0.5189817,0.4411251,0.92952526,0.46393666,0.44598332,0.879325,0.42077392,0.45658994,0.8840669,0.6051437,0.4461315,0.8972963,0.65616375,0.446302,0.83793867,0.707164,0.47227913,0.917346,0.55808055,0.60320413,0.8956152,0.54230994,0.6031351,0.89973134,0.54246545,0.7130487,0.8319908,0.5461528,0.81790525,0.9275981,0.5815921,0.6032271,0.93352926,0.5814887,0.72340155,0.8744409,0.5777403,0.8178618,0.94689703,0.5503186,0.3885724,0.9302488,0.5698094,0.3935574,0.9279394,0.5463243,0.39363605,0.21506676,0.58168656,0.39886516,0.9652526,0.58171254,0.8491776,0.85698473,0.5934095,0.8439207,0.77371114,0.57378376,0.82318854,0.72831064,0.55022043,0.8492244,0.864349,0.54224926,0.8491282,0.80428636,0.5462217,0.8282908,0.7749125
2023:03:04:19:55:47,up_90_1t_,11.837366342544556,77.07,82.38,177.76,81.23,0.55415684,0.39389336,0.9570401,0.56204927,0.44609833,0.88739246,0.51899815,0.44596642,0.9244391,0.4638858,0.4459734,0.8803516,0.42075875,0.4565925,0.87313515,0.6051614,0.4461455,0.89896506,0.65619946,0.44629356,0.84283066,0.7071986,0.47229546,0.9193368,0.55807835,0.6032543,0.8976952,0.54230565,0.6031867,0.90098214,0.5460845,0.7131561,0.8361223,0.54615086,0.8179187,0.9269605,0.58159816,0.60327804,0.93447745,0.58151186,0.7234496,0.87894744,0.57774204,0.81788105,0.94617784,0.5503032,0.3885579,0.930995,0.56979054,0.39354438,0.9258373,0.54634875,0.39364132,0.18755281,0.5817017,0.3988494,0.971817,0.581722,0.8491862,0.8548517,0.593412,0.84393686,0.7732997,0.5737825,0.82320106,0.7249191,0.55022436,0.8492248,0.8623206,0.5422484,0.8491286,0.80290437,0.5462127,0.8283004,0.77518
2023:03:04:19:55:47,up_90_1t_,11.894767045974731,77.08,79.42,177.76,81.21,0.55416703,0.3939082,0.9543692,0.5620881,0.44608897,0.8855181,0.51902,0.44596982,0.921544,0.46394527,0.4459871,0.8796852,0.4208337,0.46172637,0.886058,0.60519046,0.44613814,0.9018846,0.65618956,0.4462911,0.8431523,0.7071921,0.47228798,0.9205355,0.5580796,0.60326105,0.8967475,0.54231524,0.60318506,0.9011891,0.546077,0.71314543,0.8339593,0.54616094,0.8178874,0.9284439,0.58159614,0.6032917,0.9327544,0.5815164,0.7234301,0.8767356,0.5777536,0.8178622,0.94479424,0.55030143,0.3885744,0.9301249,0.5697988,0.39354673,0.92575556,0.5463551,0.39364335,0.18262425,0.5817144,0.39882392,0.9755942,0.5816789,0.8491609,0.8522799,0.593381,0.84393394,0.7715472,0.5738106,0.8231713,0.73412,0.55015826,0.8491993,0.8705269,0.53849375,0.84906906,0.80123633,0.54625505,0.82825226,0.77407986
2023:03:04:19:55:47,up_90_1t_,11.956629276275635,77.07,79.40,177.75,81.25,0.5541621,0.39391595,0.95204806,0.56207037,0.44611233,0.88511574,0.5190244,0.4460084,0.9188297,0.46398047,0.44600147,0.8801719,0.42084953,0.4618386,0.8971399,0.60518336,0.4461355,0.9019863,0.6561965,0.44626686,0.84832025,0.7072123,0.47228277,0.9224535,0.55810505,0.6033364,0.89728713,0.54232895,0.6032674,0.90519387,0.54608786,0.7182669,0.8369448,0.5461616,0.81789815,0.92878866,0.58162653,0.60335946,0.93389356,0.581538,0.72347265,0.8781005,0.5777643,0.8178574,0.94398135,0.5502901,0.38858408,0.92794216,0.5697923,0.39354327,0.92337775,0.54635507,0.3936356,0.17339554,0.5817203,0.39880174,0.9779277,0.58168316,0.8491728,0.86189985,0.59339356,0.8439468,0.7779064,0.5738198,0.82315654,0.7383024,0.55013734,0.84922427,0.87175703,0.53847575,0.8490883,0.7995091,0.54626477,0.8282526,0.77697176
2023:03:04:19:55:47,up_90_1t_,12.023200750350952,77.06,79.38,177.75,81.26,0.5541755,0.39392602,0.9513998,0.5620692,0.44611514,0.8853481,0.51902425,0.4460139,0.9197646,0.4677516,0.44600877,0.8782281,0.42086437,0.4618585,0.8979017,0.6051862,0.44613844,0.90151376,0.656232,0.4462758,0.84700316,0.70724016,0.47231779,0.9224683,0.55809873,0.6033432,0.8972466,0.5423293,0.60327446,0.9043777,0.54609174,0.71829027,0.8372487,0.5461626,0.8179141,0.9277072,0.58161896,0.6033649,0.9348502,0.58153194,0.7234866,0.8789946,0.5777552,0.8178628,0.9437031,0.5502925,0.3933926,0.9304092,0.56980807,0.39354482,0.92480886,0.5463282,0.3936152,0.19427353,0.58172137,0.39878932,0.97762334,0.58170116,0.84916484,0.8545053,0.5933964,0.8439306,0.7736979,0.57380354,0.8231631,0.73458546,0.55016404,0.849227,0.86863816,0.5385054,0.84910214,0.8004973,0.5462512,0.82827616,0.77740276
2023:03:04:19:55:47,up_90_1t_,12.083039999008179,77.07,79.38,177.73,80.46,0.5542145,0.39870444,0.9486688,0.5620733,0.44612694,0.8837664,0.51902354,0.44602934,0.91942334,0.46777883,0.44598097,0.88071585,0.42087206,0.4618637,0.8981694,0.60519755,0.44613832,0.90150315,0.6562696,0.44629022,0.8442124,0.70723563,0.47231182,0.9226402,0.5580812,0.60336196,0.89846617,0.54231143,0.6033019,0.90292305,0.5461069,0.7183922,0.8441404,0.54616046,0.8179505,0.92550737,0.58160675,0.60814846,0.93624425,0.58154213,0.7235235,0.88314486,0.5777463,0.81787574,0.9442862,0.5503053,0.3934471,0.9375689,0.5698428,0.39357886,0.9297595,0.54629666,0.3936276,0.2375083,0.581728,0.3987828,0.97339904,0.58174556,0.8491863,0.8583904,0.5934386,0.8439409,0.77742404,0.57378346,0.82317555,0.7285092,0.5502152,0.8492481,0.8602246,0.54224366,0.8491521,0.7992879,0.54622346,0.82833076,0.77571464
2023:03:04:19:55:47,up_90_1t_,12.141847372055054,77.06,79.37,177.71,80.44,0.5542029,0.39871085,0.94855666,0.56208193,0.4461158,0.8839887,0.51902926,0.44602382,0.91907376,0.46778753,0.44598824,0.8791501,0.42087865,0.46187103,0.8991867,0.60520065,0.4461209,0.9035202,0.65625733,0.44630104,0.8453304,0.7072336,0.47231212,0.9244281,0.55807877,0.603375,0.89817023,0.54231,0.603313,0.9019377,0.5461195,0.72337496,0.8461549,0.5461664,0.81797034,0.92206013,0.58160555,0.6081637,0.9373629,0.5815494,0.7235411,0.8846302,0.57773334,0.8178789,0.9439898,0.5502927,0.39344957,0.93777287,0.5698302,0.39357823,0.92831945,0.5462955,0.39361522,0.22304837,0.58172935,0.3987753,0.97612077,0.58177555,0.84917283,0.854273,0.5934483,0.8439127,0.7756494,0.57375944,0.8231762,0.72206205,0.5502735,0.84924304,0.8474064,0.54230726,0.8491695,0.797528,0.54620636,0.8283584,0.7717682
2023:03:04:19:55:47,up_90_1t_,12.20368242263794,77.07,79.37,177.70,80.43,0.55418354,0.39871624,0.948926,0.5620791,0.44611296,0.8845151,0.5190248,0.44602898,0.91898143,0.46776855,0.4459814,0.87943375,0.42086855,0.46187118,0.90012145,0.60519534,0.44611025,0.90353197,0.6562221,0.4463003,0.84687334,0.70721096,0.4722875,0.9260249,0.55807877,0.60338056,0.8991351,0.54231596,0.60332054,0.9034551,0.54614025,0.72340214,0.8528098,0.5461613,0.8180106,0.918658,0.5816022,0.60816556,0.93901443,0.581549,0.7235569,0.8879772,0.5777228,0.81789047,0.9446627,0.55027986,0.39345336,0.9377102,0.5698065,0.39358062,0.92650235,0.5463073,0.39361274,0.20382881,0.5817254,0.39876932,0.9765196,0.58179486,0.84919053,0.8562887,0.5934579,0.8439186,0.77646923,0.5737343,0.8231889,0.71702254,0.55030924,0.8492648,0.84751874,0.5423449,0.84920686,0.80188096,0.5461827,0.83342385,0.77160937
2023:03:04:19:55:47,up_90_1t_,12.265101671218872,78.47,78.01,177.69,76.07,0.55421394,0.39873195,0.94662774,0.56587815,0.44609913,0.8844927,0.51904035,0.4460188,0.9165911,0.46777168,0.44115454,0.88082993,0.42088655,0.46183732,0.8978201,0.60522723,0.4460999,0.9039894,0.65618134,0.4462753,0.8421586,0.7071758,0.4722145,0.9207424,0.5580832,0.6033774,0.8998592,0.5423147,0.6033104,0.90423155,0.5461412,0.7234232,0.8546412,0.5461711,0.81803304,0.9176731,0.58161026,0.6081669,0.9404882,0.5815594,0.72358286,0.8912519,0.5777199,0.81791043,0.94255257,0.55029476,0.39347142,0.9385812,0.56983644,0.39358637,0.92871535,0.5463176,0.3936247,0.20301831,0.5817485,0.3987558,0.97150624,0.58179724,0.8492103,0.8592945,0.59346056,0.843943,0.7793792,0.57373273,0.82321256,0.71318084,0.5503248,0.8492893,0.8466688,0.54235834,0.8492351,0.8029182,0.54619163,0.8334561,0.7716488
2023:03:04:19:55:47,up_90_1t_,12.322981119155884,78.47,78.01,177.69,76.10,0.55423445,0.39872372,0.94620496,0.56585777,0.4461032,0.8840856,0.519032,0.44600952,0.9181165,0.46776345,0.44114175,0.8821027,0.42086577,0.46185124,0.899727,0.6052135,0.44611144,0.9011087,0.65618783,0.44627774,0.8373877,0.7071905,0.47221506,0.917695,0.55809593,0.6033617,0.8996856,0.5423213,0.6032907,0.9051941,0.54614496,0.72339875,0.8528453,0.5461742,0.81801885,0.92008895,0.5816229,0.6081584,0.9391189,0.58156693,0.723561,0.8892751,0.57772297,0.8178959,0.9434856,0.5503085,0.39346588,0.93908477,0.5698615,0.3935834,0.9310537,0.54630005,0.39362898,0.23101938,0.5817482,0.39876065,0.97082657,0.5817815,0.8492024,0.8601223,0.59345204,0.8439374,0.7788768,0.573738,0.8231936,0.71394026,0.5503123,0.8492805,0.8484591,0.54234654,0.8492217,0.80310196,0.54619706,0.8334372,0.77238137
2023:03:04:19:55:47,up_90_1t_,12.380792140960693,77.10,79.38,177.70,80.48,0.5542534,0.39872375,0.94600016,0.5620926,0.4461111,0.88312864,0.5190282,0.44601443,0.9177409,0.46776068,0.44114235,0.88166976,0.42086968,0.4618476,0.9003802,0.60521454,0.44611672,0.90077096,0.65621287,0.44627613,0.8369361,0.70721173,0.47222388,0.9184482,0.5580892,0.60337913,0.8991375,0.5423162,0.6033075,0.9037003,0.5461444,0.7234308,0.8533326,0.54617196,0.8180049,0.91885626,0.58161634,0.6081741,0.93945444,0.5815485,0.7235974,0.89044094,0.577706,0.81787926,0.9419456,0.5503193,0.39346734,0.9411632,0.56988317,0.39358053,0.9327084,0.5462925,0.39363718,0.25610766,0.58175194,0.3987557,0.9708165,0.58177936,0.84917706,0.856718,0.5934384,0.8439033,0.778417,0.57371527,0.8231603,0.71278316,0.55031055,0.84926254,0.8448021,0.5423485,0.8492041,0.80067503,0.5461908,0.83341014,0.7712608
2023:03:04:19:55:47,up_90_1t_,12.442626237869263,77.04,76.59,177.70,80.54,0.55430454,0.3987305,0.9428848,0.5620892,0.44611236,0.8830711,0.51902205,0.4460151,0.91941994,0.4677724,0.44112772,0.88535684,0.42085454,0.46687576,0.9018697,0.6052222,0.4461131,0.9011586,0.6562022,0.44627988,0.838096,0.70717835,0.47223896,0.918005,0.5580963,0.6081359,0.8982824,0.54232067,0.6033237,0.9038604,0.5461403,0.723446,0.85363716,0.5461691,0.81802887,0.9176979,0.5816249,0.6081815,0.9390128,0.5815601,0.7236066,0.8915699,0.57771605,0.81788737,0.9438736,0.55034816,0.39347413,0.9429061,0.5736273,0.39357477,0.9354801,0.54629683,0.39368147,0.3312541,0.5817567,0.39874944,0.96958995,0.58181304,0.84917945,0.85516185,0.5934687,0.84390205,0.7770315,0.5737197,0.8231827,0.7136808,0.5503306,0.84927106,0.8444896,0.5423692,0.8492244,0.8025543,0.5461816,0.83344305,0.77351874
2023:03:04:19:55:47,up_90_1t_,12.508450269699097,77.04,79.42,177.69,80.57,0.5543217,0.39872527,0.9412109,0.5620862,0.44612384,0.8826659,0.5190211,0.44602805,0.9189609,0.4677752,0.44113645,0.8837654,0.42085135,0.46187198,0.9003341,0.60522157,0.44611534,0.9013969,0.65619606,0.44628587,0.84014,0.7071864,0.47224602,0.9189218,0.5580998,0.6081394,0.89823467,0.5423197,0.6033281,0.90418196,0.5461374,0.7234345,0.8538752,0.5461703,0.8180283,0.9180695,0.5816308,0.6081848,0.93847305,0.58156496,0.723598,0.8907758,0.57771134,0.81788224,0.9442215,0.5503596,0.3934673,0.94183743,0.573645,0.3935678,0.9370378,0.54630905,0.3936943,0.3619102,0.58176076,0.3987471,0.9698875,0.58180654,0.8491698,0.85565454,0.5934584,0.84389025,0.7768916,0.5737118,0.8231759,0.7156973,0.5503202,0.84927005,0.84559524,0.5423633,0.8492213,0.8027166,0.5461862,0.83344334,0.7744257
2023:03:04:19:55:47,up_90_1t_,12.566295862197876,77.03,79.47,177.69,80.59,0.5543295,0.39871603,0.9400141,0.5620782,0.44613558,0.8827377,0.5190086,0.4460401,0.921873,0.4639862,0.44598523,0.8793738,0.4208478,0.46179864,0.8918816,0.60522234,0.44612214,0.9021491,0.656167,0.44629404,0.8420712,0.7071579,0.4722456,0.92188853,0.55810106,0.6081361,0.8978854,0.54232264,0.60332656,0.9038429,0.5461409,0.7234349,0.853671,0.5461646,0.81803244,0.91521037,0.5816293,0.6081815,0.9386261,0.5815577,0.72359836,0.8891009,0.5777005,0.81788945,0.9423864,0.55036557,0.39345872,0.9405311,0.57365245,0.39355788,0.9367293,0.54631865,0.3937075,0.3865652,0.5817596,0.3987426,0.9701883,0.58182395,0.8491755,0.85321486,0.5934632,0.84389806,0.7768593,0.5736963,0.8231802,0.7124003,0.5503469,0.8492634,0.8377411,0.5423884,0.8492235,0.7992082,0.5461684,0.8334507,0.77226365
2023:03:04:19:55:47,up_90_1t_,12.624141216278076,77.07,79.45,177.70,80.59,0.55432403,0.39871603,0.9407045,0.56206924,0.44613844,0.8830353,0.5189968,0.4460393,0.92333,0.46393394,0.44599873,0.8790279,0.4208008,0.46178278,0.8822241,0.6052146,0.4461169,0.9028637,0.65613914,0.4462943,0.84456813,0.70716757,0.47224906,0.9223033,0.5581117,0.603358,0.8977736,0.54232985,0.6032892,0.9047796,0.54613054,0.72339743,0.8487432,0.5461732,0.81801486,0.9200014,0.5816378,0.6081533,0.93586016,0.5815657,0.72356594,0.8867068,0.57771707,0.81788975,0.94225085,0.5503599,0.39345932,0.94057906,0.57364506,0.39355457,0.93553466,0.5463099,0.3937151,0.40114087,0.58175,0.39873207,0.9692078,0.5818058,0.8491796,0.8539713,0.5934606,0.84391034,0.7759526,0.5737262,0.8231871,0.7137299,0.55032146,0.849266,0.84409904,0.5423589,0.8492112,0.8012127,0.54619,0.83342624,0.7750932
2023:03:04:19:55:48,up_90_1t_,12.685975313186646,77.07,79.45,177.70,80.59,0.55432403,0.39871603,0.9407045,0.56206924,0.44613844,0.8830353,0.5189968,0.4460393,0.92333,0.46393394,0.44599873,0.8790279,0.4208008,0.46178278,0.8822241,0.6052146,0.4461169,0.9028637,0.65613914,0.4462943,0.84456813,0.70716757,0.47224906,0.9223033,0.5581117,0.603358,0.8977736,0.54232985,0.6032892,0.9047796,0.54613054,0.72339743,0.8487432,0.5461732,0.81801486,0.9200014,0.5816378,0.6081533,0.93586016,0.5815657,0.72356594,0.8867068,0.57771707,0.81788975,0.94225085,0.5503599,0.39345932,0.94057906,0.57364506,0.39355457,0.93553466,0.5463099,0.3937151,0.40114087,0.58175,0.39873207,0.9692078,0.5818058,0.8491796,0.8539713,0.5934606,0.84391034,0.7759526,0.5737262,0.8231871,0.7137299,0.55032146,0.849266,0.84409904,0.5423589,0.8492112,0.8012127,0.54619,0.83342624,0.7750932
2023:03:04:19:55:48,up_90_1t_,12.749804735183716,77.05,79.50,177.70,80.61,0.554321,0.39874944,0.9395726,0.56204367,0.4461424,0.88308156,0.5189767,0.44604048,0.926105,0.46389666,0.44600242,0.8788331,0.42075965,0.46172103,0.87576425,0.60519564,0.4461138,0.90050715,0.6561576,0.44627726,0.8472561,0.7071655,0.47225767,0.9190091,0.5581314,0.60336035,0.8978179,0.54233927,0.6032925,0.9065296,0.54614145,0.7233983,0.8508793,0.5461679,0.8180195,0.91880685,0.5816577,0.6081567,0.9357309,0.58158106,0.72356087,0.8871083,0.57772315,0.81790066,0.9427408,0.5503509,0.39348745,0.94359875,0.5736369,0.39357495,0.93561935,0.54630286,0.3937256,0.41338474,0.58173996,0.3987271,0.97147393,0.5818237,0.8491899,0.8501294,0.59725,0.84393924,0.7741849,0.5737248,0.8231995,0.7106742,0.55033433,0.8492663,0.8429091,0.54236376,0.84921175,0.80202377,0.5461761,0.8334317,0.7746169
2023:03:04:19:55:48,up_90_1t_,12.807650089263916,77.04,79.48,177.70,80.58,0.55430514,0.39874992,0.9416424,0.5620319,0.44612125,0.884197,0.51896304,0.44600502,0.92915255,0.4638694,0.44596323,0.88080376,0.42072168,0.46172732,0.87697333,0.6051862,0.44611222,0.9000528,0.65613246,0.44628412,0.8478078,0.70715976,0.4722627,0.9186871,0.55812454,0.6033512,0.8989721,0.5423399,0.6032807,0.9074302,0.5461316,0.7233785,0.84854114,0.54616755,0.81801337,0.91991466,0.58164936,0.6081501,0.9361855,0.58157927,0.72353077,0.88475996,0.57772654,0.8178892,0.944278,0.55033815,0.39348763,0.9457251,0.5699287,0.3935754,0.9337942,0.54628867,0.3937033,0.39805478,0.5817336,0.39871475,0.9709808,0.58181524,0.84917194,0.85156363,0.5934727,0.8438952,0.77337927,0.5737326,0.8231892,0.7135114,0.5503279,0.84926045,0.84350735,0.54236037,0.8492078,0.8010373,0.54618233,0.8334232,0.77555203
2023:03:04:19:55:48,up_90_1t_,12.865495920181274,77.04,79.48,177.71,80.57,0.5542909,0.3987783,0.9424897,0.5620181,0.44610462,0.8841988,0.5189505,0.4459845,0.93110055,0.46382266,0.44596666,0.8813951,0.42068112,0.46174037,0.870852,0.60517883,0.44608957,0.8992854,0.6523447,0.4462827,0.8486392,0.7071246,0.4722184,0.9138095,0.55813473,0.6033194,0.8972067,0.54235005,0.6032512,0.907444,0.5461343,0.7233491,0.84795284,0.5461693,0.81801724,0.92109257,0.5816582,0.6033436,0.93359154,0.5815787,0.72348934,0.8815417,0.5777382,0.8178942,0.94516057,0.5503243,0.39351705,0.95103467,0.5699076,0.3936007,0.9347813,0.54627514,0.3937112,0.3878448,0.5817183,0.3987223,0.9733378,0.58182347,0.849194,0.8539662,0.59726346,0.84393936,0.77557254,0.5737469,0.82320905,0.71210796,0.55034155,0.8492763,0.8457954,0.54236734,0.8492272,0.80577046,0.5461822,0.83344495,0.7746862
2023:03:04:19:55:48,up_90_1t_,12.926881551742554,77.03,76.74,177.73,74.16,0.55424595,0.39878544,0.9444778,0.5619864,0.44606438,0.88677126,0.5189383,0.44113114,0.9347663,0.46382216,0.44113424,0.8835155,0.42069417,0.4617444,0.87284917,0.6051448,0.44606915,0.9000599,0.6522865,0.4462716,0.8511336,0.707088,0.47219917,0.91184235,0.55811375,0.60329926,0.89806855,0.5423342,0.6032323,0.90717584,0.5460971,0.7183266,0.83894634,0.5461616,0.81795776,0.9257325,0.5816406,0.60332054,0.93423015,0.5815553,0.7234556,0.87647176,0.577741,0.8178606,0.94610417,0.5502895,0.39352304,0.9515984,0.5698505,0.39360777,0.93133307,0.54622465,0.3936819,0.33466786,0.5816941,0.3987193,0.97425115,0.58178526,0.8491695,0.85535556,0.5934734,0.84390223,0.775074,0.5737621,0.8231687,0.72182775,0.5502719,0.84924465,0.85047066,0.54230124,0.84917104,0.80018866,0.54620475,0.82834995,0.77649206
2023:03:04:19:55:48,up_90_1t_,12.99031925201416,77.03,76.74,177.73,74.16,0.55424595,0.39878544,0.9444778,0.5619864,0.44606438,0.88677126,0.5189383,0.44113114,0.9347663,0.46382216,0.44113424,0.8835155,0.42069417,0.4617444,0.87284917,0.6051448,0.44606915,0.9000599,0.6522865,0.4462716,0.8511336,0.707088,0.47219917,0.91184235,0.55811375,0.60329926,0.89806855,0.5423342,0.6032323,0.90717584,0.5460971,0.7183266,0.83894634,0.5461616,0.81795776,0.9257325,0.5816406,0.60332054,0.93423015,0.5815553,0.7234556,0.87647176,0.577741,0.8178606,0.94610417,0.5502895,0.39352304,0.9515984,0.5698505,0.39360777,0.93133307,0.54622465,0.3936819,0.33466786,0.5816941,0.3987193,0.97425115,0.58178526,0.8491695,0.85535556,0.5934734,0.84390223,0.775074,0.5737621,0.8231687,0.72182775,0.5502719,0.84924465,0.85047066,0.54230124,0.84917104,0.80018866,0.54620475,0.82834995,0.77649206
2023:03:04:19:55:48,up_90_1t_,13.050158739089966,77.03,76.75,177.73,74.20,0.5542585,0.39878306,0.94359654,0.5619748,0.4460633,0.88694453,0.5189288,0.44113398,0.9358164,0.46382424,0.4411361,0.88322383,0.42070624,0.46172822,0.8758972,0.6051378,0.44605723,0.9009,0.65229315,0.44628033,0.8493937,0.7070777,0.4721936,0.9108516,0.5581149,0.6032879,0.89710104,0.5423331,0.6032181,0.9055997,0.5460919,0.7183015,0.8379204,0.54616946,0.8179465,0.92841375,0.5816435,0.60330975,0.9332865,0.58155316,0.72344303,0.87543154,0.5777442,0.8178638,0.9452138,0.55029505,0.39352098,0.95140314,0.56986344,0.39360714,0.9324088,0.5462264,0.39370066,0.37116045,0.58168894,0.398721,0.9744299,0.5817623,0.8491912,0.8608679,0.5934615,0.84393555,0.7785164,0.5737743,0.82317823,0.7207372,0.5502599,0.8492537,0.8558521,0.5422869,0.849172,0.8037373,0.5462214,0.82833916,0.7777339
2023:03:04:19:55:48,up_90_1t_,13.108004331588745,76.99,76.74,177.73,74.22,0.55423635,0.39874902,0.9485788,0.56195277,0.4460519,0.8892313,0.51891816,0.44114015,0.93467265,0.4601128,0.44113374,0.8848756,0.42069098,0.461769,0.8785231,0.60512596,0.44601047,0.9038714,0.6523407,0.44623247,0.85462695,0.70710814,0.47221693,0.91535515,0.55810577,0.603316,0.8973932,0.5423175,0.6032519,0.9035593,0.5460876,0.7183064,0.8363754,0.54616356,0.817942,0.9278438,0.5816406,0.6033325,0.93322325,0.581557,0.7234467,0.875261,0.57775193,0.81786025,0.94573015,0.55028653,0.3934965,0.9518048,0.56983376,0.39358613,0.930055,0.5462243,0.39369947,0.37619275,0.5816694,0.39871898,0.9740821,0.58178854,0.84916764,0.8542049,0.59725434,0.84392565,0.77444196,0.5737777,0.8231794,0.7220452,0.5502561,0.84924126,0.85401016,0.5422851,0.8491595,0.8008895,0.54621506,0.8283257,0.7785372
2023:03:04:19:55:48,up_90_1t_,13.16784381866455,75.62,78.08,177.74,78.19,0.5543186,0.39875928,0.9400044,0.55818045,0.44606745,0.8894827,0.518895,0.44114542,0.9357852,0.46011752,0.44113326,0.8899877,0.4207071,0.4618188,0.8828853,0.60512435,0.4460008,0.9046275,0.6523456,0.4462336,0.8534578,0.70709413,0.47220722,0.9122367,0.5580993,0.6033258,0.89772385,0.5423063,0.60326767,0.9022667,0.5460848,0.71830183,0.83552366,0.5461672,0.8179242,0.92834526,0.5816393,0.6033349,0.93264043,0.581551,0.7234612,0.8759455,0.5777554,0.81785125,0.9446266,0.5503331,0.3935123,0.9520923,0.5699189,0.39358613,0.93438566,0.5462783,0.39379716,0.5381559,0.58167464,0.3987167,0.9652699,0.58177125,0.8491623,0.8526919,0.5934779,0.8439017,0.7723922,0.57378805,0.8231617,0.7229953,0.5502481,0.8492336,0.8544583,0.54227436,0.8491436,0.79895896,0.5462267,0.8282979,0.7768397
2023:03:04:19:55:48,up_90_1t_,13.229678869247437,75.60,78.07,177.75,82.69,0.55804676,0.3987802,0.9371985,0.5581654,0.4460845,0.88954854,0.5188886,0.44114316,0.93605655,0.46386537,0.44114158,0.8897589,0.42074537,0.46182182,0.8901453,0.6051197,0.44601294,0.9037646,0.65236,0.44624257,0.8539721,0.70711064,0.472248,0.91693723,0.5580916,0.60335255,0.8966119,0.54229546,0.60330206,0.9000007,0.54607445,0.71830815,0.8362522,0.54616,0.8179291,0.9267969,0.5816278,0.60335433,0.9335475,0.58153945,0.7234902,0.8794521,0.5777553,0.81786716,0.94529873,0.55035216,0.39352867,0.9516504,0.5736425,0.39359683,0.93802273,0.5462802,0.39382914,0.6286349,0.58166003,0.39873418,0.95830023,0.58179194,0.8491809,0.85503316,0.59726334,0.84394014,0.77613294,0.5737834,0.82319105,0.7228355,0.5502685,0.8492414,0.85431063,0.5422958,0.8491598,0.8027648,0.54621005,0.82831144,0.7761741
2023:03:04:19:55:48,up_90_1t_,13.287110090255737,75.59,78.07,177.73,82.71,0.55806327,0.39879566,0.9357483,0.5581532,0.4460806,0.88986546,0.51887727,0.44113138,0.9376744,0.4638603,0.44113573,0.889919,0.42075554,0.46181506,0.89169836,0.60511523,0.44601047,0.9038943,0.6523452,0.44624922,0.85609555,0.7071248,0.47226888,0.91991335,0.55807877,0.603374,0.8965375,0.54228246,0.6033254,0.8972406,0.54607654,0.7183428,0.83672315,0.546157,0.81794876,0.9250686,0.5816204,0.6033691,0.93391454,0.5815471,0.72350574,0.88079715,0.57774824,0.81787515,0.94571,0.55035776,0.39354414,0.9525137,0.5736588,0.39360708,0.94055474,0.5462754,0.39383247,0.66138256,0.58166265,0.3987308,0.9542399,0.58180714,0.84918433,0.8544327,0.5972679,0.8439368,0.77584136,0.57376796,0.82319826,0.7192929,0.5502986,0.84924924,0.850216,0.5423259,0.8491818,0.80315745,0.546194,0.82834,0.77595246
2023:03:04:19:55:48,up_90_1t_,13.344955444335938,75.58,78.07,177.73,82.75,0.5580881,0.39882398,0.932537,0.55815154,0.44608158,0.8895245,0.51887095,0.4411372,0.9371464,0.4638572,0.44113103,0.89111453,0.42075083,0.46182138,0.89236945,0.60511684,0.44599313,0.9041082,0.6523589,0.44623768,0.85848737,0.70713776,0.47227913,0.9223038,0.558083,0.6033631,0.8964436,0.5422889,0.60331506,0.8980943,0.5460806,0.71834224,0.8379829,0.5461547,0.81794894,0.92445415,0.5816207,0.6033604,0.9336359,0.5815411,0.72349936,0.88006455,0.5777426,0.8178706,0.9461727,0.5503677,0.39357415,0.95291036,0.5736771,0.3936305,0.9445958,0.546269,0.39384994,0.7110193,0.5816553,0.39874053,0.95134366,0.5817985,0.8491735,0.85507476,0.597252,0.84392226,0.77547795,0.5737618,0.82318795,0.7211528,0.5502897,0.849244,0.84887815,0.5423188,0.84917796,0.80039954,0.54619396,0.8283398,0.7754161
2023:03:04:19:55:48,up_90_1t_,13.406790494918823,75.57,78.07,177.73,82.76,0.5580803,0.39880773,0.9341257,0.55812854,0.44608003,0.89170027,0.51886284,0.44113576,0.93786407,0.46384373,0.44113117,0.8906817,0.42075,0.46183154,0.89244425,0.6050892,0.44597906,0.9025592,0.65616333,0.4461993,0.86113346,0.7071887,0.47228158,0.92119384,0.5580753,0.608138,0.89691377,0.5422904,0.6033525,0.89781576,0.54608136,0.7183648,0.83929753,0.54615134,0.8179352,0.9247583,0.58161116,0.60816026,0.93570447,0.5815423,0.7235334,0.8832525,0.57774055,0.81786805,0.9461448,0.55036056,0.3935581,0.95408595,0.5736722,0.39361885,0.94416225,0.54625493,0.39384645,0.7323532,0.58164227,0.3987434,0.9499968,0.5817891,0.84916794,0.85425544,0.59347624,0.84389764,0.77553886,0.57376087,0.8231776,0.72274387,0.55027384,0.8492321,0.8489816,0.54230434,0.84915745,0.79774666,0.54619527,0.82831323,0.7757224
2023:03:04:19:55:48,up_90_1t_,13.470619440078735,75.59,78.04,177.74,82.74,0.55807215,0.3987837,0.93576646,0.558129,0.44608927,0.8914296,0.51886165,0.44113466,0.9391456,0.46386722,0.44597605,0.88554573,0.4207574,0.46187028,0.89535445,0.6051026,0.4459961,0.90293944,0.6561869,0.4461913,0.8601402,0.70716614,0.47226155,0.92098457,0.55806684,0.60812634,0.89725536,0.5422826,0.60333973,0.8972988,0.54607314,0.71831787,0.83699214,0.54615176,0.81790996,0.92661774,0.58160126,0.60815114,0.9362073,0.5815178,0.7235242,0.88254994,0.57773286,0.8178562,0.9449429,0.5503575,0.3935308,0.9527199,0.57366824,0.3936,0.94275284,0.546252,0.3938275,0.73640156,0.58163005,0.39874437,0.94798285,0.5817588,0.84916717,0.85700786,0.5934502,0.8439044,0.77770513,0.5737601,0.82316476,0.7236521,0.55024225,0.8492257,0.85609365,0.54226977,0.8491401,0.800601,0.546202,0.8282854,0.7760973
2023:03:04:19:55:48,up_90_1t_,13.530493974685669,75.61,75.26,177.75,82.69,0.5580265,0.39874482,0.9402928,0.5581103,0.44610193,0.89143145,0.51886517,0.4411364,0.9366814,0.46388337,0.44599652,0.8852271,0.4207335,0.46691418,0.8992118,0.6050755,0.4460091,0.90039796,0.65614223,0.4461986,0.85674596,0.7071314,0.47222403,0.9186555,0.5580616,0.6033674,0.8981533,0.5422813,0.6033274,0.89770144,0.5460665,0.71828973,0.8362068,0.5461492,0.8179168,0.9253362,0.5815958,0.60335535,0.9358423,0.58151704,0.7234936,0.88118863,0.57773983,0.8178506,0.9465714,0.55033535,0.39349437,0.9520916,0.57363516,0.3935784,0.93675506,0.5462475,0.3938228,0.70979375,0.5816053,0.39875317,0.94991666,0.5817768,0.8491559,0.85415846,0.59347004,0.84388393,0.7750064,0.5737665,0.8231632,0.7261914,0.5502537,0.8492213,0.85280097,0.542285,0.8491409,0.79901224,0.54619867,0.8282975,0.77422446
2023:03:04:19:55:48,up_90_1t_,13.58736777305603,75.62,77.92,177.75,85.21,0.55431557,0.39872277,0.94275385,0.55810916,0.44612056,0.89054143,0.5188677,0.44597134,0.9330452,0.46388963,0.44602564,0.88245803,0.42071193,0.46695283,0.8994453,0.60507214,0.4460172,0.8993326,0.65613043,0.44619137,0.85474193,0.7071221,0.47220325,0.9163444,0.5580638,0.60813504,0.8966804,0.5422808,0.60335827,0.8963258,0.5460601,0.7183594,0.83703214,0.54614884,0.8179342,0.92301595,0.58159983,0.6081457,0.93485105,0.58151203,0.72353774,0.8841174,0.5777285,0.8178574,0.9448064,0.5503266,0.3934777,0.9511654,0.5699284,0.39357227,0.93267584,0.54624873,0.3938166,0.6943591,0.5815883,0.39876428,0.94758904,0.5817919,0.8491623,0.8536655,0.59347826,0.8438877,0.77562386,0.5737453,0.8231646,0.7232193,0.5502641,0.8492302,0.8515414,0.54229724,0.8491596,0.80097437,0.54618967,0.82832485,0.7730643
2023:03:04:19:55:48,up_90_1t_,13.647146940231323,75.62,77.92,177.75,85.21,0.55431557,0.39872277,0.94275385,0.55810916,0.44612056,0.89054143,0.5188677,0.44597134,0.9330452,0.46388963,0.44602564,0.88245803,0.42071193,0.46695283,0.8994453,0.60507214,0.4460172,0.8993326,0.65613043,0.44619137,0.85474193,0.7071221,0.47220325,0.9163444,0.5580638,0.60813504,0.8966804,0.5422808,0.60335827,0.8963258,0.5460601,0.7183594,0.83703214,0.54614884,0.8179342,0.92301595,0.58159983,0.6081457,0.93485105,0.58151203,0.72353774,0.8841174,0.5777285,0.8178574,0.9448064,0.5503266,0.3934777,0.9511654,0.5699284,0.39357227,0.93267584,0.54624873,0.3938166,0.6943591,0.5815883,0.39876428,0.94758904,0.5817919,0.8491623,0.8536655,0.59347826,0.8438877,0.77562386,0.5737453,0.8231646,0.7232193,0.5502641,0.8492302,0.8515414,0.54229724,0.8491596,0.80097437,0.54618967,0.82832485,0.7730643
2023:03:04:19:55:49,up_90_1t_,13.710976600646973,75.62,77.90,177.76,85.18,0.55429614,0.3987148,0.94457597,0.55813116,0.44611657,0.889768,0.51887125,0.4459808,0.9308734,0.46389186,0.44604152,0.8798891,0.42068404,0.46698344,0.8967513,0.6051001,0.44600916,0.9016776,0.65617174,0.4461951,0.8524135,0.70714796,0.4722099,0.91830856,0.55807024,0.6081448,0.8956084,0.54227775,0.6033657,0.89448714,0.54246587,0.71833616,0.8346146,0.54614896,0.81792724,0.9224004,0.5816096,0.6081544,0.9343968,0.5815113,0.7235444,0.8829162,0.57773983,0.81786406,0.94437,0.5503164,0.39346686,0.9493035,0.56990385,0.39356592,0.9309221,0.5462436,0.39380658,0.6595433,0.5815849,0.398761,0.9466375,0.58177376,0.84916306,0.8523346,0.59346396,0.8438978,0.7741838,0.5737676,0.82317317,0.72704315,0.55024475,0.84922147,0.853623,0.54227847,0.8491421,0.79890704,0.54620326,0.8283098,0.7718625
2023:03:04:19:55:49,up_90_1t_,13.768821716308594,75.63,77.89,177.75,85.58,0.5542903,0.39397386,0.94475424,0.55813104,0.4461193,0.8895071,0.5188672,0.44597995,0.929924,0.46390206,0.44603318,0.8811592,0.42068228,0.466999,0.89763546,0.60509586,0.44601247,0.9012179,0.6561554,0.4461915,0.85173666,0.7071489,0.47220027,0.9201289,0.5580689,0.608134,0.8963985,0.5422733,0.60335386,0.89667195,0.54245406,0.71833307,0.8334414,0.54614866,0.81793034,0.92277235,0.58160836,0.60814416,0.93394923,0.5815207,0.72355837,0.8849735,0.5777423,0.81787026,0.9450088,0.550321,0.39344802,0.94566065,0.56990075,0.39355505,0.92898566,0.54624724,0.39379874,0.6532649,0.58158004,0.3987702,0.9438685,0.58176345,0.8491667,0.8554579,0.5934595,0.8439075,0.77698916,0.5737727,0.8231822,0.72595733,0.5502373,0.849231,0.8566374,0.54226595,0.84914863,0.8002071,0.5462071,0.8283174,0.77103806
2023:03:04:19:55:49,up_90_1t_,13.826667070388794,75.64,77.91,177.74,85.57,0.55427116,0.39395165,0.947935,0.55812085,0.44612482,0.8907684,0.5188544,0.4459792,0.9318483,0.463913,0.4460579,0.88005614,0.4206816,0.46700227,0.8981823,0.6050881,0.44603026,0.89825773,0.6561658,0.44618937,0.84745973,0.7071325,0.47216463,0.91536146,0.5581055,0.6033576,0.8961109,0.54230154,0.60332644,0.90335846,0.5424364,0.7182961,0.8276681,0.5461516,0.8179237,0.9226554,0.5816394,0.603338,0.9325666,0.5815511,0.72353137,0.88362765,0.5777539,0.81787926,0.9458582,0.55031466,0.39342526,0.9427421,0.5698807,0.39353728,0.9260956,0.5462441,0.3937879,0.62660164,0.58157116,0.3987646,0.94239914,0.58175254,0.8491914,0.86047125,0.59346586,0.8439459,0.7808539,0.5737906,0.82319045,0.7311158,0.5502109,0.8492386,0.8569219,0.5422407,0.84914047,0.79639363,0.5462263,0.82830423,0.7697685
2023:03:04:19:55:49,up_90_1t_,13.888096570968628,75.65,77.90,177.75,85.55,0.5542517,0.39394695,0.9503881,0.558116,0.44611755,0.89158165,0.51885295,0.44596854,0.93363243,0.4639153,0.4460459,0.88184804,0.4206755,0.46699804,0.8989717,0.60508436,0.44602314,0.897741,0.6561847,0.44617638,0.8484266,0.7071397,0.47215632,0.9159705,0.5580823,0.6033794,0.89657736,0.54228526,0.60334873,0.90093434,0.54241294,0.7182789,0.8258049,0.5461521,0.8178934,0.92487925,0.5816182,0.60335594,0.93369234,0.5815294,0.7235545,0.88418055,0.5777572,0.81787086,0.94619554,0.5503061,0.39342216,0.94307256,0.56986076,0.3935353,0.92521834,0.5462381,0.39378393,0.59492177,0.58156866,0.3987606,0.94425476,0.5817216,0.84917545,0.8646433,0.5934386,0.8439434,0.78365815,0.573809,0.8231838,0.73741317,0.55017,0.84921694,0.8628111,0.53850955,0.84909374,0.79529005,0.5462508,0.8282589,0.7726823
2023:03:04:19:55:49,up_90_1t_,13.95192551612854,75.69,77.91,177.79,85.57,0.55427027,0.3939356,0.9492456,0.55812365,0.44612736,0.89088446,0.5188614,0.44598332,0.9317866,0.46391934,0.44603932,0.8818862,0.4206762,0.4669949,0.90030813,0.6050862,0.4460255,0.89840126,0.65617186,0.4461728,0.8500707,0.7071232,0.47208393,0.9086622,0.5580825,0.60337543,0.8978715,0.5422938,0.6033462,0.9046639,0.5423932,0.71823955,0.8261868,0.5461556,0.8178773,0.92993003,0.58161086,0.6033507,0.9344704,0.5815026,0.7235094,0.8805673,0.5777738,0.8178435,0.9475186,0.55031604,0.39341,0.94161224,0.5698802,0.3935257,0.9249367,0.54624313,0.3937796,0.63246214,0.5815669,0.39876476,0.9398297,0.58166635,0.84916306,0.86655754,0.5934174,0.8439455,0.7804983,0.57384276,0.8231541,0.7453429,0.550109,0.8492153,0.8780237,0.5384442,0.8490751,0.80157137,0.5462896,0.82823163,0.77527344
2023:03:04:19:55:49,up_90_1t_,14.009396076202393,75.71,77.90,177.81,85.55,0.55426776,0.39393613,0.94868946,0.5581272,0.44613847,0.8895709,0.51886004,0.44598898,0.93095946,0.46392053,0.44602695,0.8840204,0.4206769,0.46699727,0.9024999,0.6051005,0.4460405,0.8974225,0.6561793,0.44618332,0.8446085,0.70712775,0.47207752,0.9089462,0.55806756,0.60337,0.8979547,0.54228336,0.60333747,0.9032204,0.54236704,0.718216,0.82231283,0.54614955,0.8178415,0.9287324,0.5815965,0.60334736,0.9340239,0.58148164,0.72352225,0.8797518,0.5777796,0.8178392,0.9474215,0.55031174,0.3934109,0.9414544,0.56987715,0.39352477,0.92436284,0.54623914,0.3937838,0.6241492,0.58156854,0.3987654,0.93981946,0.58162636,0.8491607,0.86796397,0.59338266,0.84395695,0.782034,0.57747316,0.8231562,0.7506113,0.5500679,0.8491914,0.8763401,0.5383978,0.8490323,0.79370797,0.5463086,0.8281791,0.77168494
2023:03:04:19:55:49,up_90_1t_,14.065211296081543,75.69,77.89,177.84,85.55,0.55426246,0.39390892,0.9501605,0.55812174,0.44614077,0.8901216,0.51886547,0.44598386,0.93238676,0.46393442,0.44602832,0.88587487,0.42069933,0.46700308,0.9075887,0.60509276,0.44604382,0.8966331,0.6561578,0.44620347,0.84268045,0.7071227,0.47211275,0.9124788,0.5580442,0.60814977,0.89946437,0.5422759,0.60813445,0.90332144,0.5423555,0.7182405,0.8235122,0.546151,0.8178179,0.9298006,0.5815678,0.6081439,0.93408763,0.5814411,0.72356373,0.880518,0.577775,0.81782925,0.9471623,0.55031127,0.3885834,0.9384093,0.56986713,0.39350414,0.92154264,0.5462475,0.39377737,0.6162422,0.5815557,0.3987613,0.9398309,0.58159274,0.84914666,0.86921746,0.59335816,0.8439459,0.78332716,0.57748294,0.82314265,0.75555044,0.5464804,0.8491748,0.8806547,0.53836185,0.84900415,0.7931976,0.54632795,0.82319844,0.7723263
2023:03:04:19:55:49,up_90_1t_,14.125051259994507,77.00,76.57,178.25,85.55,0.5542673,0.3938769,0.95076597,0.558106,0.44616085,0.8908203,0.5188619,0.44599086,0.9329894,0.46393996,0.4460269,0.8871072,0.42069742,0.46701273,0.9062016,0.6050841,0.44606376,0.8945699,0.6561428,0.4462208,0.84155357,0.70710427,0.47215015,0.91479427,0.5543167,0.6081837,0.9014319,0.5422563,0.6081645,0.90083027,0.54235816,0.71828187,0.826419,0.54614794,0.81782734,0.93059736,0.58152443,0.608173,0.9368489,0.577865,0.72362113,0.88487685,0.5777567,0.81783724,0.94834113,0.5503146,0.38854635,0.936998,0.5698688,0.39347234,0.91824585,0.54625374,0.39377016,0.64145863,0.5815414,0.398753,0.94007754,0.5815965,0.8491506,0.8668022,0.59334546,0.84393835,0.78291655,0.5738579,0.82314885,0.7542591,0.5500542,0.84917164,0.88384646,0.53837454,0.8490078,0.79784054,0.5463144,0.82321066,0.7733466
2023:03:04:19:55:49,up_90_1t_,14.186885356903076,77.00,76.57,178.25,85.55,0.5542673,0.3938769,0.95076597,0.558106,0.44616085,0.8908203,0.5188619,0.44599086,0.9329894,0.46393996,0.4460269,0.8871072,0.42069742,0.46701273,0.9062016,0.6050841,0.44606376,0.8945699,0.6561428,0.4462208,0.84155357,0.70710427,0.47215015,0.91479427,0.5543167,0.6081837,0.9014319,0.5422563,0.6081645,0.90083027,0.54235816,0.71828187,0.826419,0.54614794,0.81782734,0.93059736,0.58152443,0.608173,0.9368489,0.577865,0.72362113,0.88487685,0.5777567,0.81783724,0.94834113,0.5503146,0.38854635,0.936998,0.5698688,0.39347234,0.91824585,0.54625374,0.39377016,0.64145863,0.5815414,0.398753,0.94007754,0.5815965,0.8491506,0.8668022,0.59334546,0.84393835,0.78291655,0.5738579,0.82314885,0.7542591,0.5500542,0.84917164,0.88384646,0.53837454,0.8490078,0.79784054,0.5463144,0.82321066,0.7733466
2023:03:04:19:55:49,up_90_1t_,14.244731187820435,77.01,76.58,178.32,85.52,0.55424577,0.39387718,0.9518662,0.5581115,0.44616234,0.8903956,0.5188686,0.44599253,0.9330373,0.46393132,0.44601667,0.89000666,0.42071876,0.46699032,0.90911555,0.60507685,0.44606593,0.8933462,0.65616506,0.4462094,0.8400175,0.70710367,0.47213566,0.9138941,0.5543139,0.60820854,0.900282,0.5422648,0.6081806,0.9010625,0.5423816,0.71836203,0.82896507,0.54615015,0.8178291,0.9296173,0.58151376,0.6082014,0.93822205,0.57784945,0.7285828,0.8942635,0.5777507,0.8178443,0.9467423,0.55030346,0.38855335,0.9364803,0.56984144,0.39347646,0.9161618,0.54624724,0.39378482,0.6082819,0.5815335,0.3987651,0.9387822,0.5816036,0.849143,0.8606869,0.5933418,0.8439274,0.78108203,0.5738495,0.8231432,0.75372833,0.55006224,0.84915596,0.88069034,0.5383841,0.84899384,0.7957736,0.5463068,0.8232018,0.7733579
2023:03:04:19:55:49,up_90_1t_,14.302129745483398,77.00,76.60,178.31,85.51,0.5542082,0.39387855,0.9555005,0.55810606,0.44616336,0.8908224,0.5188782,0.44601038,0.9307524,0.46394977,0.44602013,0.8904951,0.42075363,0.46697184,0.91001457,0.6050584,0.44606712,0.8909064,0.6523692,0.44622228,0.84014636,0.7070624,0.47215852,0.91449237,0.554301,0.608183,0.90184605,0.5422653,0.60815114,0.9019974,0.5423764,0.71831626,0.82705283,0.54614705,0.8178134,0.9290629,0.58149254,0.6081822,0.9381117,0.5778293,0.728545,0.8897357,0.57774633,0.8178359,0.9457448,0.5502796,0.388553,0.93728876,0.5698044,0.3934741,0.9143679,0.5462269,0.3937744,0.5608522,0.5815227,0.39875582,0.9443187,0.5815994,0.84912604,0.8552146,0.5933322,0.84390473,0.77571154,0.57384324,0.8231353,0.751243,0.5500679,0.8491332,0.87756175,0.5383861,0.844051,0.7955805,0.54629594,0.8231849,0.77320874
2023:03:04:19:55:49,up_90_1t_,14.364006280899048,77.01,76.59,178.31,85.49,0.554184,0.3938851,0.9572777,0.55809724,0.44616798,0.8910182,0.5188709,0.44600978,0.9314542,0.46395913,0.44602233,0.8899263,0.4207671,0.46695706,0.91195774,0.6050563,0.4460766,0.88875574,0.6523775,0.4462236,0.83813655,0.70706046,0.47215837,0.9128206,0.55426866,0.60819995,0.90351266,0.5422468,0.60816395,0.89914817,0.54239833,0.71836704,0.8323324,0.54615015,0.8178456,0.92888224,0.581459,0.60819983,0.93705785,0.5778084,0.7285597,0.89107496,0.5777416,0.81784606,0.9445841,0.55026585,0.38856214,0.9383132,0.56977844,0.3934794,0.91344035,0.5462149,0.39376953,0.53466886,0.5815154,0.39875704,0.9448453,0.5816217,0.8491319,0.8547754,0.5933445,0.8438911,0.775324,0.5738323,0.82315123,0.7442133,0.5500937,0.84916246,0.8801147,0.5384215,0.8490159,0.8008377,0.5462856,0.8281797,0.7710214
2023:03:04:19:55:49,up_90_1t_,14.42679500579834,77.02,76.60,179.98,85.49,0.554166,0.39386111,0.95951664,0.5580873,0.44616142,0.89287055,0.51886934,0.44600675,0.93182254,0.4639413,0.44601846,0.8908399,0.42074493,0.46694666,0.91139853,0.60504115,0.4460719,0.8873952,0.65235466,0.44621322,0.8406096,0.7070469,0.47213784,0.9119141,0.5542632,0.6081585,0.90407115,0.54224986,0.6033647,0.90059876,0.5423926,0.7183198,0.83158314,0.54615015,0.8178209,0.9304584,0.5778858,0.6081704,0.9364546,0.5777896,0.7285264,0.88762665,0.57774585,0.81782925,0.94449013,0.55025965,0.38852987,0.9365409,0.5697629,0.39346105,0.9113615,0.54620934,0.39373702,0.49765176,0.58151656,0.39875057,0.94718367,0.58160806,0.8491317,0.8556448,0.5933452,0.84388584,0.77421784,0.5738455,0.8231413,0.7427244,0.5500963,0.8491569,0.88053006,0.53841805,0.8490073,0.80067384,0.546289,0.8232031,0.7702244
2023:03:04:19:55:49,up_90_1t_,14.484641075134277,77.02,76.61,179.99,85.45,0.5541426,0.39387077,0.9612398,0.5580927,0.44616696,0.892121,0.5188727,0.44601244,0.9308326,0.46395084,0.4460296,0.8888189,0.42075202,0.466934,0.9099965,0.6050466,0.44607913,0.8869363,0.6523651,0.44621858,0.8380448,0.7070447,0.4721434,0.9118178,0.5542583,0.6081829,0.9034704,0.54224324,0.6081417,0.89816695,0.54239357,0.7183515,0.8311498,0.54615206,0.81780744,0.92999583,0.5778856,0.608193,0.93610805,0.57779276,0.7285671,0.8912962,0.57774407,0.81783485,0.9434942,0.550245,0.3885442,0.93800724,0.56599087,0.39347106,0.9117643,0.54619527,0.3937137,0.45671225,0.5815147,0.39875364,0.95034933,0.5815857,0.8491355,0.8545997,0.5895742,0.843889,0.77560544,0.57385194,0.82314104,0.7471754,0.5500663,0.84915316,0.88449556,0.53838617,0.84899044,0.80201524,0.546302,0.82318175,0.7710321
2023:03:04:19:55:49,up_90_1t_,14.540491580963135,77.02,76.61,179.99,85.47,0.55414766,0.39388388,0.95989966,0.5580783,0.44616678,0.8930278,0.51886195,0.44600832,0.93220085,0.4639551,0.44602895,0.8891481,0.42076877,0.46691397,0.91002685,0.60504866,0.44607565,0.8872821,0.65614855,0.4462325,0.8356609,0.70707166,0.47215405,0.9094832,0.5542474,0.6081565,0.90604454,0.54222965,0.6033541,0.8985269,0.5423862,0.7182987,0.8289493,0.5461502,0.8178198,0.9295953,0.5778767,0.6081796,0.9374165,0.5777887,0.7285205,0.8869852,0.57774305,0.81783944,0.9455768,0.5502467,0.38855982,0.9388863,0.5659949,0.39348462,0.91285026,0.5461987,0.39372277,0.46175137,0.5815152,0.39875963,0.95121586,0.58160913,0.8491392,0.85707927,0.5933397,0.84389925,0.77658886,0.573843,0.8231567,0.7449182,0.5500816,0.8491572,0.8811278,0.53840274,0.84900486,0.8018457,0.5462921,0.82320285,0.7718501
2023:03:04:19:55:49,up_90_1t_,14.600331544876099,77.02,76.62,179.98,85.45,0.5541309,0.39389384,0.96090794,0.5580789,0.4461679,0.8931447,0.5188633,0.44601044,0.93240315,0.4639539,0.4460299,0.88843715,0.42076656,0.4669074,0.90872025,0.6050485,0.4460803,0.8869846,0.65615195,0.44624192,0.8350398,0.707076,0.4721615,0.90950835,0.55424535,0.6081483,0.9067249,0.5422307,0.6033436,0.89893186,0.5423954,0.7182699,0.82887274,0.5461484,0.81782734,0.9294019,0.57787496,0.6081732,0.9383209,0.5777879,0.72365445,0.8867732,0.5777443,0.8178411,0.9454993,0.5502361,0.38857335,0.9400009,0.5659773,0.3934964,0.913671,0.54618424,0.39370444,0.43042254,0.5815148,0.39876798,0.951608,0.5816149,0.8491395,0.8532077,0.59334064,0.8438974,0.77286553,0.5738392,0.82315737,0.7430872,0.5501006,0.84915507,0.880944,0.5384243,0.84901035,0.8031333,0.54628175,0.8232147,0.7715663
2023:03:04:19:55:50,up_90_1t_,14.662166357040405,77.05,76.60,179.98,85.43,0.55413276,0.39388293,0.96128166,0.55808765,0.44617826,0.89179325,0.51886976,0.44600737,0.93293005,0.46395802,0.44605,0.8867283,0.4207694,0.4669258,0.9123911,0.60505086,0.446099,0.88535047,0.6561703,0.44624296,0.8335098,0.70708257,0.472147,0.9081,0.5542232,0.6081463,0.9100057,0.54221284,0.60333157,0.8980648,0.542397,0.71825534,0.8294666,0.5461514,0.8178096,0.9289971,0.5778578,0.6081848,0.93999344,0.5777741,0.72852504,0.88911295,0.5777401,0.8178273,0.94343126,0.55024093,0.38856012,0.9384447,0.565982,0.39348808,0.91300714,0.5461892,0.39369765,0.42508185,0.5815139,0.39876994,0.95139384,0.5815777,0.849125,0.8508989,0.58955514,0.8438755,0.77259886,0.5738462,0.8231374,0.74399316,0.55008423,0.8491408,0.8843446,0.5384012,0.84406507,0.80407786,0.546292,0.82319164,0.76995635
2023:03:04:19:55:50,up_90_1t_,14.718016862869263,77.07,76.56,179.98,85.44,0.55413824,0.3938862,0.96116686,0.5580785,0.44616583,0.8932621,0.5188638,0.44599658,0.9344356,0.4639458,0.44603813,0.88788074,0.42075983,0.46692467,0.9086914,0.6050382,0.4460767,0.88670266,0.65235865,0.44621897,0.8389323,0.7070664,0.47213772,0.90816826,0.55422926,0.6033741,0.9104452,0.5422121,0.60329866,0.89911866,0.54236734,0.7182264,0.82584214,0.5461388,0.8177693,0.9295905,0.577864,0.6081634,0.94020754,0.5777755,0.72851974,0.88878375,0.57773834,0.81782633,0.9459827,0.5502436,0.3885633,0.9394187,0.56598556,0.39349118,0.9131439,0.54619503,0.3937164,0.4485976,0.58151144,0.39877093,0.9522357,0.58155006,0.8491254,0.85451055,0.58953595,0.8438934,0.7787636,0.5738594,0.8231452,0.75405955,0.54646057,0.849132,0.8913122,0.53457546,0.8440185,0.80444264,0.5463047,0.82314205,0.7746938
2023:03:04:19:55:50,up_90_1t_,14.773902416229248,77.03,76.59,179.98,85.47,0.5541587,0.39387697,0.95955706,0.5580778,0.44615054,0.89465135,0.5188568,0.44598597,0.9355291,0.46394932,0.4460073,0.89127207,0.42075768,0.46692467,0.91049427,0.60504735,0.44606122,0.88959455,0.65617067,0.44620574,0.83815074,0.7070926,0.47213143,0.90865135,0.5542227,0.6081434,0.9099516,0.5385255,0.6033281,0.8969909,0.5423669,0.7182465,0.825,0.546142,0.8177517,0.9284807,0.5778595,0.60818017,0.9394829,0.5777783,0.728535,0.8900778,0.57774794,0.8178217,0.9453715,0.55025387,0.38855043,0.9384209,0.56975144,0.39347774,0.9117885,0.5462015,0.39374405,0.49504048,0.5815073,0.39876604,0.9496488,0.5815529,0.8491171,0.8511288,0.58955365,0.84388477,0.77644354,0.57747465,0.82314396,0.75489956,0.5464454,0.8491275,0.89465773,0.5345481,0.8440025,0.80576473,0.5463181,0.82311857,0.77362543
2023:03:04:19:55:50,up_90_1t_,14.83171272277832,77.04,76.59,179.99,85.49,0.5541681,0.39387113,0.9588206,0.55807763,0.4461488,0.89456123,0.5188547,0.44598743,0.9349671,0.46395373,0.44602686,0.88999027,0.4207615,0.46692032,0.90986073,0.6050445,0.44605008,0.890388,0.6523775,0.44619718,0.8403636,0.70705986,0.47210482,0.9061269,0.5542102,0.6081415,0.91067994,0.5385105,0.6033277,0.8955351,0.5423703,0.7182345,0.8271046,0.5461419,0.8177653,0.9307581,0.57784784,0.60817605,0.939191,0.577775,0.7285205,0.8904713,0.5777414,0.81781787,0.94587874,0.5502571,0.3885427,0.93786734,0.5697618,0.39346904,0.91169506,0.5462037,0.39375147,0.5132802,0.5815102,0.39875948,0.9490128,0.58159006,0.84912604,0.85079616,0.58957875,0.84387267,0.7724635,0.5738536,0.8231393,0.748411,0.5500598,0.8491126,0.8890359,0.5383612,0.8440197,0.8059333,0.54629165,0.82313955,0.7749743
2023:03:04:19:55:50,up_90_1t_,14.89314866065979,77.05,76.58,179.98,85.49,0.55416983,0.39386767,0.95863235,0.5580769,0.44614756,0.8945878,0.5188532,0.4459838,0.93562925,0.46393567,0.4460139,0.89198095,0.42074278,0.46692246,0.9086986,0.6050408,0.44605446,0.88950187,0.65236396,0.4462003,0.83957595,0.7070595,0.47209945,0.90634245,0.5542036,0.6081359,0.9120675,0.5385065,0.60331976,0.89601886,0.5423722,0.71819144,0.82621205,0.5461442,0.81775606,0.93136024,0.5778415,0.60817426,0.9403131,0.57776845,0.72364587,0.88871384,0.57773966,0.8178119,0.94575495,0.55026037,0.38853747,0.93669784,0.56976527,0.393468,0.91176605,0.5462031,0.39374936,0.5103537,0.5815126,0.39876258,0.94841015,0.5815835,0.8491198,0.8499085,0.5895714,0.8438691,0.77263165,0.57385576,0.8231355,0.74968743,0.5464881,0.849114,0.8913718,0.53834945,0.8440125,0.80696535,0.54629785,0.82313013,0.7765678
2023:03:04:19:55:50,up_90_1t_,14.9525728225708,77.10,76.54,179.98,85.50,0.554172,0.39386198,0.9581792,0.55807793,0.44615278,0.8941452,0.5188581,0.44599384,0.9345256,0.46394026,0.44601807,0.89249724,0.4207603,0.46693546,0.90501475,0.6050298,0.44605574,0.8890991,0.6523311,0.44619203,0.8447316,0.70704865,0.47208652,0.90369326,0.55419743,0.603367,0.9117117,0.5385023,0.60328496,0.8940779,0.54238576,0.7131389,0.82806855,0.54614514,0.8177641,0.93126327,0.5778298,0.6081547,0.94043237,0.5777619,0.7236265,0.88478017,0.57773703,0.8178068,0.94381607,0.5502652,0.388534,0.9355024,0.56976575,0.39346716,0.91156816,0.54621094,0.3937472,0.5021721,0.581511,0.39876324,0.94743514,0.5815858,0.8491206,0.8488087,0.5895651,0.84386873,0.770416,0.5738475,0.8231183,0.7475775,0.55007666,0.8491142,0.8893,0.53838384,0.84402746,0.8083334,0.5462882,0.8231426,0.7759003
2023:03:04:19:55:50,up_90_1t_,15.009972333908081,77.10,76.54,179.98,85.50,0.554172,0.39386198,0.9581792,0.55807793,0.44615278,0.8941452,0.5188581,0.44599384,0.9345256,0.46394026,0.44601807,0.89249724,0.4207603,0.46693546,0.90501475,0.6050298,0.44605574,0.8890991,0.6523311,0.44619203,0.8447316,0.70704865,0.47208652,0.90369326,0.55419743,0.603367,0.9117117,0.5385023,0.60328496,0.8940779,0.54238576,0.7131389,0.82806855,0.54614514,0.8177641,0.93126327,0.5778298,0.6081547,0.94043237,0.5777619,0.7236265,0.88478017,0.57773703,0.8178068,0.94381607,0.5502652,0.388534,0.9355024,0.56976575,0.39346716,0.91156816,0.54621094,0.3937472,0.5021721,0.581511,0.39876324,0.94743514,0.5815858,0.8491206,0.8488087,0.5895651,0.84386873,0.770416,0.5738475,0.8231183,0.7475775,0.55007666,0.8491142,0.8893,0.53838384,0.84402746,0.8083334,0.5462882,0.8231426,0.7759003
2023:03:04:19:55:50,up_90_1t_,15.069812059402466,77.05,76.57,180.00,85.48,0.5541674,0.39386433,0.95812476,0.5580761,0.4461551,0.89462817,0.518852,0.44598857,0.9358081,0.46394312,0.44602728,0.89165705,0.4207456,0.4669538,0.90694475,0.6050338,0.44606316,0.88907146,0.6523486,0.44618672,0.8454302,0.70705473,0.47209477,0.907666,0.5542144,0.6081274,0.91049755,0.5385279,0.6033099,0.8961601,0.5423985,0.7182205,0.82845396,0.5461373,0.817794,0.9282796,0.5778453,0.60816866,0.9404521,0.5777798,0.7285235,0.8875668,0.5777361,0.81782293,0.9444073,0.55026346,0.3885369,0.935405,0.5697576,0.39347053,0.9114849,0.54621273,0.39374188,0.49397612,0.5815036,0.3987669,0.9478416,0.58159393,0.84912133,0.84715974,0.5895697,0.84386724,0.76944935,0.573838,0.8231275,0.74617237,0.5500703,0.84912544,0.8865875,0.53837806,0.8440421,0.8048843,0.54627556,0.8231729,0.7720956
2023:03:04:19:55:50,up_90_1t_,15.133641481399536,77.06,76.57,180.00,85.47,0.5541652,0.3938765,0.9579996,0.55808127,0.44615108,0.8945708,0.5188518,0.44598344,0.9346448,0.46393844,0.44600394,0.8933413,0.42073452,0.4669557,0.9070624,0.60504603,0.44606924,0.89061594,0.6561547,0.4461831,0.8466534,0.7070835,0.47209993,0.91072875,0.5542159,0.6081605,0.9100017,0.53852534,0.6033393,0.89521104,0.5424099,0.71826,0.83071357,0.54613954,0.81781185,0.9280433,0.57784975,0.60819834,0.94094664,0.57778406,0.72854644,0.8897483,0.57773316,0.81783,0.9440622,0.55026233,0.3885503,0.9364966,0.5697549,0.39348137,0.91235554,0.54621255,0.393736,0.48394805,0.5815062,0.39876935,0.9476871,0.5816044,0.8491253,0.8479428,0.58957213,0.8438693,0.76982963,0.5738262,0.8231312,0.7437237,0.55008906,0.8491355,0.8861377,0.53840536,0.84406126,0.8067901,0.5462698,0.823194,0.7721844
2023:03:04:19:55:50,up_90_1t_,15.191486835479736,77.05,76.56,179.99,85.49,0.55418307,0.3938663,0.95654917,0.5580888,0.44614694,0.8941158,0.518854,0.44598553,0.9335123,0.46394736,0.4459956,0.8931314,0.4207307,0.46696997,0.90769964,0.60505414,0.44606388,0.8916331,0.6561911,0.4461874,0.84627396,0.7070944,0.47210118,0.9119899,0.55421686,0.6081363,0.9080535,0.5385212,0.6033204,0.89461064,0.5424075,0.71822166,0.82812047,0.54614747,0.8178077,0.92951006,0.5778499,0.6081728,0.9380071,0.5777816,0.7236455,0.8854088,0.5777348,0.81782347,0.9443839,0.55027395,0.38853782,0.9354387,0.5697758,0.39347073,0.9126388,0.5462212,0.39374435,0.5085245,0.58151156,0.39876533,0.9458984,0.5816208,0.8491261,0.849108,0.5933444,0.84387636,0.76970744,0.57382596,0.8231339,0.7395075,0.5501126,0.8491337,0.8826308,0.5384265,0.84406483,0.806509,0.54627234,0.82319885,0.7716516
2023:03:04:19:55:50,up_90_1t_,15.249331951141357,77.04,76.55,179.99,85.49,0.55418396,0.39385352,0.95684266,0.5580851,0.4461405,0.894938,0.51885325,0.44597596,0.93477094,0.4639383,0.44600093,0.8938202,0.42072856,0.4669768,0.90846,0.6050471,0.44606385,0.89147866,0.6561672,0.44619837,0.8461972,0.7070824,0.47211754,0.9128711,0.5542213,0.6081372,0.90853,0.53852177,0.60332215,0.89541733,0.5423988,0.71820605,0.82704437,0.54614687,0.81778693,0.9303371,0.57785594,0.6081739,0.93877846,0.57778364,0.72364193,0.88505656,0.5777347,0.8178217,0.9455002,0.550275,0.38851908,0.9342153,0.56977814,0.39345726,0.9114633,0.5462221,0.3937311,0.5109472,0.5815112,0.39875343,0.9460635,0.5816093,0.8491307,0.85130477,0.5933377,0.8438886,0.7721337,0.57383376,0.8231326,0.74577564,0.5500847,0.84912723,0.8843552,0.5383938,0.84404457,0.8048621,0.54628325,0.8231704,0.7740286
2023:03:04:19:55:50,up_90_1t_,15.312726497650146,77.04,76.56,180.00,85.51,0.5541952,0.3938519,0.9564146,0.55809236,0.4461441,0.8944817,0.5188579,0.44598615,0.9344892,0.46393964,0.44599324,0.8946074,0.42072967,0.4669761,0.90956,0.60505235,0.4460542,0.8928092,0.6561717,0.44619745,0.8445542,0.70709,0.4721128,0.91275525,0.5542318,0.6081466,0.9081992,0.5422154,0.6033399,0.8970018,0.5423883,0.71823364,0.8276618,0.54614943,0.8177968,0.9309431,0.5778643,0.6081775,0.93847424,0.5777936,0.72364795,0.8881909,0.5777374,0.81782454,0.9465034,0.55028117,0.3885188,0.9337879,0.5697887,0.3934562,0.9116579,0.54622704,0.39374334,0.52572435,0.5815152,0.39875743,0.94402516,0.5816213,0.8491351,0.8560119,0.59335214,0.84388316,0.77507913,0.57383084,0.82313615,0.7445515,0.5501005,0.84912986,0.88081026,0.53841376,0.8440556,0.80339754,0.5462831,0.82318324,0.77403325
2023:03:04:19:55:50,up_90_1t_,15.376556396484375,77.03,76.56,179.99,85.51,0.5542005,0.39387006,0.95523417,0.5581013,0.44613323,0.8938165,0.5188602,0.4459816,0.9339865,0.46393648,0.4459921,0.89504397,0.42073324,0.46695864,0.90796095,0.605063,0.44604465,0.89355046,0.6561477,0.44620293,0.8444005,0.7070772,0.47211772,0.91356784,0.55422336,0.6081309,0.90785235,0.5385255,0.6033207,0.89431,0.54238784,0.71822286,0.826158,0.54614854,0.817792,0.9305384,0.5778574,0.60816026,0.937703,0.57778573,0.72364753,0.8860119,0.5777392,0.817817,0.945192,0.55028206,0.38854238,0.93501425,0.56979144,0.39347208,0.9135362,0.5462274,0.39375556,0.5351955,0.58151734,0.39875856,0.9441041,0.5816211,0.84912974,0.8525459,0.59335357,0.8438747,0.77213764,0.57383263,0.8231264,0.7432109,0.55010164,0.8491269,0.8812481,0.53841597,0.8440516,0.80366385,0.5462817,0.8231752,0.77440107
2023:03:04:19:55:50,up_90_1t_,15.434401273727417,77.03,76.57,180.00,85.51,0.5542041,0.3938659,0.95508945,0.5581022,0.44613644,0.8938598,0.51885515,0.44598126,0.9343912,0.46393475,0.44601178,0.8926615,0.42072016,0.46695378,0.9080792,0.6050785,0.4460564,0.8937962,0.6562108,0.44619694,0.84465605,0.7071203,0.47213864,0.9173644,0.55423653,0.60814875,0.9062174,0.542218,0.603344,0.8949454,0.5423852,0.71825635,0.8257384,0.5461458,0.81777936,0.92880225,0.57786953,0.6081742,0.93737173,0.57780236,0.7285401,0.8883054,0.57775575,0.8178268,0.94541645,0.55028754,0.38853437,0.93435395,0.56979907,0.39346933,0.91390145,0.54623604,0.39374498,0.537305,0.58152026,0.39875013,0.944225,0.5815839,0.84912914,0.85553664,0.5895815,0.8438814,0.7748652,0.5774702,0.82314277,0.752244,0.54648197,0.84913135,0.88567317,0.5383499,0.84402645,0.7998722,0.5463082,0.82314765,0.7732362
2023:03:04:19:55:50,up_90_1t_,15.490251779556274,77.02,76.57,179.99,85.50,0.55421716,0.39388674,0.95366096,0.5581118,0.44613546,0.8933387,0.5188549,0.44597453,0.9336311,0.4639403,0.4460185,0.8907342,0.4207318,0.46694928,0.90932953,0.6050902,0.44606063,0.89383346,0.6562323,0.4462066,0.8438764,0.7071114,0.47216168,0.9208461,0.55424356,0.6081374,0.9051631,0.5422207,0.6033362,0.8956841,0.54237086,0.71821547,0.82289064,0.54614,0.81778055,0.9270943,0.57787687,0.6081605,0.93597895,0.5778026,0.723644,0.88488436,0.57775897,0.81781614,0.9456567,0.5502944,0.3885576,0.93642855,0.56981474,0.39349025,0.9167961,0.5462429,0.39375526,0.5459038,0.58152986,0.3987616,0.9432718,0.5815849,0.84912187,0.85525864,0.59333944,0.8438883,0.7734792,0.5774718,0.8231371,0.7523709,0.5464779,0.849142,0.88389266,0.5345935,0.84403265,0.7965745,0.5463066,0.8231522,0.77066505
2023:03:04:19:55:50,up_90_1t_,15.550091743469238,77.02,76.56,178.31,85.51,0.5542368,0.39390138,0.95144796,0.558117,0.44614574,0.8921339,0.5188512,0.44598067,0.932789,0.46393037,0.44603354,0.88906187,0.42073232,0.46697202,0.90879154,0.60510254,0.44607642,0.89338154,0.6562636,0.44621623,0.8447276,0.7071081,0.4721665,0.9214449,0.5542544,0.6081683,0.90354997,0.5422164,0.6033646,0.8937268,0.5423734,0.718257,0.8247308,0.5461521,0.8178043,0.92839396,0.581452,0.60818607,0.93603235,0.5778182,0.7285285,0.88990796,0.5777536,0.8178215,0.9457807,0.5503025,0.3885718,0.9379734,0.56984025,0.3935012,0.91947633,0.5462504,0.39376634,0.56633854,0.5815467,0.398762,0.9423095,0.5816252,0.8491263,0.8572941,0.59337145,0.8438777,0.77574396,0.57385457,0.8231385,0.74831426,0.55007255,0.84915334,0.8792609,0.5383939,0.8489917,0.7966813,0.5463048,0.8231822,0.77271223
2023:03:04:19:55:50,up_90_1t_,15.613921642303467,77.02,76.56,178.31,85.51,0.5542368,0.39390138,0.95144796,0.558117,0.44614574,0.8921339,0.5188512,0.44598067,0.932789,0.46393037,0.44603354,0.88906187,0.42073232,0.46697202,0.90879154,0.60510254,0.44607642,0.89338154,0.6562636,0.44621623,0.8447276,0.7071081,0.4721665,0.9214449,0.5542544,0.6081683,0.90354997,0.5422164,0.6033646,0.8937268,0.5423734,0.718257,0.8247308,0.5461521,0.8178043,0.92839396,0.581452,0.60818607,0.93603235,0.5778182,0.7285285,0.88990796,0.5777536,0.8178215,0.9457807,0.5503025,0.3885718,0.9379734,0.56984025,0.3935012,0.91947633,0.5462504,0.39376634,0.56633854,0.5815467,0.398762,0.9423095,0.5816252,0.8491263,0.8572941,0.59337145,0.8438777,0.77574396,0.57385457,0.8231385,0.74831426,0.55007255,0.84915334,0.8792609,0.5383939,0.8489917,0.7966813,0.5463048,0.8231822,0.77271223
2023:03:04:19:55:51,up_90_1t_,15.67176628112793,77.00,76.57,178.31,85.53,0.55425143,0.39389426,0.95030427,0.5581094,0.44614244,0.89327115,0.51884985,0.44597638,0.9335333,0.46392,0.44603905,0.88939756,0.4207323,0.4669505,0.904426,0.6050924,0.44607362,0.8928928,0.6562339,0.44620445,0.84830886,0.707089,0.47219172,0.92349607,0.55426353,0.6081829,0.9028464,0.542227,0.60814106,0.89438975,0.5423599,0.7182748,0.8236826,0.5461439,0.81781536,0.92713714,0.58146006,0.6081931,0.9351101,0.57782066,0.72852254,0.88676435,0.57775223,0.81782573,0.94688475,0.55031466,0.38855964,0.93674827,0.5698573,0.39349896,0.9201331,0.5462637,0.39375737,0.5804417,0.5815508,0.39876658,0.94123787,0.5816218,0.8491338,0.8610528,0.5933678,0.84389126,0.77812326,0.57384807,0.82314134,0.7497157,0.55006963,0.8491618,0.8786851,0.53838813,0.8490036,0.7964687,0.5462948,0.8231971,0.77189595
2023:03:04:19:55:51,up_90_1t_,15.729611873626709,76.97,76.60,178.31,85.53,0.5542614,0.39389074,0.9497354,0.55811095,0.44615653,0.8929629,0.51883453,0.4459827,0.9351972,0.46389756,0.44606432,0.88681346,0.42073712,0.46692348,0.90158963,0.60511845,0.44608507,0.89480865,0.65627474,0.44621775,0.8469129,0.70711946,0.4722403,0.925261,0.55428255,0.6081774,0.90253836,0.5422386,0.6081348,0.8965322,0.5423711,0.718282,0.825049,0.5461457,0.81780434,0.92696553,0.5814836,0.6081899,0.9368757,0.57782906,0.72853655,0.8881813,0.5777553,0.81783366,0.9466843,0.5503208,0.38855192,0.9359125,0.569875,0.39349285,0.92066586,0.5462681,0.39375287,0.5880233,0.58156925,0.39876044,0.94165707,0.5816044,0.84913474,0.8611487,0.5933498,0.8439075,0.77950025,0.57385653,0.82314485,0.7524033,0.5464921,0.8491483,0.8785269,0.53836673,0.8440562,0.7942136,0.5463042,0.823175,0.77351177
2023:03:04:19:55:51,up_90_1t_,15.791447162628174,76.96,76.59,178.22,85.52,0.5542566,0.3938968,0.95010555,0.55811614,0.4461456,0.89260143,0.51884085,0.44597217,0.9363132,0.46389922,0.4460505,0.887865,0.42074183,0.46691805,0.89992946,0.60511255,0.44607905,0.8955041,0.65623754,0.44623142,0.8483131,0.7070998,0.47226363,0.9282453,0.5542858,0.6081596,0.9014655,0.54224324,0.6033666,0.89758384,0.5423643,0.7182552,0.8229109,0.5461455,0.81779146,0.9262644,0.58148277,0.608173,0.9354928,0.57782286,0.72365195,0.88247067,0.5777598,0.81782985,0.9455529,0.5503174,0.3885609,0.9364205,0.56987,0.39349845,0.92106974,0.5462634,0.3937512,0.5808083,0.581566,0.39875996,0.94304854,0.58157706,0.8491317,0.8599886,0.5895808,0.8439051,0.77883035,0.57747173,0.8231454,0.7554801,0.5464652,0.8491413,0.8807757,0.5345873,0.8440292,0.79282916,0.5463204,0.8231616,0.77148724
2023:03:04:19:55:51,up_90_1t_,15.8563072681427,76.93,76.59,178.31,85.53,0.55425745,0.39390785,0.9503277,0.55811495,0.44613406,0.89297056,0.51884156,0.44596308,0.9370915,0.46389833,0.44604886,0.8870436,0.4207496,0.4669233,0.9007083,0.60511243,0.44606894,0.8962222,0.65626425,0.4462284,0.8490052,0.7071207,0.47230485,0.9292225,0.55429614,0.60815954,0.90045595,0.54224783,0.60336787,0.8980537,0.54236305,0.7182707,0.82309544,0.5461458,0.8177971,0.92717284,0.5814955,0.6081704,0.93543494,0.57783675,0.7285212,0.88530505,0.5777596,0.8178392,0.94684464,0.550317,0.3885743,0.9382661,0.5698699,0.39350682,0.9222393,0.5462655,0.39375296,0.57941794,0.5815669,0.3987557,0.9449307,0.58157986,0.84914184,0.8625695,0.5895795,0.84391904,0.7813245,0.5774726,0.823158,0.75695753,0.54647285,0.8491522,0.8826283,0.5345968,0.8440438,0.7948332,0.54631835,0.82316715,0.77170926
2023:03:04:19:55:51,up_90_1t_,15.914870738983154,76.92,76.59,178.22,85.51,0.55424976,0.3939285,0.95058537,0.5581332,0.44613075,0.8913118,0.5188534,0.44597137,0.9358813,0.4639035,0.44605693,0.88557565,0.4207448,0.46691963,0.90004987,0.60512304,0.44606626,0.89773947,0.66004956,0.44624084,0.8473192,0.70712507,0.47231534,0.929103,0.55430686,0.6081478,0.89949656,0.54225725,0.60335094,0.89999133,0.5423704,0.7182295,0.82365483,0.5461497,0.81782454,0.9297139,0.58150744,0.60816544,0.93548876,0.5778343,0.7236335,0.88421005,0.5777585,0.8178388,0.9474933,0.55031466,0.39340043,0.94027376,0.5698627,0.39352745,0.92426264,0.5462662,0.39376342,0.559175,0.58157134,0.3987684,0.94847417,0.581628,0.8491437,0.8604508,0.59337085,0.8439138,0.77756846,0.5738533,0.8231564,0.74790114,0.5500938,0.8491609,0.8781949,0.53841454,0.8490096,0.7983828,0.5462941,0.823209,0.77381873
2023:03:04:19:55:51,up_90_1t_,15.972320318222046,76.93,76.63,178.22,85.53,0.554264,0.3939636,0.947436,0.55812925,0.4461386,0.8898914,0.51885784,0.44597614,0.93426514,0.46389043,0.446041,0.8866156,0.42071164,0.46688652,0.89785594,0.6051175,0.44607297,0.8975084,0.6600528,0.44622153,0.8505025,0.70713043,0.47229943,0.9261176,0.5543188,0.6081506,0.8985791,0.54225206,0.6033602,0.8986691,0.54237825,0.71822107,0.8224319,0.5461417,0.8177781,0.92794085,0.5815262,0.6081639,0.93605185,0.57783836,0.7236191,0.88028073,0.5777509,0.8178174,0.9467616,0.55031794,0.39343497,0.9435538,0.5698743,0.3935583,0.9274503,0.5462655,0.39378795,0.58169234,0.58157045,0.39878604,0.9466105,0.5815664,0.84913206,0.86424625,0.5895699,0.84390867,0.7817879,0.57385737,0.82311344,0.75434655,0.5464801,0.84913397,0.8810569,0.53459936,0.84402704,0.79445547,0.5463051,0.82314235,0.77486026
2023:03:04:19:55:51,up_90_1t_,16.034154176712036,75.62,80.80,178.24,85.14,0.5542954,0.39871454,0.9436812,0.55813926,0.44612586,0.8886521,0.5188642,0.44597012,0.93417925,0.46010658,0.44601622,0.8919687,0.42063823,0.4618072,0.87892854,0.60511744,0.44606024,0.8982945,0.65626043,0.446252,0.8486923,0.707107,0.4722955,0.9278904,0.55802,0.6081489,0.8972703,0.5422557,0.60336137,0.89893544,0.54240155,0.71826273,0.82596356,0.54615426,0.8177891,0.927636,0.58154416,0.6081606,0.9351256,0.5778635,0.72362864,0.88507307,0.57775426,0.817828,0.94634783,0.5503224,0.39346236,0.9470778,0.56990266,0.39357293,0.9304978,0.5462578,0.3938035,0.63237226,0.5815766,0.39877993,0.94871294,0.5815845,0.84914106,0.86410105,0.5933363,0.8439371,0.7820051,0.5738557,0.82312715,0.75392365,0.54648805,0.8491496,0.8799815,0.5383572,0.84405106,0.7949866,0.54631555,0.8231578,0.77244735
2023:03:04:19:55:51,up_90_1t_,16.097984075546265,75.60,80.81,177.83,85.16,0.5543054,0.39870983,0.9432231,0.5581399,0.44612068,0.88901067,0.5188678,0.44597563,0.9334029,0.46010408,0.44601545,0.89235574,0.42064416,0.46181136,0.8794154,0.6051136,0.44604784,0.89876884,0.65627265,0.44623798,0.8502091,0.70713276,0.47231674,0.9280151,0.55803996,0.6081578,0.8951005,0.54226094,0.6033737,0.8975326,0.54242253,0.71830153,0.8297617,0.5461601,0.8178486,0.9270027,0.58156824,0.60816246,0.9322389,0.58143884,0.72362274,0.88644624,0.5777583,0.8178584,0.9440385,0.5503284,0.3934585,0.94663644,0.56991225,0.3935669,0.9306022,0.5462623,0.3938014,0.65043056,0.58157843,0.39877465,0.9485576,0.581639,0.84917766,0.8675196,0.5933792,0.84396446,0.78395575,0.5738393,0.82316256,0.744974,0.5501151,0.84919924,0.8760083,0.538443,0.84904873,0.79935694,0.54629284,0.8281861,0.7708578
2023:03:04:19:55:51,up_90_1t_,16.15585494041443,75.60,80.77,177.81,85.15,0.5542959,0.39870954,0.9441841,0.5581423,0.44612032,0.88932943,0.5188704,0.4459769,0.93275625,0.4638351,0.44603077,0.8877326,0.42068475,0.4618602,0.8897308,0.605113,0.44604585,0.8992747,0.6562662,0.44623962,0.85001314,0.7071308,0.4723134,0.92742336,0.5580359,0.60813665,0.8944386,0.54225326,0.60335296,0.89626086,0.54241884,0.7182921,0.82824516,0.5461646,0.81785125,0.9270375,0.58156806,0.6081451,0.93094367,0.5814523,0.7235965,0.8854072,0.5777512,0.8178545,0.9427783,0.55032355,0.3934593,0.94696605,0.5699021,0.39356735,0.93021464,0.54626024,0.39380664,0.6407782,0.58157694,0.398776,0.94989574,0.5816659,0.8491678,0.86324275,0.5933955,0.84394205,0.7807632,0.57382387,0.82315814,0.7397647,0.55014205,0.8491913,0.8702596,0.53847253,0.8490517,0.7989051,0.5462808,0.8281962,0.7703954
2023:03:04:19:55:51,up_90_1t_,16.215696573257446,75.57,77.93,177.80,85.17,0.55430096,0.39872396,0.94278383,0.5581378,0.4461201,0.88959336,0.51887655,0.4459818,0.93095917,0.46389064,0.44604716,0.88282806,0.42070758,0.46692988,0.90164804,0.6051026,0.44604146,0.8987283,0.6562626,0.44624388,0.8502942,0.70713824,0.47234184,0.9284823,0.55805993,0.603382,0.8930564,0.5422729,0.60333824,0.898476,0.5424272,0.7182927,0.82811147,0.5461649,0.81786525,0.92676085,0.58158547,0.60336566,0.93071014,0.5814678,0.7235937,0.8862595,0.5777548,0.81787306,0.942444,0.5503229,0.39347357,0.948419,0.56990737,0.39357808,0.9307066,0.5462561,0.39381224,0.64816904,0.58157754,0.39877927,0.94963884,0.581685,0.84917974,0.86284995,0.5934095,0.8439537,0.7807713,0.5738246,0.82318425,0.73721796,0.55016345,0.8491977,0.8666121,0.53849864,0.849066,0.798714,0.5462729,0.8282156,0.7705519
2023:03:04:19:55:51,up_90_1t_,16.277058839797974,75.56,77.92,177.79,85.19,0.5543217,0.39873636,0.93952936,0.5581387,0.44611156,0.89039814,0.51888144,0.44597486,0.93042344,0.46388265,0.4460268,0.8839547,0.42065313,0.46697038,0.89658403,0.605091,0.44603798,0.8990701,0.656217,0.44626817,0.84810644,0.7071242,0.47235072,0.92689407,0.5580873,0.6033482,0.89380157,0.54229313,0.6033068,0.90274614,0.5424275,0.718271,0.82696897,0.54615957,0.81787574,0.9255906,0.58161205,0.6033348,0.93093574,0.5814926,0.7235653,0.8863126,0.5777555,0.8178739,0.94425654,0.5503296,0.39349014,0.9496424,0.56992656,0.39358348,0.93129474,0.54624814,0.3938274,0.6973736,0.5815736,0.39878017,0.9472413,0.58171684,0.84917945,0.86246395,0.5934345,0.84394175,0.7814254,0.57381517,0.8231899,0.73543,0.55018765,0.8492093,0.8643417,0.53852254,0.84908795,0.8004008,0.5462519,0.8282315,0.7716128
2023:03:04:19:55:51,up_90_1t_,16.3388934135437,75.55,77.93,177.78,89.65,0.5580154,0.39875272,0.9384998,0.5581409,0.44612554,0.8888869,0.51888424,0.4459919,0.9287665,0.46389556,0.44603223,0.882492,0.42064598,0.46697107,0.8948917,0.6050872,0.44604552,0.89793265,0.6561687,0.44628304,0.8480661,0.7071084,0.4723581,0.92813563,0.55810505,0.60335267,0.8933759,0.54230434,0.6033139,0.90465856,0.5424424,0.7182631,0.8285423,0.5461561,0.81787574,0.9260955,0.5816274,0.6033356,0.93130064,0.5815036,0.7235491,0.88577586,0.5777548,0.8178732,0.9453802,0.55033135,0.39350128,0.95073664,0.5736224,0.39359188,0.93302226,0.54624856,0.39383617,0.7011374,0.58157885,0.39878368,0.947446,0.5817223,0.8491887,0.86329937,0.5934476,0.8439471,0.7814729,0.5738079,0.82319295,0.73233336,0.5502012,0.84920806,0.8638888,0.5422244,0.849099,0.80137175,0.5462385,0.8282338,0.77061695
2023:03:04:19:55:51,up_90_1t_,16.396738529205322,75.60,80.80,177.79,89.69,0.55803245,0.39872792,0.93822974,0.55812573,0.44612703,0.8910317,0.51887643,0.44599018,0.9342059,0.46387765,0.4460272,0.88414603,0.42071596,0.46186638,0.8915975,0.6050843,0.44602907,0.8991264,0.65614337,0.44623706,0.85265034,0.7071292,0.47227037,0.92099947,0.5580796,0.60336316,0.894155,0.5422857,0.603327,0.898055,0.54245853,0.7182677,0.832493,0.54614836,0.81790453,0.9244256,0.581607,0.6033472,0.93325424,0.58149445,0.7235015,0.87814665,0.577756,0.8178747,0.94412905,0.55033845,0.39347625,0.9475728,0.5736335,0.3935623,0.93323153,0.54624957,0.39382973,0.72687423,0.58158755,0.3987614,0.94858295,0.5817288,0.8491767,0.8590249,0.5934385,0.8439356,0.77747744,0.57380265,0.8231895,0.73260605,0.5502028,0.849224,0.86095864,0.54222995,0.8491239,0.7992646,0.54622966,0.82827646,0.77177644
2023:03:04:19:55:51,up_90_1t_,16.454583883285522,75.61,80.84,177.77,89.69,0.55802816,0.398726,0.93816644,0.55811566,0.4461275,0.8916083,0.518865,0.44598687,0.93509644,0.46010107,0.4460013,0.8898106,0.4206519,0.4617913,0.87601525,0.60507745,0.44602704,0.8983731,0.652358,0.4462352,0.85348254,0.70713645,0.47224697,0.9191225,0.5580743,0.6081371,0.8942488,0.5422799,0.60335815,0.89522636,0.5460671,0.718341,0.8373619,0.5461511,0.8179302,0.9233972,0.58160913,0.6081478,0.93432176,0.58151156,0.72354305,0.88233805,0.57775164,0.8178795,0.9442412,0.5503338,0.3934742,0.94797266,0.5736295,0.39355835,0.93295765,0.54624546,0.3938323,0.72860456,0.58158505,0.39875656,0.94966084,0.58174866,0.8491785,0.8585756,0.5934474,0.84392667,0.77741367,0.5737883,0.8231854,0.72996783,0.5502391,0.8492283,0.854546,0.5422691,0.849141,0.79874945,0.5462166,0.8283087,0.7721047
2023:03:04:19:55:51,up_90_1t_,16.51641845703125,75.60,80.87,177.74,89.69,0.5580279,0.3987304,0.9385425,0.5581059,0.44612566,0.89227563,0.5188612,0.44597456,0.9365361,0.46010536,0.4459866,0.89023197,0.4206578,0.46173587,0.8770374,0.605068,0.44602656,0.89722997,0.652311,0.44625765,0.8547055,0.7071063,0.47224283,0.91765124,0.558073,0.6033663,0.8966303,0.5422878,0.60333115,0.89767635,0.5460749,0.7182788,0.8386901,0.54615235,0.8179182,0.92693055,0.581605,0.603353,0.9362292,0.5815363,0.72349054,0.87969244,0.57776016,0.81786805,0.94547355,0.55033076,0.3934806,0.94995517,0.57362837,0.3935604,0.9338715,0.54623765,0.3938375,0.73441625,0.5815874,0.39875212,0.9493605,0.5817461,0.8491796,0.86050904,0.59345406,0.84393483,0.77821916,0.5737972,0.82317865,0.73241365,0.55022806,0.8492326,0.85985327,0.5422554,0.8491385,0.80214655,0.5462205,0.82829636,0.7753828
2023:03:04:19:55:51,up_90_1t_,16.578253507614136,75.60,80.85,177.75,89.68,0.55802196,0.39873448,0.9388663,0.55810577,0.4461205,0.8920669,0.5188598,0.4459697,0.9376568,0.46010062,0.44599894,0.8907852,0.42067045,0.46176055,0.8788134,0.6050701,0.44602263,0.8982839,0.65231687,0.44625533,0.8554418,0.7071064,0.4722451,0.9182869,0.5580705,0.60336524,0.8974018,0.54228956,0.60332423,0.8989413,0.5460717,0.71828485,0.8384269,0.5461537,0.81792027,0.92762583,0.58160084,0.6033599,0.9368336,0.5815214,0.7234953,0.879807,0.5777477,0.8178745,0.94459146,0.55032766,0.39348462,0.9510491,0.5736243,0.39356366,0.9333683,0.546238,0.39383432,0.72638273,0.58158714,0.39875096,0.9504781,0.5817397,0.84918725,0.8599124,0.59344125,0.84394026,0.7779747,0.5737851,0.82318616,0.7280083,0.5502389,0.84923327,0.85931325,0.5422625,0.8491456,0.8042902,0.54621476,0.8283012,0.7753139
2023:03:04:19:55:51,up_90_1t_,16.636134386062622,75.59,78.08,177.74,82.69,0.5580267,0.39873904,0.93771964,0.55811274,0.44610554,0.8924737,0.51887256,0.4411432,0.93673694,0.4638667,0.44598415,0.8854357,0.4207143,0.46184862,0.89328945,0.6050615,0.44601697,0.8979559,0.6523125,0.4462797,0.8531816,0.7070915,0.4722605,0.9179571,0.5580801,0.60333276,0.8968197,0.5423034,0.6032876,0.8999203,0.5460863,0.71829087,0.84123737,0.5461561,0.81792754,0.92715496,0.58160436,0.6033306,0.9355109,0.58152914,0.72349113,0.88114023,0.5777402,0.8178718,0.94388205,0.5503327,0.39348805,0.9495586,0.5736253,0.39357117,0.93301183,0.5462442,0.39382902,0.7223373,0.58158493,0.39875752,0.9473328,0.5817346,0.8491874,0.8583118,0.5934289,0.84393984,0.7763694,0.57377213,0.8231764,0.72423005,0.5502473,0.84923357,0.85916436,0.542271,0.8491459,0.80488294,0.54620826,0.8283133,0.77458984
2023:03:04:19:55:52,up_90_1t_,16.693944215774536,75.54,77.96,177.72,89.69,0.5580315,0.39873195,0.93712133,0.5581152,0.4461148,0.8928845,0.51887363,0.44597408,0.9359072,0.46388796,0.44599235,0.8848559,0.42075086,0.4668845,0.8987529,0.60506386,0.44602138,0.8991089,0.652378,0.4462866,0.85152745,0.70708776,0.47233528,0.92169523,0.55809885,0.60334724,0.8979157,0.5423148,0.6033073,0.90341353,0.5460874,0.718317,0.843518,0.5461533,0.81793773,0.926601,0.5816246,0.6033407,0.9363334,0.5815538,0.7234873,0.882949,0.577748,0.81788045,0.9441153,0.5503358,0.3934842,0.94808686,0.57362676,0.3935644,0.9324716,0.54624474,0.39383784,0.72969365,0.5815828,0.39875817,0.94766045,0.5817458,0.8491848,0.85994196,0.5934377,0.84394526,0.77869046,0.57378113,0.8231883,0.7263252,0.5502365,0.8492395,0.85906583,0.54226035,0.849154,0.8039547,0.5462113,0.82832783,0.77609146
2023:03:04:19:55:52,up_90_1t_,16.75378441810608,73.04,77.96,177.72,89.71,0.55805075,0.3987389,0.9364253,0.5581187,0.44610846,0.89255947,0.51887035,0.44596446,0.93616384,0.46390358,0.44598857,0.8863925,0.42077196,0.46688318,0.89968145,0.60506874,0.44602063,0.8995818,0.65616024,0.44628,0.8512457,0.707134,0.47716144,0.92163515,0.55809885,0.6033184,0.89847857,0.54232675,0.60327196,0.9050988,0.5460992,0.7183001,0.84502274,0.5461593,0.81796306,0.9269683,0.58162,0.60331845,0.9367902,0.58155686,0.72344774,0.88065034,0.57775116,0.8178781,0.9452844,0.55034417,0.39349154,0.9488222,0.5736407,0.39356548,0.93475217,0.54624826,0.39384168,0.74096674,0.58159536,0.3987507,0.9474463,0.5817832,0.84918994,0.85814786,0.59347874,0.8439338,0.77615047,0.57377714,0.8231886,0.7239807,0.55028415,0.8492592,0.85671544,0.5423093,0.8491895,0.80849767,0.54620373,0.82836616,0.7773706
2023:03:04:19:55:52,up_90_1t_,16.81471586227417,73.05,75.29,177.73,82.70,0.5580463,0.39875096,0.93631566,0.55813396,0.4461048,0.8914009,0.51887715,0.4411465,0.9356813,0.4639024,0.44597325,0.88741374,0.4207806,0.46687877,0.9005463,0.605084,0.44603336,0.90061915,0.6561879,0.4462872,0.8493626,0.7071435,0.47716388,0.921257,0.55810416,0.6033195,0.89777124,0.5423285,0.60327417,0.9054135,0.5461066,0.7182947,0.8451792,0.5461589,0.81795603,0.92733073,0.5816251,0.603319,0.93604785,0.58155173,0.72344196,0.87969494,0.5777496,0.81787306,0.9462793,0.5503426,0.39350256,0.94967717,0.57363755,0.3935745,0.93474835,0.54625154,0.39384112,0.72970784,0.5815969,0.3987517,0.9483087,0.581779,0.8491845,0.8580672,0.59347266,0.84392375,0.7760918,0.5737755,0.8231829,0.72387147,0.5502861,0.84924936,0.85636497,0.5423109,0.84917885,0.80790395,0.5461996,0.82835764,0.7772184
2023:03:04:19:55:52,up_90_1t_,16.87506103515625,75.54,80.79,177.73,89.68,0.55803704,0.3987562,0.9359824,0.5581314,0.44610673,0.8919719,0.5188814,0.4459672,0.9355987,0.46390033,0.44596037,0.8879297,0.42077827,0.46185192,0.89873356,0.60507464,0.4460247,0.9007711,0.65616155,0.44628513,0.8510216,0.70712364,0.47235936,0.92037964,0.55810314,0.60331327,0.89818746,0.5423268,0.603265,0.9056598,0.54609823,0.71829045,0.84229493,0.54615647,0.8179332,0.92866826,0.5816244,0.6033167,0.9368472,0.5815469,0.7234432,0.8783884,0.5777413,0.81786275,0.9457337,0.5503339,0.3935093,0.95105284,0.57362854,0.3935757,0.93332106,0.5462469,0.39384568,0.7201641,0.58159447,0.39874342,0.95224726,0.5817451,0.8491859,0.86016667,0.59344316,0.8439311,0.7771316,0.5737697,0.8231614,0.72444904,0.5502568,0.84923154,0.86003315,0.5422796,0.8491476,0.80640984,0.54620564,0.82831836,0.77744967
2023:03:04:19:55:52,up_90_1t_,16.93290638923645,75.53,78.07,177.73,82.70,0.55803716,0.39873463,0.93714523,0.5581195,0.4460887,0.8947765,0.5188669,0.44113106,0.9381728,0.4638656,0.4411539,0.8904323,0.4207418,0.4618613,0.8947802,0.60507977,0.44602042,0.9023662,0.6561704,0.4462717,0.8502692,0.70713145,0.47235206,0.9205662,0.5581132,0.6033016,0.8975885,0.5423334,0.6032565,0.9079982,0.5461002,0.71826667,0.84165186,0.54618263,0.81794953,0.93173456,0.58163464,0.60330385,0.9358933,0.5815734,0.72342086,0.8768224,0.5777768,0.81788003,0.94650793,0.55034226,0.39348042,0.9477968,0.5736316,0.3935601,0.93239576,0.5462594,0.39381543,0.7013612,0.58159983,0.39874068,0.95420927,0.58174723,0.84921366,0.86517155,0.5934747,0.84396756,0.77971506,0.57381827,0.82319903,0.7265582,0.5502385,0.84927833,0.8655084,0.542265,0.84918207,0.8071575,0.546258,0.8283404,0.7766688
2023:03:04:19:55:52,up_90_1t_,16.99433994293213,73.04,78.07,177.73,82.70,0.55804765,0.39874655,0.93653446,0.5581303,0.44610375,0.8930251,0.518881,0.4411466,0.934924,0.46387172,0.4411374,0.89334077,0.42075378,0.46185905,0.89488614,0.60508806,0.44604173,0.9008237,0.65615517,0.44626537,0.85042566,0.707139,0.47718343,0.92341036,0.55811155,0.60330087,0.8968965,0.542333,0.603255,0.90768045,0.5461153,0.71828836,0.84454244,0.5461705,0.81795126,0.9287805,0.58163196,0.6033045,0.9346635,0.58154863,0.7234511,0.8782055,0.5777446,0.81788355,0.9445726,0.5503479,0.39349693,0.94884574,0.5736411,0.39357162,0.9347392,0.54626244,0.3938397,0.70268285,0.58160615,0.39875492,0.95319676,0.5817564,0.8492148,0.8602396,0.59346104,0.8439627,0.7783607,0.57377714,0.82319933,0.7207958,0.5502628,0.8492686,0.86474735,0.5422858,0.8491832,0.8108613,0.54622287,0.82835305,0.7750679
2023:03:04:19:55:52,up_90_1t_,17.056174278259277,73.03,80.78,177.74,89.69,0.55806786,0.3987905,0.9351286,0.55815923,0.44610083,0.88935137,0.5188983,0.4459645,0.93268675,0.46388346,0.44596276,0.88810045,0.42076886,0.4618644,0.8940001,0.60510284,0.44605535,0.89903635,0.65619075,0.45121837,0.8441962,0.70719326,0.47724658,0.9253767,0.5581104,0.6032902,0.8961744,0.54232967,0.60323715,0.90686315,0.54610205,0.7182606,0.84187037,0.5461626,0.817953,0.9282933,0.5816329,0.6033006,0.93348575,0.5815423,0.723432,0.87653595,0.5777382,0.81788695,0.94421005,0.5503584,0.39354783,0.95323825,0.57365656,0.3936086,0.9402497,0.54627025,0.3938711,0.71872294,0.5816176,0.39876306,0.95062214,0.5817591,0.8492119,0.85930645,0.59345835,0.8439617,0.77759945,0.5737699,0.82321143,0.71845067,0.55026954,0.8492648,0.8635585,0.5422879,0.8491876,0.8113019,0.5462104,0.82836306,0.7746939
2023:03:04:19:55:52,up_90_1t_,17.114019632339478,73.02,77.95,177.74,89.68,0.5580546,0.3988129,0.93617076,0.5581647,0.44609368,0.8884367,0.5189015,0.44596398,0.93082136,0.4638798,0.44596955,0.8864561,0.4207496,0.46687734,0.8935078,0.6051056,0.44604978,0.89846045,0.656164,0.45124674,0.84223473,0.70719326,0.47727063,0.92905766,0.55810297,0.6033,0.89592016,0.54232085,0.60324556,0.9049335,0.54609746,0.7182953,0.84007764,0.54615724,0.8179528,0.9263845,0.5816329,0.60331136,0.93321466,0.5815374,0.7234502,0.87711483,0.57773197,0.8178736,0.94464284,0.5503493,0.39357197,0.9568668,0.5736464,0.39363077,0.9407741,0.5462724,0.3938836,0.7009896,0.58161706,0.3987647,0.9516675,0.5817548,0.8491896,0.85720897,0.59344465,0.8439334,0.77608746,0.57376176,0.8231907,0.7186538,0.5502637,0.8492643,0.86228126,0.54228324,0.8491883,0.80934656,0.54620284,0.8283583,0.7735768
2023:03:04:19:55:52,up_90_1t_,17.171865224838257,73.01,77.95,177.73,85.10,0.5542692,0.39882672,0.9436331,0.5581762,0.44610232,0.8871459,0.5189008,0.44597962,0.93067354,0.46388876,0.44597214,0.8873284,0.4207651,0.46689066,0.8945242,0.6051185,0.4460707,0.8986849,0.65619713,0.45131925,0.8366505,0.7072254,0.47730607,0.9331864,0.5581102,0.60331446,0.8961388,0.54231954,0.6032635,0.9052497,0.546111,0.71832174,0.842703,0.5461639,0.8179637,0.92636096,0.5816447,0.60332274,0.9337876,0.5815576,0.72345906,0.8777075,0.5777495,0.8178856,0.94479865,0.550301,0.39358005,0.96130615,0.5698565,0.39365762,0.9352018,0.5462514,0.39387786,0.55136967,0.5815855,0.39879876,0.9601096,0.5817675,0.849204,0.8598919,0.59347,0.84395593,0.7782583,0.5737828,0.8232067,0.7199247,0.55026335,0.849273,0.8614464,0.54228395,0.8491927,0.8077675,0.5462145,0.82837206,0.77395743
2023:03:04:19:55:52,up_90_1t_,17.2317054271698,73.01,77.95,177.73,85.08,0.55424994,0.39880037,0.94408137,0.5581668,0.44610906,0.887896,0.5188933,0.44598103,0.9313168,0.4638901,0.44599292,0.88332,0.42075607,0.4668929,0.8930745,0.6051187,0.44607997,0.89695907,0.6562222,0.45134866,0.83126336,0.70724493,0.47731468,0.93207383,0.5581199,0.60330963,0.8949081,0.5423271,0.60325634,0.9042784,0.5461122,0.7183285,0.84216934,0.546168,0.81795424,0.9266167,0.5816543,0.60332006,0.9320921,0.58156013,0.7234741,0.8764276,0.57774884,0.81788474,0.94255537,0.5502891,0.39354703,0.95608056,0.5698374,0.39363357,0.9321852,0.5462377,0.39383507,0.5170334,0.5815878,0.3987856,0.96261424,0.5817533,0.84920526,0.8618843,0.59345657,0.8439642,0.779981,0.57378536,0.8231979,0.720516,0.55024666,0.84927076,0.86080396,0.5422694,0.8491805,0.8045763,0.5462266,0.82835215,0.77391195
2023:03:04:19:55:52,up_90_1t_,17.295133352279663,73.02,77.96,177.73,85.05,0.55423427,0.39882696,0.94525397,0.55818003,0.44611648,0.8856802,0.5189005,0.44599125,0.93111306,0.46389738,0.44598433,0.8846566,0.42075995,0.46688032,0.8924826,0.60512847,0.4460895,0.89647347,0.65621006,0.4513751,0.8287158,0.70724934,0.47732207,0.9304447,0.55811894,0.6033127,0.89496875,0.54232675,0.60326105,0.9048126,0.54610604,0.7183247,0.84100866,0.54616624,0.81793135,0.9276671,0.58165157,0.60332274,0.9320663,0.5815616,0.72347736,0.87751347,0.5777473,0.81786656,0.94379526,0.55027723,0.3935713,0.95934725,0.56981784,0.39365348,0.93271923,0.5462275,0.39383146,0.4828474,0.581594,0.39879394,0.9665382,0.5817555,0.84919137,0.8609134,0.5934636,0.84394276,0.7793133,0.5737807,0.82317156,0.7221923,0.55024093,0.8492529,0.85807526,0.5422626,0.84915894,0.8020396,0.5462214,0.828316,0.77417636
2023:03:04:19:55:52,up_90_1t_,17.354973554611206,73.01,77.97,177.74,85.05,0.55424345,0.3988188,0.9444005,0.55818224,0.44612655,0.88558155,0.5189041,0.44599622,0.9315614,0.46388572,0.44598874,0.88509905,0.42073587,0.46687588,0.88974404,0.60512686,0.44609636,0.8966065,0.65620077,0.45137873,0.82946664,0.70724136,0.47732824,0.9311512,0.5581246,0.6033225,0.8954998,0.5423311,0.6032672,0.9062879,0.54610884,0.71833843,0.8417559,0.5461702,0.8179381,0.928289,0.58165663,0.60333616,0.9322288,0.58155525,0.7234967,0.87868613,0.57775146,0.8178781,0.9439233,0.55028045,0.39356536,0.9589585,0.5698293,0.39364287,0.9324612,0.5462337,0.3938468,0.5047291,0.58159494,0.3987842,0.96694773,0.5817433,0.84920675,0.86358166,0.59344983,0.8439674,0.7821201,0.57379204,0.8231926,0.7257821,0.5502163,0.84926623,0.86584634,0.54224086,0.8491643,0.8049288,0.54623836,0.82832724,0.77588415
2023:03:04:19:55:52,up_90_1t_,17.410824060440063,74.40,76.60,177.74,80.60,0.5542387,0.39879864,0.9455479,0.5619337,0.44612607,0.8851267,0.5189122,0.44600454,0.92979693,0.4638878,0.44600397,0.8836819,0.42072558,0.4668819,0.8877095,0.60513556,0.44610623,0.89688325,0.656258,0.4513629,0.8314823,0.70727855,0.4773137,0.9263207,0.5581154,0.60333544,0.8952028,0.54232633,0.60327923,0.90460277,0.54611063,0.7183635,0.84191984,0.54616815,0.8179544,0.92538995,0.5816471,0.6033469,0.93183976,0.5815514,0.72349703,0.87772334,0.5777456,0.8178663,0.9433003,0.55028045,0.39354497,0.95583105,0.5698286,0.39362845,0.93173504,0.5462271,0.39383182,0.4867348,0.58160144,0.39878672,0.9671117,0.581744,0.8491859,0.8606138,0.5934462,0.84393805,0.7786473,0.5737805,0.8231741,0.7232157,0.5502188,0.84926844,0.8614125,0.5422466,0.8491735,0.8015559,0.54623324,0.82835174,0.7732946
2023:03:04:19:55:52,up_90_1t_,17.470664501190186,74.42,76.62,177.73,80.60,0.55423325,0.39877877,0.9472691,0.56194186,0.446149,0.884194,0.51892513,0.44603145,0.92768764,0.4639221,0.4459984,0.8818239,0.42073768,0.4668805,0.89048356,0.60513484,0.44612077,0.89572406,0.66004574,0.45134327,0.8317976,0.70728195,0.4772922,0.92285436,0.55812573,0.603352,0.8942437,0.54233557,0.60329384,0.9056536,0.5461115,0.7183962,0.8438421,0.54617053,0.8179371,0.9264429,0.5816551,0.6033631,0.9316325,0.58155435,0.723544,0.88152426,0.5777375,0.817866,0.9421458,0.55028206,0.3935282,0.95506734,0.5698289,0.39361867,0.9309957,0.5462314,0.39382988,0.48769894,0.5815998,0.39879614,0.9673733,0.5817389,0.8491869,0.8592384,0.5934337,0.84394455,0.7795589,0.57377446,0.8231643,0.7242831,0.5502177,0.8492518,0.8605683,0.5422469,0.84915334,0.8006351,0.54623544,0.8283186,0.7735094
2023:03:04:19:55:52,up_90_1t_,17.532498121261597,74.41,76.62,177.73,80.61,0.5542399,0.3987747,0.94882894,0.56195265,0.44616613,0.8822399,0.5189357,0.4460571,0.9231689,0.4639528,0.44599608,0.8813778,0.4207683,0.4668898,0.89601624,0.6051402,0.4461318,0.8943595,0.6562438,0.45138922,0.82669145,0.70727116,0.47733194,0.9292762,0.55811805,0.6033607,0.89483094,0.54233265,0.6033015,0.9055084,0.54611254,0.71839786,0.84389895,0.5461676,0.8179547,0.9236861,0.58164334,0.60814613,0.9329748,0.5815442,0.7235597,0.881722,0.57773215,0.817874,0.9417374,0.5502888,0.39352313,0.9575387,0.56984425,0.39361915,0.93267417,0.54624724,0.39381972,0.48833263,0.5816123,0.39879638,0.965476,0.5817391,0.8491996,0.86024964,0.59342754,0.8439554,0.77967405,0.5737648,0.8231717,0.72276163,0.5502253,0.84926605,0.8571813,0.5422572,0.84917384,0.79911286,0.54622877,0.8283441,0.772383
2023:03:04:19:55:52,up_90_1t_,17.59233856201172,74.43,76.61,177.73,80.53,0.55417013,0.39878038,0.9562734,0.56196636,0.44617677,0.8823749,0.5189462,0.44608045,0.92137957,0.46396396,0.44600174,0.88028556,0.42077413,0.46692085,0.8984804,0.6051435,0.4461568,0.89349145,0.66007125,0.45142302,0.8266279,0.70732534,0.47735617,0.93173385,0.55810976,0.60334474,0.89555717,0.5423271,0.60328615,0.90504646,0.54611176,0.71836036,0.84258455,0.5461671,0.8179289,0.926232,0.58163947,0.60336125,0.93369424,0.5815423,0.72355306,0.88200647,0.5777353,0.8178669,0.9409207,0.55025405,0.39352977,0.9583829,0.5697652,0.39363325,0.92874426,0.5462037,0.39378864,0.39237988,0.5815829,0.39883685,0.9702661,0.5817195,0.84919995,0.8623461,0.5934182,0.8439609,0.7808223,0.57377523,0.8231561,0.7255258,0.5501995,0.84925497,0.86303085,0.54222745,0.84914744,0.79984546,0.54623836,0.828302,0.7746358
2023:03:04:19:55:53,up_90_1t_,17.65018320083618,74.42,76.59,177.75,80.52,0.554151,0.3987893,0.9574457,0.5619412,0.44617265,0.88272244,0.5189272,0.4460668,0.9245422,0.4639458,0.44602296,0.8784661,0.4207633,0.46695155,0.8990409,0.6051334,0.4461514,0.8924008,0.6562808,0.4514385,0.823447,0.7073049,0.4773556,0.9340272,0.5581043,0.60334194,0.8948851,0.5423236,0.6032859,0.9048873,0.5461165,0.7183532,0.8444106,0.54616404,0.8179315,0.92519367,0.58162934,0.6033555,0.93329847,0.58153003,0.7235502,0.8807515,0.57773846,0.81786615,0.94074005,0.5502421,0.39353454,0.9598312,0.5660007,0.39364412,0.9283693,0.5461937,0.39376885,0.3696422,0.5815755,0.3988419,0.97016937,0.581711,0.849189,0.86022216,0.59340733,0.843955,0.7792467,0.5737811,0.8231562,0.7270194,0.55019015,0.8492501,0.86434704,0.54221785,0.8491404,0.79920614,0.5462413,0.8283055,0.77354586
2023:03:04:19:55:53,up_90_1t_,17.710023403167725,74.42,76.59,177.74,80.53,0.5541514,0.39878583,0.95712525,0.5619386,0.44616723,0.8832575,0.51892793,0.44606096,0.92462903,0.46396714,0.44602907,0.8776791,0.42078897,0.46694878,0.90037984,0.60512966,0.4461438,0.89278567,0.65627676,0.4514067,0.8258224,0.7073031,0.4773495,0.9323616,0.55810076,0.6033314,0.8953217,0.5423229,0.60327464,0.904186,0.5461164,0.718345,0.8445963,0.54616076,0.81792796,0.92598295,0.5816258,0.60334635,0.9340981,0.5815326,0.7235332,0.87992275,0.5777414,0.81787133,0.9414392,0.5502437,0.39352992,0.9590026,0.5660022,0.3936435,0.9282944,0.54619336,0.39376447,0.37308252,0.58157456,0.39884487,0.9693482,0.5817122,0.8492,0.8643936,0.593412,0.843971,0.7822383,0.5737845,0.8231674,0.7272393,0.55018514,0.8492471,0.864982,0.5385189,0.84912765,0.7992912,0.5462376,0.8283011,0.774514
2023:03:04:19:55:53,up_90_1t_,17.77185869216919,73.06,77.97,177.74,85.02,0.55419654,0.39875883,0.95438224,0.55818146,0.44615746,0.88516396,0.5189143,0.44604096,0.9267046,0.46394965,0.4459935,0.8845497,0.42076918,0.46690303,0.8961184,0.60512257,0.44612762,0.89495444,0.6562479,0.45136574,0.83007103,0.70726657,0.4773004,0.9273016,0.5580968,0.60332346,0.8953419,0.5423197,0.6032726,0.90379596,0.54611725,0.7183402,0.84470344,0.54617214,0.8179333,0.92808664,0.58162266,0.6033304,0.9337207,0.5815349,0.72351074,0.8790546,0.57773983,0.8178573,0.94275945,0.55027217,0.39350936,0.9559541,0.56979287,0.39362022,0.92999756,0.5462215,0.39378083,0.4347228,0.5815814,0.39882347,0.96579784,0.58172745,0.84918493,0.8618647,0.59342927,0.8439384,0.7794198,0.5737802,0.823154,0.7239198,0.550233,0.849252,0.8627463,0.5422602,0.84915507,0.80389905,0.54623663,0.8283112,0.7746843
2023:03:04:19:55:53,up_90_1t_,17.82970356941223,73.06,77.97,177.74,85.08,0.5542386,0.39874485,0.9501659,0.5581812,0.44614872,0.88578737,0.51892,0.4460357,0.9256838,0.46395567,0.4459867,0.88510454,0.42076844,0.46690536,0.8966694,0.6051195,0.44610733,0.89620006,0.65627235,0.45133513,0.8320497,0.70727646,0.47727287,0.92349535,0.5581037,0.60331,0.8963337,0.5423282,0.6032594,0.9060026,0.5461214,0.71831846,0.84650916,0.5461711,0.8179176,0.9300454,0.5816255,0.60331887,0.93441576,0.5815339,0.72349906,0.88004965,0.57774425,0.8178479,0.9433996,0.55029404,0.39350048,0.9537678,0.56983715,0.3936032,0.93104494,0.54624546,0.3938277,0.50549054,0.58158994,0.39880374,0.962884,0.5817301,0.8491802,0.8596401,0.5934398,0.8439292,0.77741206,0.5737842,0.82314134,0.72391135,0.55024475,0.84923583,0.86326766,0.5422696,0.84913933,0.80575716,0.5462306,0.82828695,0.7746135
2023:03:04:19:55:53,up_90_1t_,17.887105703353882,73.05,77.99,177.73,85.09,0.5542417,0.39875266,0.9485848,0.55818355,0.4461654,0.8844792,0.5189287,0.44605505,0.9244988,0.46774945,0.4459857,0.88275415,0.42081118,0.4668869,0.89888084,0.60511804,0.44612402,0.89485717,0.65624064,0.45135224,0.830411,0.70725465,0.47731078,0.9273717,0.55811125,0.6033287,0.89564127,0.54232824,0.60327786,0.90558755,0.54612094,0.71834433,0.84567374,0.5461676,0.81794137,0.92786044,0.5816364,0.6033362,0.93371874,0.58155084,0.7235151,0.88043743,0.5777421,0.81786996,0.9427172,0.5502919,0.39350796,0.9545847,0.5698392,0.393607,0.9306706,0.5462472,0.3938383,0.51984537,0.5815837,0.3988019,0.96256167,0.5817378,0.84920186,0.8645375,0.59344405,0.84396136,0.78212774,0.5737799,0.82317424,0.7228896,0.5502302,0.8492584,0.86082983,0.5422549,0.8491612,0.8016979,0.5462302,0.82832927,0.77467716
2023:03:04:19:55:53,up_90_1t_,17.946945905685425,73.06,77.97,177.73,85.11,0.55426776,0.39875564,0.94546777,0.5581793,0.4461867,0.883518,0.51890886,0.44606337,0.9232489,0.46396762,0.44600406,0.8813878,0.4207596,0.4669415,0.8997326,0.60513824,0.4461439,0.89430046,0.6600765,0.4513433,0.83187497,0.70729274,0.4773107,0.9252361,0.55811447,0.6033623,0.8945063,0.5423115,0.6033127,0.9033277,0.54610825,0.71835417,0.8426157,0.54616934,0.8179184,0.9288039,0.5816524,0.6033658,0.9324082,0.58156115,0.72352016,0.8786685,0.57775474,0.81786156,0.9435093,0.55030376,0.3935106,0.95439404,0.5698705,0.3936054,0.9322448,0.54625416,0.39385268,0.55209875,0.5815958,0.39879447,0.96050936,0.58172834,0.8491986,0.8645368,0.5934461,0.8439727,0.78229344,0.5737971,0.8231594,0.72947234,0.5502017,0.84924084,0.863322,0.5422303,0.8491278,0.79934394,0.54624903,0.8282894,0.7765566
2023:03:04:19:55:53,up_90_1t_,18.00835418701172,73.05,77.97,177.73,85.14,0.55427575,0.39876333,0.9441531,0.5581696,0.4461886,0.88415176,0.5189059,0.44607237,0.92258054,0.4639581,0.44599214,0.8830684,0.42074832,0.46695572,0.8992849,0.6051221,0.4461325,0.89369774,0.656263,0.45132726,0.8334664,0.7072654,0.47729516,0.92994505,0.55811876,0.60337114,0.89451164,0.5423211,0.6033257,0.905412,0.54610807,0.7183594,0.8433442,0.54616743,0.8179306,0.92886466,0.58165103,0.60336864,0.9329628,0.5815645,0.7235187,0.87892723,0.57774925,0.8178497,0.9440402,0.5503053,0.39351863,0.95520926,0.5698783,0.39361003,0.93282217,0.54625463,0.3938578,0.57356906,0.58159,0.39879373,0.96000534,0.5817378,0.84919494,0.8654051,0.59345734,0.8439582,0.7814881,0.5737803,0.82314306,0.7251743,0.5502165,0.8492512,0.8613155,0.5422443,0.84914845,0.80137897,0.54623264,0.8283129,0.77680004
2023:03:04:19:55:53,up_90_1t_,18.068192958831787,73.05,77.97,177.72,85.12,0.55425936,0.3987539,0.9465931,0.5581553,0.44618052,0.88545424,0.5188917,0.44605538,0.92550015,0.46396407,0.44602,0.8836038,0.42074648,0.46694967,0.90031743,0.6051171,0.44612345,0.89427996,0.66006064,0.45130336,0.83572924,0.7072916,0.47729868,0.9277076,0.55811536,0.60335606,0.8957368,0.54232043,0.6033066,0.9060159,0.54611504,0.71835005,0.8445876,0.5461762,0.8179255,0.9301327,0.58164346,0.60336244,0.9349983,0.5815669,0.7235106,0.88109,0.57774323,0.8178384,0.94494814,0.5503014,0.39350522,0.95414484,0.5698604,0.39360756,0.9314842,0.54625034,0.39383852,0.55885553,0.5815727,0.39880115,0.9569172,0.58177423,0.84915614,0.8614006,0.59348017,0.8438946,0.77993727,0.57377213,0.8231306,0.72277004,0.55026716,0.8492275,0.8533153,0.54229826,0.8491413,0.80222845,0.5462247,0.8282988,0.7778353
2023:03:04:19:55:53,up_90_1t_,18.12803316116333,73.04,77.98,177.72,85.11,0.5542475,0.3987541,0.9473157,0.5581545,0.44617978,0.8856392,0.5188974,0.44605836,0.9247898,0.46397483,0.44600648,0.8839593,0.42074504,0.46693426,0.89866066,0.60510445,0.44612157,0.89378935,0.65625405,0.45131335,0.8362198,0.70726514,0.47730204,0.93179613,0.55811113,0.6033445,0.8961963,0.542321,0.6032947,0.9057317,0.54610986,0.71834755,0.84286165,0.5461795,0.81792724,0.9292358,0.5816381,0.6033517,0.9352767,0.58156717,0.72350585,0.88026404,0.57775015,0.8178361,0.9443139,0.55029595,0.39350465,0.95377034,0.5698447,0.39361107,0.93042016,0.54624647,0.393838,0.5459349,0.5815596,0.39881328,0.9560302,0.5817449,0.84915745,0.86259097,0.5934561,0.84390473,0.7794169,0.5737849,0.82312083,0.7266,0.55023295,0.8492353,0.85605323,0.5422662,0.8491367,0.7992334,0.5462447,0.828298,0.77715707
2023:03:04:19:55:53,up_90_1t_,18.19186305999756,73.04,77.99,177.72,85.15,0.55428153,0.3987564,0.94345725,0.5581554,0.44618878,0.8847218,0.51890135,0.44606227,0.92334586,0.4639589,0.44599974,0.8847902,0.4207201,0.46693346,0.8966888,0.6050988,0.44612628,0.8929502,0.6562261,0.45133474,0.8326917,0.70725465,0.47730651,0.92898774,0.5581202,0.60335046,0.8955753,0.5423301,0.60330564,0.906823,0.5461132,0.7183564,0.8445312,0.54617524,0.81791943,0.9288902,0.58164185,0.60335237,0.9350438,0.58156323,0.72351766,0.8806597,0.5777461,0.8178335,0.9442117,0.55030936,0.3935136,0.9541075,0.56988186,0.39360666,0.9317113,0.546257,0.3938638,0.6055458,0.5815737,0.39880192,0.9522807,0.5817211,0.84917015,0.8647742,0.5934308,0.8439188,0.7796499,0.57378006,0.8231138,0.7251121,0.5502326,0.8492396,0.85947835,0.54226524,0.8491392,0.8011878,0.5462386,0.8282849,0.776306
2023:03:04:19:55:53,up_90_1t_,18.25528573989868,73.04,77.98,177.71,85.13,0.55427754,0.39875412,0.9438425,0.55816424,0.4461955,0.8837409,0.51890504,0.44606784,0.92300594,0.46395722,0.44599935,0.88360196,0.42073676,0.46694812,0.8989031,0.6051027,0.44613406,0.89265084,0.6562051,0.45135158,0.8316396,0.70724374,0.47731075,0.9300754,0.5581261,0.6033626,0.8944458,0.54233277,0.6033136,0.906149,0.546119,0.7183721,0.845794,0.54617596,0.8179208,0.9286773,0.58165,0.6033676,0.93516064,0.581573,0.7235272,0.88221955,0.5777488,0.8178484,0.9434412,0.5503049,0.39351237,0.95434177,0.5698782,0.39360344,0.93131196,0.5462513,0.39387086,0.608375,0.58157307,0.39880338,0.953172,0.58172935,0.8491931,0.8662431,0.593442,0.8439519,0.78184545,0.5737836,0.8231283,0.72572035,0.5502347,0.84924453,0.8586805,0.54226476,0.84914047,0.8011552,0.54623896,0.8282892,0.7755999
2023:03:04:19:55:53,up_90_1t_,18.314157009124756,73.04,77.95,177.71,85.13,0.5542823,0.39873403,0.94331867,0.5581559,0.44617748,0.8861284,0.5188987,0.44603938,0.9239129,0.46396193,0.44600335,0.8823841,0.4207537,0.46696454,0.900373,0.60509425,0.44612205,0.8924696,0.6561927,0.45133293,0.8334495,0.7072462,0.4773082,0.93056476,0.5581121,0.6033748,0.89372504,0.5423126,0.6033287,0.9023665,0.5461075,0.718394,0.84385246,0.54617184,0.8179336,0.92686343,0.58163935,0.60814565,0.93468297,0.58157253,0.72353196,0.8820931,0.57773924,0.81784964,0.94289786,0.5503117,0.39349183,0.9514681,0.5698829,0.39358866,0.92996716,0.5462558,0.3938555,0.6155627,0.5815706,0.39879906,0.95075667,0.58174026,0.8491906,0.8625864,0.5934444,0.84394425,0.7792218,0.57376796,0.8231323,0.7220352,0.5502587,0.84924924,0.8546506,0.5422859,0.84915996,0.8021929,0.54622376,0.82831025,0.773553
2023:03:04:19:55:53,up_90_1t_,18.370975971221924,73.03,77.94,177.72,85.14,0.554275,0.39873323,0.944432,0.55813867,0.4461723,0.8876293,0.5188887,0.44603398,0.9251753,0.4639607,0.44601196,0.88133436,0.42072827,0.46698734,0.8997325,0.6050822,0.44611296,0.8917456,0.65619105,0.45131233,0.83495843,0.7072441,0.47730494,0.93047535,0.558116,0.60336256,0.8937608,0.54231405,0.6033185,0.90382683,0.54609746,0.7183501,0.84225553,0.5461751,0.81788206,0.93214774,0.58164483,0.603361,0.9345514,0.581581,0.72351974,0.8836674,0.57777256,0.81783897,0.94412357,0.5503078,0.3934887,0.95280373,0.56987786,0.39358845,0.92980134,0.54625416,0.39384398,0.60762745,0.58156854,0.39880022,0.9503154,0.58170676,0.84919,0.8691386,0.59344196,0.8439647,0.7836468,0.57382226,0.82312155,0.7330643,0.5501956,0.8492219,0.8639143,0.54222465,0.8491027,0.7993225,0.5462595,0.8282228,0.7764167
2023:03:04:19:55:53,up_90_1t_,18.43281126022339,73.03,77.94,177.72,85.14,0.5542793,0.3987107,0.9442447,0.55812794,0.44617376,0.8881962,0.5188819,0.44602314,0.92681307,0.4639787,0.44603232,0.87788045,0.42075577,0.46697614,0.9004906,0.6050823,0.44611233,0.8910226,0.65620416,0.4513212,0.83379716,0.70724434,0.4772956,0.93079793,0.55810934,0.6033801,0.8935325,0.5423013,0.60334116,0.90157604,0.54610276,0.7183747,0.84359133,0.54617053,0.8179065,0.9293899,0.5816432,0.6081475,0.93448704,0.5815654,0.72350717,0.880859,0.57774675,0.81784004,0.94278264,0.5503125,0.39346576,0.94983256,0.5698832,0.39356944,0.92838526,0.5462567,0.39383355,0.61743766,0.58156466,0.39879546,0.94913566,0.58169323,0.8491952,0.8705443,0.59341586,0.8439707,0.7837727,0.57378536,0.8231145,0.7257733,0.55021936,0.84922844,0.86063886,0.54224753,0.849125,0.80119634,0.5462373,0.82826805,0.77313024
2023:03:04:19:55:53,up_90_1t_,18.496639728546143,73.04,77.93,177.72,85.50,0.55423605,0.39396855,0.94850767,0.5581281,0.44617274,0.8885602,0.5188775,0.44600898,0.92869854,0.46395248,0.4460272,0.8782956,0.42075527,0.46698195,0.9008119,0.60508126,0.4461256,0.8902637,0.65617096,0.45133862,0.83359796,0.7072084,0.47729358,0.93101054,0.5581017,0.6033622,0.894394,0.54229325,0.60332173,0.90077007,0.5460979,0.7183374,0.8413406,0.54617333,0.817909,0.9309919,0.58163875,0.6033586,0.9342457,0.5815637,0.7234861,0.8788779,0.57775015,0.8178333,0.94357306,0.5502967,0.39344746,0.9488089,0.56984365,0.3935627,0.92580533,0.54625094,0.39381635,0.55818474,0.5815529,0.3988051,0.9527328,0.5817118,0.84919375,0.8697893,0.5934412,0.8439572,0.7826953,0.57378536,0.823113,0.72416526,0.5502337,0.8492338,0.8588823,0.54226047,0.84913415,0.8015504,0.54623574,0.82827336,0.77576214
2023:03:04:19:55:53,up_90_1t_,18.554485321044922,73.03,77.92,177.73,85.49,0.5542287,0.39396068,0.9493935,0.5581283,0.44616944,0.8887573,0.51888084,0.44600412,0.92884034,0.46393424,0.44603795,0.87810516,0.42073172,0.46699175,0.89918065,0.6050746,0.44612816,0.8896641,0.65616834,0.4513396,0.83466065,0.70718944,0.4773029,0.9337374,0.5581107,0.6033472,0.89414966,0.5422987,0.6033061,0.9016886,0.5460934,0.71831816,0.8401979,0.5461752,0.81790507,0.9305384,0.5816447,0.6033446,0.9331013,0.5815526,0.7234978,0.88101995,0.5777414,0.8178433,0.9426673,0.55029595,0.39344138,0.9473853,0.5698329,0.39355978,0.92460144,0.5462551,0.3938134,0.55006814,0.58154136,0.3988098,0.9529517,0.58170784,0.849204,0.8704026,0.59343135,0.84396756,0.7835521,0.5737794,0.8231253,0.72303283,0.5502426,0.84923613,0.85578763,0.5422676,0.8491374,0.80011886,0.5462357,0.82827127,0.77472687
2023:03:04:19:55:53,up_90_1t_,18.61233115196228,73.03,77.91,177.73,85.48,0.55422086,0.39394793,0.950734,0.5581267,0.44616288,0.8895342,0.518883,0.44599438,0.92936474,0.46390554,0.44602397,0.87969595,0.42068148,0.46700168,0.89516515,0.60507035,0.4461249,0.8896104,0.65619504,0.4513445,0.83386886,0.70719576,0.47731733,0.9326328,0.55809826,0.6033544,0.8938037,0.5422928,0.60331047,0.8993443,0.5460941,0.7183356,0.8406596,0.54617053,0.8179348,0.9256367,0.58163077,0.60335386,0.9338616,0.5815416,0.72351885,0.88213813,0.57772475,0.8178542,0.94098425,0.5502931,0.39342928,0.94609517,0.56982434,0.39355037,0.9231819,0.54625106,0.39380553,0.5477839,0.5815348,0.39880365,0.9520077,0.58173287,0.8492024,0.8633796,0.59343934,0.84394556,0.77863616,0.5737462,0.8231404,0.71449804,0.5502979,0.8492504,0.8485333,0.54231906,0.84917605,0.8028471,0.5462078,0.8283234,0.7704459
2023:03:04:19:55:54,up_90_1t_,18.674193382263184,73.02,77.90,177.74,85.48,0.55420536,0.3939448,0.95275617,0.55810666,0.4461499,0.8917311,0.51886946,0.44597954,0.93056494,0.46389556,0.44604114,0.879022,0.42070013,0.4670099,0.89855576,0.60505176,0.4461127,0.8875995,0.6561757,0.45131937,0.8342939,0.70719594,0.47731453,0.9350181,0.55808324,0.6033449,0.89293796,0.542276,0.6033053,0.89600015,0.546086,0.718315,0.8371883,0.5461703,0.8179131,0.92517024,0.58161753,0.6033385,0.93252707,0.5815236,0.72352135,0.8803759,0.57772154,0.8178455,0.93973285,0.55028415,0.39342475,0.9462867,0.5698065,0.3935478,0.92264396,0.5462455,0.39378828,0.53117883,0.58152777,0.39879403,0.95569354,0.58171576,0.8491881,0.858281,0.59342194,0.8439379,0.77565306,0.57374835,0.8231307,0.7185139,0.5502573,0.8492273,0.85188353,0.5422854,0.84913695,0.8003633,0.5462188,0.8282939,0.7689218
2023:03:04:19:55:54,up_90_1t_,18.73799443244934,73.04,77.93,177.74,85.46,0.55420566,0.39393613,0.9526863,0.55812263,0.4461594,0.8903522,0.5188789,0.44598836,0.93075943,0.4639059,0.44604406,0.87990135,0.4207021,0.4669791,0.8970295,0.6050661,0.44613567,0.88664806,0.6561797,0.45135745,0.8261539,0.70722365,0.47730583,0.9305197,0.5581063,0.60334015,0.8917806,0.5422859,0.6032952,0.89862394,0.54608476,0.7182939,0.8349798,0.5461648,0.8179048,0.92685694,0.58163965,0.60334,0.9315548,0.5815428,0.7235134,0.8800896,0.5777368,0.81784046,0.9419168,0.5502863,0.3934148,0.94484997,0.5698112,0.39354256,0.92238086,0.54624796,0.39378038,0.52459973,0.5815335,0.39880002,0.9554671,0.58172196,0.84919685,0.8626255,0.5934538,0.8439466,0.7773387,0.57376623,0.82313126,0.71936613,0.55025464,0.8492323,0.8546193,0.54227585,0.849138,0.80154413,0.54621404,0.8282803,0.76949865
2023:03:04:19:55:54,up_90_1t_,18.79583978652954,73.04,77.92,177.74,85.43,0.55417365,0.3939283,0.9574083,0.55813617,0.4461561,0.889127,0.5188897,0.446,0.92909247,0.463921,0.44606844,0.87570536,0.42069155,0.4669977,0.8998043,0.6050797,0.4461223,0.88886696,0.65622264,0.45133096,0.8282244,0.7072247,0.47728306,0.93310606,0.55810994,0.60332966,0.89023805,0.5422871,0.60328513,0.90008515,0.5460576,0.7182908,0.8291362,0.54616505,0.81793076,0.9256644,0.581644,0.603331,0.92908084,0.58154935,0.7235106,0.8816336,0.577746,0.8178432,0.94193596,0.55027217,0.393412,0.9452133,0.56977487,0.39354143,0.9208526,0.54623324,0.39376745,0.4864629,0.5815239,0.39880884,0.9572884,0.58174,0.8491936,0.86557525,0.5972488,0.84395725,0.77884465,0.5737762,0.82314074,0.71671915,0.5502736,0.8492475,0.8503221,0.5422921,0.849169,0.80035645,0.5462143,0.82832,0.7684723
2023:03:04:19:55:54,up_90_1t_,18.85368514060974,73.04,77.93,177.75,85.42,0.55416316,0.39392605,0.9581406,0.55815005,0.4461463,0.8888983,0.5189013,0.44599926,0.9272474,0.4639337,0.44606057,0.8761398,0.42070866,0.46698278,0.90082777,0.6050879,0.44612035,0.88907665,0.65625536,0.4512898,0.83096683,0.7072294,0.4772823,0.93355775,0.5581218,0.60332394,0.8889723,0.54229635,0.6032772,0.90134394,0.54246086,0.71828395,0.8277631,0.5461575,0.8179169,0.9249063,0.5816517,0.60332733,0.92743903,0.5815437,0.7235144,0.88178265,0.57774484,0.8178338,0.9414555,0.5502679,0.39341137,0.9443526,0.56976134,0.39354217,0.9202529,0.5462273,0.39375073,0.46231437,0.58152115,0.39881077,0.95682704,0.5817289,0.8491829,0.864281,0.5934705,0.8439304,0.7782016,0.57377595,0.82313126,0.71892047,0.550248,0.84923524,0.8536851,0.54226685,0.8491489,0.7996514,0.5462118,0.82830006,0.76795745
2023:03:04:19:55:54,up_90_1t_,18.915098190307617,73.03,77.93,177.76,85.43,0.5541707,0.3939189,0.95747674,0.55814564,0.44614145,0.8893856,0.51889944,0.44598916,0.9285653,0.46393386,0.44606006,0.8761771,0.42072186,0.4669767,0.90420526,0.605086,0.44611767,0.8893897,0.65624905,0.45128393,0.83338964,0.707208,0.4772909,0.9396534,0.55812675,0.6032814,0.88811463,0.54231083,0.60323507,0.9037329,0.542458,0.7182028,0.82512456,0.5461556,0.8178858,0.92717767,0.58164674,0.6032835,0.9262638,0.58153456,0.7234622,0.8793292,0.57774997,0.81781775,0.9425021,0.5502728,0.39340374,0.9428326,0.5697691,0.39353696,0.9198666,0.5462331,0.3937663,0.48196533,0.5815159,0.39881524,0.954882,0.58171576,0.8491719,0.86511177,0.5934702,0.84391785,0.77807313,0.5737892,0.82312167,0.72140986,0.55022734,0.8492171,0.8576204,0.5422441,0.8491186,0.7986143,0.5462208,0.82825816,0.7686618
2023:03:04:19:55:54,up_90_1t_,18.980474710464478,73.03,77.89,177.76,85.43,0.55419976,0.39391503,0.95509684,0.55814993,0.44613454,0.88969284,0.51888967,0.44597062,0.92865413,0.4639074,0.44602972,0.8808601,0.42067444,0.46702054,0.9061407,0.6051039,0.4461196,0.8900839,0.6600566,0.45127624,0.829287,0.7072049,0.4772997,0.93873763,0.55811304,0.603302,0.88942397,0.5422912,0.60325354,0.9018728,0.54241806,0.71314955,0.8211919,0.546162,0.8178681,0.9292384,0.5816431,0.60330164,0.9271077,0.5815379,0.72347105,0.8819392,0.5777671,0.81782854,0.94320476,0.5502895,0.39339417,0.94243765,0.56980705,0.3935314,0.92141956,0.5462453,0.3937804,0.5289482,0.5815302,0.39881182,0.95343244,0.5816738,0.849195,0.86960113,0.5934448,0.84397036,0.7813676,0.57382995,0.82314366,0.73225385,0.55014384,0.84922546,0.87013865,0.5384686,0.8490899,0.79854,0.5462718,0.82823586,0.76904714
2023:03:04:19:55:54,up_90_1t_,19.03835439682007,73.03,77.89,177.78,85.42,0.55418175,0.393912,0.9566853,0.55815387,0.4461348,0.88940996,0.5188906,0.44597644,0.9289336,0.4639112,0.44603938,0.88010144,0.42066935,0.46700802,0.9025049,0.60510564,0.44611573,0.89043015,0.66005665,0.45128727,0.82889986,0.7072015,0.4773035,0.93820775,0.5580948,0.60327685,0.88974416,0.542281,0.60322773,0.8992543,0.54241097,0.7130639,0.8219345,0.5461603,0.8178384,0.93102723,0.5816221,0.6032775,0.9277091,0.5815133,0.72342134,0.8751105,0.57777023,0.8178125,0.94429123,0.5502792,0.39339495,0.9418149,0.56978416,0.39352858,0.9194483,0.54623574,0.39377475,0.5015942,0.5815222,0.39881304,0.9543169,0.58166075,0.8491707,0.87192065,0.59343743,0.8439446,0.781734,0.57384294,0.8231314,0.73361385,0.55014575,0.84919745,0.8681326,0.5384672,0.8490596,0.7955169,0.5462782,0.82819885,0.76888645
2023:03:04:19:55:54,up_90_1t_,19.098164319992065,73.05,77.90,177.79,85.44,0.5541841,0.39392394,0.9566238,0.5581383,0.44614464,0.8901961,0.5188789,0.4459841,0.9288034,0.46391818,0.44604447,0.87868416,0.42064905,0.4670132,0.89970905,0.60509753,0.4461196,0.8894485,0.65627235,0.45126873,0.8283223,0.70719725,0.47728553,0.9329591,0.55808115,0.6033168,0.8916725,0.5422729,0.603271,0.8972951,0.54240304,0.7131321,0.820585,0.5461563,0.8178606,0.928763,0.5816123,0.603313,0.92954695,0.58149254,0.7234646,0.87590307,0.5777645,0.81783515,0.94478095,0.55027884,0.39340475,0.94373083,0.5697889,0.39353764,0.92066383,0.54623497,0.3937752,0.50524664,0.58152777,0.39881563,0.9525931,0.58169013,0.84917104,0.8677339,0.59344476,0.84394145,0.7809775,0.57382774,0.8231641,0.732262,0.5501674,0.84919834,0.8646092,0.5384933,0.8490743,0.7963308,0.54625976,0.8282303,0.7700194
2023:03:04:19:55:54,up_90_1t_,19.161989212036133,73.05,77.89,177.79,85.45,0.5542062,0.39392272,0.95407975,0.55814093,0.44615233,0.88954794,0.518877,0.44598687,0.9278469,0.46392077,0.4460379,0.8797152,0.42064905,0.4670307,0.90008,0.60510415,0.44612914,0.88966155,0.66007096,0.45126557,0.8282956,0.7072195,0.47728467,0.9297575,0.55809045,0.6033306,0.89135826,0.54227704,0.60328346,0.8986281,0.54240996,0.71317,0.8206025,0.5461525,0.8178544,0.92810977,0.58162236,0.6033277,0.92921066,0.58149666,0.7234976,0.8794286,0.57775813,0.8178398,0.9438527,0.55028975,0.39340502,0.94306207,0.56981206,0.39353386,0.9211217,0.5462436,0.3938003,0.5457511,0.5815319,0.39881453,0.95112187,0.58167,0.8491832,0.8711393,0.59342086,0.84396297,0.7842767,0.57382405,0.82316035,0.7350382,0.55014193,0.8491997,0.8695419,0.53846407,0.849065,0.79808617,0.5462615,0.8282196,0.76927406
2023:03:04:19:55:54,up_90_1t_,19.22581911087036,73.04,77.89,177.77,85.46,0.5542046,0.39393184,0.9541294,0.5581319,0.44615296,0.89048046,0.5188749,0.44598618,0.9285824,0.4639077,0.44604212,0.87956536,0.4206498,0.46704486,0.90085596,0.6050905,0.44611958,0.8892283,0.66005635,0.45125,0.82904834,0.7072122,0.4772803,0.9299275,0.5580963,0.60332465,0.89135516,0.54227704,0.60327935,0.89888775,0.5424181,0.7181902,0.8214296,0.5461593,0.81785774,0.92786247,0.58163035,0.60332173,0.92911947,0.58151793,0.72350025,0.8810291,0.5777617,0.81783867,0.94434386,0.55028695,0.3934142,0.94490194,0.56980896,0.39354178,0.921644,0.5462422,0.3938014,0.5459218,0.5815285,0.3988145,0.9520788,0.58166426,0.8491846,0.87155604,0.59341455,0.8439672,0.7846866,0.5738272,0.8231525,0.73512155,0.5501471,0.8492049,0.86887085,0.5384728,0.8490689,0.7975089,0.546269,0.82821965,0.76827294
2023:03:04:19:55:54,up_90_1t_,19.281269311904907,73.03,77.88,177.75,85.50,0.5542469,0.39394885,0.9488641,0.5581225,0.44615242,0.890187,0.5188676,0.44597864,0.92906386,0.46389446,0.4460249,0.88218933,0.4206406,0.4670413,0.89953685,0.60508674,0.44611868,0.8889855,0.6562496,0.45126757,0.8299964,0.7071965,0.4773041,0.9371462,0.55808634,0.6033363,0.8917974,0.5422653,0.6032946,0.8970112,0.5424392,0.71822476,0.8250327,0.5461643,0.8178634,0.92755073,0.5816247,0.6033289,0.9297682,0.58153874,0.7234996,0.88269526,0.57776606,0.81784844,0.9442169,0.55030364,0.3934291,0.94691527,0.5698518,0.39354977,0.924436,0.5462488,0.3938185,0.60827315,0.58153814,0.3988091,0.94723076,0.58170056,0.84918493,0.8682749,0.5934486,0.843962,0.7835811,0.57382745,0.8231714,0.73127484,0.5501867,0.84920156,0.864617,0.5385138,0.8490798,0.79901636,0.54625636,0.82822937,0.76680535
2023:03:04:19:55:54,up_90_1t_,19.339149713516235,73.03,77.89,177.75,85.10,0.55425775,0.3987028,0.94668293,0.55809915,0.44616437,0.89062625,0.51884943,0.44598085,0.9313222,0.4638648,0.44601738,0.8854225,0.4206211,0.46704632,0.8924605,0.6050785,0.44613403,0.8870615,0.6561932,0.45128065,0.8302102,0.707195,0.47731462,0.9356735,0.55807084,0.6033573,0.89298165,0.5422593,0.6033177,0.8940442,0.54244965,0.7182729,0.82715994,0.5461582,0.817917,0.9230529,0.58160937,0.60334986,0.932672,0.58152795,0.72351766,0.88162893,0.5777552,0.8178766,0.944545,0.5502978,0.3934582,0.9516612,0.56985706,0.39356717,0.92644155,0.54623204,0.39383006,0.6275135,0.5815378,0.3988049,0.94736284,0.5817249,0.84919053,0.86078,0.59344196,0.843956,0.77832955,0.5738,0.8231976,0.72917014,0.5502291,0.8492273,0.85761875,0.54225576,0.8491377,0.8002491,0.54622966,0.82829976,0.76628345
2023:03:04:19:55:54,up_90_1t_,19.400949478149414,73.02,77.90,177.75,85.18,0.55430716,0.39873007,0.9403833,0.55808884,0.44616127,0.89117,0.51885134,0.44597915,0.9314957,0.46388456,0.4460107,0.885655,0.42063728,0.46703136,0.8919177,0.60506517,0.44612157,0.8864829,0.656176,0.45127565,0.8316973,0.7071979,0.4773131,0.9367331,0.5580736,0.6033441,0.8929949,0.5422648,0.6033082,0.8947175,0.5424601,0.71826065,0.8300013,0.5461561,0.8179254,0.9258346,0.58160794,0.603333,0.9328041,0.5815284,0.7234989,0.8808615,0.5777573,0.81787455,0.9463004,0.550319,0.39348856,0.95270133,0.5699086,0.39358556,0.9298793,0.5462365,0.39384076,0.69720626,0.5815518,0.39880455,0.94177836,0.5817388,0.8492092,0.8658602,0.5934639,0.8439647,0.78091115,0.5737979,0.82320243,0.7269886,0.5502349,0.8492405,0.8568509,0.54225975,0.84915215,0.8001107,0.5462197,0.8283135,0.77018523
2023:03:04:19:55:54,up_90_1t_,19.462783813476562,73.02,77.89,177.75,89.65,0.5580174,0.3987607,0.93639225,0.5580857,0.44616377,0.8906812,0.51884824,0.44597802,0.93141776,0.46388692,0.44602108,0.88501006,0.42064932,0.46704787,0.8935861,0.60506237,0.44612795,0.8845462,0.65616006,0.45129386,0.8310902,0.7071995,0.47731882,0.9360622,0.5580841,0.60333097,0.8923918,0.542278,0.6032962,0.8970016,0.5424668,0.71823174,0.82889426,0.54615843,0.8179071,0.9278773,0.5816136,0.6033202,0.9319839,0.5815305,0.72346,0.877591,0.5777635,0.8178587,0.9460298,0.55033046,0.39351392,0.953078,0.57361835,0.3936046,0.9322331,0.54623866,0.39385262,0.7188667,0.5815574,0.39881212,0.938709,0.5817353,0.84919405,0.8644262,0.5934703,0.8439524,0.7791734,0.57380676,0.8231858,0.7276731,0.5502174,0.84923106,0.8594653,0.5422409,0.8491341,0.79968745,0.5462287,0.8282843,0.77158463
2023:03:04:19:55:54,up_90_1t_,19.52062964439392,73.02,77.89,177.75,89.65,0.5580174,0.3987607,0.93639225,0.5580857,0.44616377,0.8906812,0.51884824,0.44597802,0.93141776,0.46388692,0.44602108,0.88501006,0.42064932,0.46704787,0.8935861,0.60506237,0.44612795,0.8845462,0.65616006,0.45129386,0.8310902,0.7071995,0.47731882,0.9360622,0.5580841,0.60333097,0.8923918,0.542278,0.6032962,0.8970016,0.5424668,0.71823174,0.82889426,0.54615843,0.8179071,0.9278773,0.5816136,0.6033202,0.9319839,0.5815305,0.72346,0.877591,0.5777635,0.8178587,0.9460298,0.55033046,0.39351392,0.953078,0.57361835,0.3936046,0.9322331,0.54623866,0.39385262,0.7188667,0.5815574,0.39881212,0.938709,0.5817353,0.84919405,0.8644262,0.5934703,0.8439524,0.7791734,0.57380676,0.8231858,0.7276731,0.5502174,0.84923106,0.8594653,0.5422409,0.8491341,0.79968745,0.5462287,0.8282843,0.77158463
2023:03:04:19:55:54,up_90_1t_,19.576480388641357,73.04,77.90,177.74,89.64,0.55803263,0.39878118,0.93449044,0.5580957,0.4461709,0.888662,0.5188527,0.4459752,0.9315281,0.4638944,0.44599518,0.88450116,0.42066887,0.46702087,0.8961645,0.6050673,0.44615448,0.8829352,0.6561559,0.4513434,0.8292092,0.70721287,0.47732282,0.93333566,0.55808127,0.6033662,0.8927289,0.5422732,0.60332876,0.8961012,0.54246503,0.7183062,0.8314743,0.5461539,0.8179138,0.92720395,0.5816136,0.6033576,0.9330497,0.581538,0.72352004,0.8836968,0.57775944,0.8178656,0.94646436,0.55033576,0.39353007,0.9531009,0.573633,0.39361843,0.9354879,0.5462402,0.39385527,0.7265308,0.5815677,0.39881724,0.93713135,0.5817366,0.84920394,0.8653732,0.5934627,0.8439652,0.7812125,0.5737977,0.82318527,0.72888213,0.5502151,0.84923613,0.86046046,0.54224145,0.8491382,0.8009769,0.54621905,0.8282866,0.773091
2023:03:04:19:55:54,up_90_1t_,19.636319875717163,73.03,77.90,177.74,89.66,0.55804604,0.39876872,0.9336408,0.55808914,0.44616163,0.89007694,0.5188515,0.44596443,0.93233204,0.4639019,0.445989,0.8842219,0.4206994,0.466995,0.89750034,0.60505295,0.4461476,0.8821775,0.6523746,0.45136005,0.83297575,0.7071836,0.4773238,0.93491375,0.558076,0.60335296,0.89335537,0.5422719,0.60332215,0.8948029,0.5460803,0.7183265,0.83716273,0.5461643,0.8179577,0.9247818,0.5816082,0.60333735,0.93450165,0.58153856,0.7235122,0.8820804,0.5777525,0.8178801,0.94603515,0.5503437,0.3935186,0.9509722,0.5736413,0.39360502,0.9356831,0.54624224,0.39384943,0.7405213,0.5815688,0.39880723,0.93541783,0.5817822,0.84918964,0.8584529,0.59725475,0.84394747,0.7773548,0.57378066,0.8232109,0.721421,0.55026686,0.84925944,0.8535508,0.5422958,0.84918386,0.80303,0.5462143,0.8283622,0.77207506
2023:03:04:19:55:55,up_90_1t_,19.69815421104431,73.03,77.91,177.74,89.67,0.5580519,0.39876986,0.9329924,0.5580904,0.4461685,0.88952565,0.51885253,0.44597173,0.93167144,0.4638902,0.44600806,0.88232136,0.4206816,0.46699798,0.89405245,0.6050567,0.44614893,0.8823639,0.6561486,0.45134795,0.8321459,0.7071913,0.4773304,0.9333254,0.55807483,0.60334104,0.89413667,0.5422793,0.60330737,0.89678824,0.54608154,0.7182886,0.8372145,0.5461612,0.81793725,0.92747015,0.5815997,0.60332966,0.93514216,0.5815308,0.72349465,0.8814201,0.5777543,0.81787574,0.94673264,0.55034566,0.39351702,0.95067155,0.57364625,0.3936047,0.9363098,0.5462394,0.39384925,0.749646,0.5815695,0.39880866,0.9351896,0.58175886,0.84920084,0.8612399,0.5934737,0.8439434,0.7781322,0.57378864,0.8232041,0.72397804,0.5502518,0.8492416,0.85767454,0.54227984,0.8491565,0.80334127,0.54621935,0.82832897,0.7735227
2023:03:04:19:55:55,up_90_1t_,19.75600004196167,73.03,77.91,177.75,89.65,0.55804276,0.39877322,0.9332375,0.5580967,0.44616735,0.8890859,0.5188543,0.4459742,0.9314866,0.46388248,0.4460059,0.88186276,0.42067668,0.46699333,0.89349526,0.605061,0.44615006,0.8827679,0.6561479,0.4513618,0.83187336,0.70719534,0.47733125,0.93372756,0.5580714,0.603332,0.89415,0.54227585,0.6032987,0.89555275,0.546078,0.7182642,0.83599555,0.54616153,0.81791806,0.92925036,0.5815971,0.60332036,0.93549347,0.58152765,0.72347707,0.8790144,0.57775736,0.8178712,0.9454871,0.5503414,0.39351884,0.9509982,0.5736407,0.39360848,0.93563354,0.54624164,0.3938444,0.737017,0.58156997,0.39880863,0.9361551,0.5817336,0.84920436,0.8624935,0.59345704,0.84396166,0.77831143,0.5737976,0.823196,0.726878,0.5502196,0.84923106,0.8611152,0.54224914,0.8491316,0.80213624,0.54623157,0.82829756,0.77446675
2023:03:04:19:55:55,up_90_1t_,19.813844680786133,73.04,77.90,177.75,89.64,0.558044,0.39876503,0.9331634,0.5580976,0.4461792,0.888186,0.5188499,0.44597813,0.9310713,0.4638771,0.44602615,0.88096297,0.4206625,0.46701548,0.8918382,0.6050694,0.44616586,0.88348895,0.6561601,0.45136645,0.83324313,0.70717865,0.47732332,0.9321159,0.55807984,0.6033481,0.8930867,0.5422775,0.603314,0.8956569,0.5460876,0.7183,0.8384192,0.54616475,0.8179302,0.92702645,0.5816067,0.60333675,0.93474543,0.5815279,0.72349554,0.88029116,0.57775766,0.81786764,0.94496125,0.55034304,0.39351168,0.95000076,0.5736417,0.39360204,0.9350374,0.5462424,0.39384705,0.738266,0.5815688,0.39881408,0.93646204,0.58174044,0.8491942,0.8592193,0.5934555,0.8439439,0.77560455,0.57379264,0.8231849,0.72550213,0.55023515,0.8492449,0.85911864,0.5422657,0.8491537,0.802863,0.5462268,0.82831675,0.7735722
2023:03:04:19:55:55,up_90_1t_,19.87524151802063,73.03,77.91,177.75,89.64,0.5580451,0.39877567,0.933434,0.5581014,0.44616696,0.88839155,0.5188511,0.44596878,0.9314535,0.46388128,0.44599825,0.8831619,0.42068323,0.46698734,0.8939519,0.6050731,0.44616297,0.8835964,0.6561948,0.45134643,0.83457947,0.7071873,0.47732642,0.93160343,0.5580915,0.6033211,0.8925369,0.54229206,0.6032828,0.89819384,0.5460806,0.71827036,0.8356398,0.5461582,0.81790864,0.92795515,0.58161396,0.60331404,0.93317735,0.58152825,0.723481,0.87945,0.5777564,0.8178569,0.9451901,0.55034494,0.3935218,0.9504862,0.57364434,0.3936118,0.9364114,0.54624575,0.3938474,0.727463,0.5815767,0.39881733,0.9372555,0.581728,0.84918666,0.85822606,0.5934412,0.8439403,0.7749546,0.5737948,0.8231715,0.7276729,0.55020994,0.8492226,0.85902995,0.54224116,0.8491216,0.79806954,0.5462258,0.82827806,0.774054
2023:03:04:19:55:55,up_90_1t_,19.938669443130493,73.03,77.91,177.74,89.64,0.5580363,0.39876947,0.9345667,0.558105,0.44617146,0.8881551,0.51884896,0.44598347,0.93047404,0.4638862,0.44601986,0.88137364,0.42068893,0.46701127,0.8955592,0.60507613,0.44615445,0.8850524,0.6562326,0.45133892,0.8336782,0.70722145,0.47731796,0.92797995,0.55810356,0.6033432,0.8907989,0.5422906,0.60330856,0.8954947,0.5460899,0.7183107,0.83777726,0.54615945,0.8179229,0.925522,0.58163565,0.6033316,0.93136114,0.5815365,0.7235194,0.88207257,0.57774013,0.81788933,0.9435448,0.55034256,0.3935174,0.9511986,0.5736354,0.3936048,0.9347955,0.5462526,0.3938469,0.7189456,0.58157086,0.39880857,0.94076896,0.5817444,0.8492127,0.8615063,0.59343624,0.8439736,0.7812017,0.5737762,0.8232067,0.72530204,0.5502323,0.8492458,0.85839564,0.54225934,0.84914523,0.80114603,0.54621935,0.8283051,0.77267855
2023:03:04:19:55:55,up_90_1t_,19.996107578277588,73.03,77.91,177.74,89.63,0.5580331,0.39878038,0.9344495,0.55810195,0.44617444,0.8879523,0.5188483,0.44597942,0.9310904,0.46388716,0.44602865,0.8800949,0.42070892,0.46700147,0.8971929,0.60507405,0.44617108,0.88301265,0.6562295,0.451369,0.8313606,0.7072124,0.47732398,0.9263624,0.5581135,0.60334414,0.8911209,0.5422987,0.6033075,0.89779186,0.54610604,0.7183205,0.84016913,0.5461613,0.8179337,0.9235165,0.5816431,0.603335,0.93169945,0.5815355,0.7235352,0.88432074,0.5777317,0.817882,0.9441875,0.55033845,0.39352778,0.9527738,0.57363415,0.3936128,0.9353422,0.5462511,0.39385226,0.71556616,0.58157325,0.39881015,0.9417115,0.5817743,0.84920496,0.85755324,0.59346104,0.8439456,0.77836996,0.5737553,0.82319665,0.7197414,0.5502861,0.8492494,0.849537,0.54231197,0.84916824,0.8012318,0.5461991,0.8283191,0.77043074
2023:03:04:19:55:55,up_90_1t_,20.053952932357788,73.03,77.92,177.75,89.64,0.55804014,0.3987885,0.9340551,0.5581029,0.44617376,0.8880337,0.51884687,0.4459813,0.9302479,0.4638839,0.44602627,0.88103485,0.42068878,0.46700308,0.89594585,0.6050795,0.44617182,0.88355935,0.6562363,0.45136476,0.8322082,0.70720434,0.4773288,0.9285691,0.55811274,0.60334414,0.89085424,0.5422999,0.60330546,0.8981347,0.54610616,0.7183233,0.8403629,0.546161,0.81793797,0.92286146,0.58163905,0.60333645,0.9316532,0.5815327,0.72354645,0.8851327,0.5777406,0.81789327,0.94349706,0.5503421,0.39353377,0.95283556,0.57364106,0.39361927,0.93675184,0.5462537,0.39384958,0.71745145,0.58157986,0.39881152,0.94003856,0.58177316,0.8492162,0.8570863,0.59346914,0.84396327,0.7783729,0.57376987,0.823215,0.72066444,0.55026674,0.84925854,0.8530552,0.5422906,0.84916794,0.80119824,0.5462079,0.8283282,0.7699658
2023:03:04:19:55:55,up_90_1t_,20.113792657852173,73.03,77.91,177.75,89.65,0.5580432,0.3987857,0.9338697,0.5581069,0.44617343,0.8879633,0.5188478,0.4459838,0.93160343,0.4638915,0.44601044,0.8825052,0.4207012,0.4670172,0.89837885,0.6050853,0.44616878,0.885045,0.656253,0.45135835,0.8320113,0.7072162,0.47733402,0.9283613,0.5581183,0.6033483,0.89067626,0.54230714,0.60331047,0.89906234,0.54610497,0.7183213,0.8409623,0.5461641,0.81792545,0.92413056,0.5816407,0.60333824,0.9315608,0.58153766,0.72353774,0.88488007,0.5777457,0.8178836,0.94438154,0.5503422,0.39353335,0.9526703,0.57364285,0.39361578,0.9371486,0.5462484,0.39385703,0.7291688,0.5815778,0.3988107,0.9413789,0.5817648,0.84920716,0.85841644,0.5934643,0.84395933,0.7790208,0.57377595,0.82320106,0.72396636,0.5502544,0.84924895,0.85392874,0.5422817,0.84915304,0.80042386,0.5462149,0.82830745,0.77095634
2023:03:04:19:55:55,up_90_1t_,20.1756272315979,73.02,77.92,177.74,89.65,0.5580457,0.39878514,0.9339414,0.5581022,0.446172,0.88814914,0.5188431,0.4459786,0.9316102,0.46388566,0.44601518,0.8815475,0.42070195,0.4669953,0.89597714,0.60508025,0.44616908,0.8846054,0.6562375,0.45138264,0.83084315,0.7072106,0.4773431,0.92992216,0.558112,0.6033506,0.8909447,0.54230195,0.60331315,0.8981895,0.54609895,0.71832585,0.83959466,0.54615885,0.8179339,0.9233844,0.58163637,0.6033399,0.931533,0.5815409,0.723543,0.88524544,0.57774013,0.8178933,0.9443419,0.55034435,0.39353117,0.95248485,0.5736435,0.39361575,0.9373141,0.5462508,0.39384973,0.7302247,0.581576,0.39880854,0.9415647,0.58177274,0.849219,0.85966164,0.59347147,0.84397066,0.77988815,0.57376486,0.8232127,0.721461,0.5502681,0.8492556,0.8533335,0.54229075,0.84916687,0.8027462,0.54620105,0.8283215,0.77089554
2023:03:04:19:55:55,up_90_1t_,20.23350739479065,73.03,77.90,177.74,89.68,0.5580725,0.3987896,0.93155867,0.55810004,0.44618034,0.8876684,0.518838,0.44598633,0.93028975,0.46389702,0.4460247,0.87870693,0.42070106,0.46702808,0.89599323,0.60508156,0.44616994,0.8844365,0.6562566,0.45138383,0.82997286,0.7072221,0.47734213,0.9289032,0.5581068,0.60335886,0.8900019,0.54229873,0.603323,0.8965736,0.5461035,0.71834254,0.8402683,0.5461645,0.8179483,0.9230492,0.5816308,0.60334784,0.9314767,0.5815392,0.7235428,0.88379633,0.57773966,0.8178976,0.9432723,0.5503594,0.39353493,0.9504701,0.5736632,0.39362025,0.9397478,0.5462527,0.39386126,0.752044,0.5815852,0.3988231,0.9383001,0.5817812,0.8492191,0.85820466,0.5934718,0.8439707,0.778911,0.5737661,0.82321686,0.71973014,0.5502846,0.8492681,0.8519148,0.54230773,0.8491868,0.80359495,0.5462049,0.8283411,0.77131695
2023:03:04:19:55:55,up_90_1t_,20.289071321487427,73.03,77.89,177.73,89.66,0.5580532,0.3987737,0.93374515,0.55810153,0.44618285,0.88781434,0.518848,0.4459871,0.9304328,0.46390134,0.44603336,0.8779321,0.42069602,0.4670438,0.8964045,0.6050788,0.44617435,0.88446337,0.6562599,0.45138654,0.8298334,0.707226,0.47734293,0.9289589,0.55810446,0.60335195,0.8909,0.54230106,0.6033149,0.8973948,0.5460978,0.7183321,0.84011424,0.5461639,0.81794214,0.92427117,0.58162695,0.60334367,0.93240356,0.581545,0.7235412,0.8832476,0.5777375,0.81790066,0.94195956,0.55034995,0.39352426,0.95147395,0.5736481,0.39360917,0.9370085,0.5462538,0.39386547,0.743724,0.5815755,0.3988281,0.94078565,0.5817674,0.8492283,0.85827637,0.59345764,0.8439905,0.7788082,0.5737691,0.8232198,0.7200595,0.550267,0.8492607,0.8551519,0.54228836,0.84917635,0.8041554,0.5462104,0.8283349,0.7720418
2023:03:04:19:55:55,up_90_1t_,20.348910808563232,73.04,77.89,177.74,89.61,0.5580279,0.39876965,0.9362258,0.5581022,0.44617862,0.8882128,0.518848,0.44597623,0.93057114,0.46389484,0.4460263,0.8792071,0.4206797,0.46703506,0.8946009,0.6050786,0.4461814,0.8842671,0.6562502,0.4514,0.83001035,0.7072221,0.47734377,0.92928386,0.5580961,0.60337263,0.8915485,0.5422898,0.603336,0.8963907,0.5460947,0.71834165,0.8400463,0.54616535,0.81793165,0.9251562,0.58162546,0.6033641,0.933779,0.58153754,0.72355086,0.8848175,0.57774013,0.8178964,0.94361,0.55034065,0.39351878,0.95298827,0.57363266,0.39361176,0.9351921,0.5462577,0.3938562,0.71310234,0.5815726,0.3988354,0.9431097,0.5817653,0.8492226,0.85941476,0.59345806,0.8439818,0.7799002,0.57377386,0.8232159,0.7224131,0.55026585,0.8492552,0.8550581,0.54228926,0.849169,0.8037606,0.54621404,0.82831836,0.7726555
2023:03:04:19:55:55,up_90_1t_,20.410746097564697,73.04,77.89,177.74,89.60,0.5580167,0.3987684,0.93671614,0.5581092,0.44617885,0.8880003,0.51885337,0.44598192,0.92992556,0.46389192,0.44600308,0.8800585,0.42066628,0.46703702,0.8926908,0.6050808,0.44617453,0.8854212,0.6562622,0.45137382,0.8314333,0.70722824,0.4773372,0.9293231,0.5580969,0.6033479,0.89139915,0.5422912,0.60331327,0.89611316,0.5460949,0.7183004,0.8402041,0.5461663,0.81794333,0.92525613,0.5816238,0.603336,0.93270326,0.58153665,0.7235121,0.88301814,0.5777459,0.81789327,0.94424784,0.55033433,0.39352125,0.9538741,0.57362264,0.39361247,0.9339091,0.5462568,0.39387253,0.7047526,0.58156925,0.3988424,0.9446064,0.58177054,0.84922445,0.8631581,0.5934732,0.8439761,0.78088784,0.5737804,0.82322073,0.7218574,0.55027527,0.8492733,0.8544301,0.5422989,0.8491915,0.8038234,0.5462166,0.8283411,0.77230835
2023:03:04:19:55:55,up_90_1t_,20.470585823059082,73.04,77.88,177.73,85.08,0.55426395,0.39872542,0.94588643,0.5581032,0.44617233,0.8894129,0.5188559,0.44597363,0.9303025,0.4638527,0.44601184,0.8794632,0.42060784,0.46706486,0.8851495,0.6050654,0.4461742,0.884369,0.6562564,0.45137385,0.83219254,0.70721895,0.47734234,0.9298035,0.5580808,0.60335577,0.89264655,0.5422878,0.6033267,0.8956101,0.54610085,0.7182993,0.84079456,0.5461709,0.81793827,0.92552316,0.5816051,0.60334164,0.93472755,0.581538,0.7234953,0.8813735,0.57774127,0.81787664,0.9443006,0.5503077,0.39348355,0.95364195,0.5698654,0.39359275,0.9297912,0.546252,0.39385357,0.61693436,0.58154416,0.39884245,0.9529549,0.5817392,0.84920657,0.8624342,0.59343576,0.843962,0.7796386,0.5737773,0.82318884,0.7241836,0.5502619,0.8492614,0.85617846,0.5422883,0.8491723,0.8028779,0.5462271,0.82832944,0.77114975
2023:03:04:19:55:55,up_90_1t_,20.52643609046936,73.04,77.86,177.72,85.04,0.5542271,0.39872187,0.9498705,0.5581093,0.44617087,0.88921523,0.51886594,0.4459792,0.9296074,0.46383923,0.4460342,0.8771522,0.42057645,0.46710226,0.8803891,0.6050669,0.44617572,0.88474965,0.65626556,0.4513831,0.83058333,0.70722765,0.4773521,0.92934275,0.5580816,0.60335577,0.8921642,0.5422895,0.6033218,0.89536256,0.5461045,0.7183031,0.8426104,0.546165,0.8179489,0.92476696,0.581606,0.6033465,0.93463534,0.58154863,0.72349405,0.88069594,0.577749,0.81788635,0.94504577,0.55029017,0.39347875,0.95403,0.56982064,0.3935948,0.92748606,0.5462426,0.39383644,0.5557133,0.58153236,0.39884377,0.9563975,0.58174133,0.8492182,0.86301774,0.5934426,0.8439778,0.77939725,0.5737826,0.8232019,0.7251246,0.5502532,0.8492676,0.8574989,0.5422812,0.84917706,0.8022281,0.54622394,0.8283449,0.77185583
2023:03:04:19:55:55,up_90_1t_,20.586276054382324,73.04,75.13,177.72,85.39,0.55414766,0.3939735,0.9589682,0.55811447,0.44615623,0.89009875,0.51887846,0.44597623,0.9285244,0.46383405,0.44607884,0.8701187,0.42057693,0.4720522,0.8797436,0.6050565,0.4461638,0.88459563,0.65624356,0.45138308,0.8318175,0.7072104,0.47735018,0.93087554,0.5580757,0.6033487,0.89277995,0.5422893,0.6033139,0.895593,0.5461078,0.7182829,0.84213763,0.54616207,0.81793255,0.92647725,0.5815974,0.60334116,0.935408,0.5815445,0.7234903,0.88001716,0.57774395,0.8178841,0.9434517,0.550258,0.39345628,0.9537372,0.5659923,0.39358765,0.9241091,0.54621077,0.39374334,0.41327265,0.5815263,0.39884868,0.96383506,0.5817503,0.84921324,0.8605806,0.59344995,0.8439743,0.77909034,0.57377744,0.82319766,0.7242484,0.5502504,0.8492534,0.8578675,0.54227537,0.84916025,0.80243033,0.54621977,0.82831615,0.77376974
2023:03:04:19:55:55,up_90_1t_,20.64811062812805,73.03,75.12,177.72,85.38,0.5541337,0.3939726,0.9601395,0.55811054,0.446151,0.8909544,0.5188807,0.44597077,0.9286901,0.46384746,0.44608763,0.86912084,0.4205801,0.47206366,0.8825609,0.6050482,0.44615957,0.8842098,0.65622103,0.45140585,0.83135366,0.70719695,0.47735813,0.9321792,0.5580783,0.60333735,0.89255357,0.54229325,0.6033021,0.8960656,0.54610133,0.7182677,0.83993495,0.5461667,0.817921,0.9274442,0.5815987,0.6033313,0.9350071,0.5815488,0.7234726,0.8784967,0.57775414,0.81787467,0.9444272,0.5502529,0.39345536,0.9539801,0.56597775,0.39359188,0.92447734,0.5462056,0.3937289,0.38749313,0.58152413,0.3988592,0.9638851,0.58174217,0.8492002,0.8592851,0.5934509,0.84396404,0.77784014,0.57379144,0.8231856,0.7271352,0.55023605,0.84924734,0.8584103,0.5422626,0.8491458,0.8007382,0.54623324,0.828297,0.7735251
2023:03:04:19:55:56,up_90_1t_,20.70595622062683,73.03,75.13,177.74,85.38,0.55413187,0.39395654,0.96134317,0.5581115,0.4461586,0.89064395,0.51888716,0.44598004,0.92822504,0.46385604,0.44607744,0.869911,0.42059833,0.47206682,0.8844484,0.60505044,0.44616902,0.8842721,0.65623873,0.45139357,0.83141875,0.70720905,0.47735655,0.9308791,0.55808586,0.603328,0.8921895,0.54230106,0.6032874,0.89781034,0.5461023,0.7182549,0.8397042,0.5461626,0.8179019,0.9273654,0.58160245,0.6033271,0.9339421,0.58153677,0.72348166,0.87834775,0.57775235,0.8178718,0.9436434,0.55025315,0.3934409,0.9529268,0.5659769,0.39357802,0.9233966,0.54620826,0.39372486,0.38771284,0.5815205,0.39885163,0.9648659,0.58172536,0.8491889,0.8585714,0.59343076,0.84395945,0.77826613,0.5737966,0.8231841,0.7316192,0.55020064,0.84923315,0.86373556,0.5422272,0.8491171,0.8000003,0.54624057,0.8282692,0.77408314
2023:03:04:19:55:56,up_90_1t_,20.761807203292847,73.04,75.13,177.73,85.39,0.5541368,0.3939493,0.9621428,0.5581112,0.44616398,0.8906663,0.51888907,0.44598526,0.9294613,0.46385014,0.44606075,0.8723598,0.42059746,0.47206312,0.88549703,0.60504514,0.44616944,0.8839826,0.6562298,0.4513833,0.8335054,0.7072053,0.4773561,0.93223315,0.55807906,0.60333854,0.8920164,0.5422952,0.60330045,0.89645296,0.5460985,0.7182543,0.83746123,0.5461633,0.8179088,0.9251591,0.5815969,0.60333276,0.93385684,0.5815296,0.7234714,0.8771922,0.5777406,0.81786287,0.94347674,0.55025935,0.39343613,0.9529362,0.5659822,0.39357796,0.92420214,0.54621744,0.39374065,0.4072593,0.5815113,0.3988686,0.9650924,0.58172405,0.84918755,0.8586985,0.5934197,0.8439524,0.77793336,0.57377803,0.8231698,0.7288471,0.5502243,0.84923834,0.85891414,0.54225117,0.84913254,0.7996303,0.54623204,0.8282851,0.77168435
2023:03:04:19:55:56,up_90_1t_,20.819652557373047,73.04,75.14,177.74,85.40,0.5541491,0.3939466,0.9618014,0.55810595,0.4461661,0.8909287,0.5188836,0.44598162,0.9300112,0.46384212,0.44605693,0.8751744,0.42058796,0.4720482,0.88386625,0.60504043,0.44616392,0.8841891,0.6562201,0.45137382,0.8349139,0.7072017,0.4773447,0.9319748,0.55807674,0.60331714,0.8924116,0.5422912,0.6032806,0.89645267,0.54609466,0.71823806,0.8383831,0.54617083,0.81788176,0.9283927,0.5815968,0.6033119,0.9329787,0.5815226,0.72348225,0.87980855,0.57773584,0.81785274,0.94228977,0.5502645,0.39343527,0.95388246,0.5659938,0.3935716,0.92386883,0.5462318,0.39376357,0.43810183,0.5815117,0.39885825,0.9650456,0.5817043,0.84917796,0.8564439,0.59340304,0.843944,0.77684426,0.573779,0.8231539,0.72784656,0.5502101,0.84921604,0.8629365,0.5422364,0.84910107,0.80157137,0.54624337,0.82824445,0.7723747
2023:03:04:19:55:56,up_90_1t_,20.880107641220093,73.04,77.85,177.73,85.39,0.55414695,0.393934,0.9621218,0.5581096,0.44615754,0.8909861,0.51888496,0.44597328,0.9303437,0.4638374,0.44603682,0.8769982,0.42060214,0.46710527,0.8829143,0.6050454,0.44616005,0.88470465,0.65625215,0.45134518,0.83449924,0.70723,0.4773485,0.93075347,0.5580748,0.60332876,0.8917631,0.5422891,0.6032914,0.8956728,0.54609823,0.71827507,0.83965,0.5461726,0.8179128,0.9264906,0.5815969,0.60332304,0.9325976,0.58152723,0.72350055,0.8806889,0.57773966,0.8178681,0.94172615,0.5502633,0.39342308,0.95234406,0.56598854,0.3935598,0.9225683,0.546233,0.39375997,0.44400185,0.5815038,0.39884943,0.9663065,0.58171946,0.8491867,0.8567895,0.5934141,0.84395224,0.7768588,0.5737812,0.82317275,0.725706,0.5502302,0.8492324,0.8600035,0.54225546,0.84912926,0.8018587,0.54624045,0.82829046,0.77153516
2023:03:04:19:55:56,up_90_1t_,20.937918424606323,73.04,77.86,177.75,85.38,0.55414444,0.393954,0.95999414,0.5581171,0.44615266,0.8905706,0.51888126,0.445971,0.93038577,0.46384373,0.44604465,0.87760675,0.42060953,0.46709254,0.8850994,0.60506177,0.44616273,0.8856162,0.65623826,0.45138484,0.83043104,0.7072239,0.4773383,0.92924887,0.558077,0.6033619,0.89264727,0.54228324,0.60332453,0.8965177,0.5460781,0.71828187,0.8362517,0.54617256,0.8179276,0.9280277,0.5816036,0.60335624,0.93412834,0.5815202,0.72348636,0.87749964,0.57774085,0.81786066,0.9419118,0.55025434,0.39343837,0.9527613,0.56598717,0.39356962,0.9225167,0.5462149,0.39374262,0.4342304,0.5815097,0.3988328,0.96279347,0.5817229,0.8492059,0.8633915,0.5934464,0.84396034,0.77816105,0.57377845,0.8231672,0.72230613,0.5502444,0.8492576,0.8580022,0.542267,0.84916514,0.80231273,0.5462367,0.82831657,0.77221626
2023:03:04:19:55:56,up_90_1t_,20.9933340549469,73.04,77.85,177.75,85.41,0.5541673,0.39396784,0.9573542,0.5581121,0.44614807,0.890713,0.5188792,0.44596782,0.9306027,0.46011648,0.44604388,0.8793763,0.42059222,0.46710336,0.88169336,0.6050584,0.44615006,0.88590854,0.65623116,0.4513549,0.8334358,0.70722044,0.47733012,0.9296581,0.5580765,0.6033592,0.89168346,0.54228216,0.60332197,0.89534056,0.54608107,0.71828365,0.8359257,0.54616946,0.81793916,0.92566127,0.58160293,0.6033523,0.93342155,0.58152044,0.72348285,0.87696636,0.5777436,0.8178701,0.94138825,0.5502634,0.3934527,0.9542295,0.56975424,0.39357743,0.9229796,0.54622525,0.3937878,0.48724008,0.58150584,0.3988342,0.96044725,0.5817277,0.84920615,0.8607507,0.5934457,0.84396315,0.77658284,0.5737802,0.8231785,0.721575,0.55024385,0.8492596,0.8546273,0.5422657,0.8491697,0.7993696,0.5462339,0.828333,0.76971304
2023:03:04:19:55:56,up_90_1t_,21.05117964744568,73.04,77.86,177.74,85.42,0.5541746,0.39396602,0.9561044,0.55811524,0.44615698,0.89043164,0.51888615,0.44598094,0.92983717,0.46383622,0.4460398,0.8777491,0.4206211,0.46708924,0.88592124,0.60504997,0.4461444,0.88536793,0.6562309,0.4513219,0.8351808,0.7072268,0.47732288,0.9314197,0.558081,0.6033609,0.8922889,0.54228675,0.6033256,0.8967918,0.5460757,0.71829295,0.8360397,0.5461651,0.8179524,0.92482185,0.58160555,0.6033529,0.9337183,0.5815312,0.72347796,0.87706566,0.57774323,0.8178773,0.94245166,0.550268,0.39345253,0.95299256,0.56976247,0.39357808,0.9229044,0.5462324,0.39380807,0.50804067,0.58150333,0.398846,0.95883673,0.58174324,0.8492129,0.85995024,0.593456,0.84396905,0.7767121,0.57377505,0.8231946,0.7208627,0.55025053,0.8492691,0.85555875,0.5422739,0.8491873,0.80219704,0.5462226,0.82835746,0.769612
2023:03:04:19:55:56,up_90_1t_,21.11500906944275,73.04,77.87,177.74,85.45,0.554191,0.39396274,0.95404077,0.55810654,0.44616038,0.8909367,0.51887584,0.44597897,0.92993844,0.46383598,0.44601995,0.87922704,0.42061737,0.46707478,0.8852542,0.6050499,0.44614464,0.88499004,0.6562323,0.45129338,0.8365449,0.7072286,0.47731975,0.92990446,0.5580791,0.6033553,0.89186174,0.542283,0.6033197,0.8955647,0.5460747,0.7182806,0.83498764,0.5461631,0.81794024,0.9242438,0.5816066,0.60334814,0.9336041,0.5815303,0.72347355,0.875777,0.5777485,0.8178732,0.9424492,0.5502766,0.39344907,0.9518305,0.5697832,0.39357466,0.92301047,0.5462368,0.3938209,0.53318197,0.58150554,0.3988487,0.95679677,0.5817378,0.84920037,0.8591311,0.5934532,0.84396434,0.77690595,0.5737875,0.8231886,0.7242294,0.5502284,0.84925544,0.8546128,0.5422513,0.8491643,0.79760367,0.54622924,0.82834166,0.7684123
2023:03:04:19:55:56,up_90_1t_,21.174848318099976,73.04,77.88,177.74,85.46,0.5541954,0.39396286,0.95385456,0.5581048,0.44617596,0.89042914,0.518876,0.44599608,0.9286494,0.46383762,0.44602567,0.87868667,0.4206082,0.4670887,0.8833876,0.60504705,0.44614613,0.8846772,0.65622956,0.45129248,0.8362475,0.70721895,0.47732005,0.932726,0.55807626,0.60335827,0.89275587,0.5422864,0.6033228,0.8971871,0.54607224,0.71826905,0.8340209,0.5461664,0.81792796,0.9264117,0.58159995,0.6033495,0.9337402,0.58152556,0.72345614,0.8755809,0.5777486,0.81785166,0.9438473,0.55027825,0.39345127,0.9518819,0.5697879,0.39357507,0.92326427,0.54623663,0.39383763,0.5514113,0.5815043,0.39885575,0.9548882,0.5817389,0.8491785,0.856862,0.5934548,0.8439293,0.7743705,0.5737856,0.8231617,0.7256148,0.55023533,0.8492462,0.8551507,0.54226243,0.84915626,0.7984263,0.54623246,0.8283174,0.77053404
2023:03:04:19:55:56,up_90_1t_,21.232693910598755,73.04,75.14,177.74,85.44,0.5541847,0.39395463,0.95496243,0.55810314,0.4461744,0.89108974,0.51887023,0.44598934,0.9288879,0.4638339,0.44604757,0.87643236,0.42061445,0.47203624,0.8851935,0.6050512,0.44615093,0.8843759,0.65621424,0.4513103,0.83443004,0.70721275,0.47732687,0.9321662,0.55806744,0.6033604,0.89186287,0.54227,0.60332304,0.893661,0.5460703,0.7182686,0.833281,0.5461702,0.81794655,0.92525685,0.5816,0.6033545,0.93303066,0.5815223,0.72347546,0.8769806,0.5777368,0.8178605,0.9433388,0.5502733,0.39344323,0.95136356,0.5697743,0.39356786,0.9217222,0.54623276,0.39382887,0.5366332,0.58150077,0.3988499,0.9540299,0.58175325,0.84919775,0.8593238,0.5934643,0.84393966,0.776335,0.57376707,0.82317185,0.7201216,0.55027527,0.8492658,0.85019,0.5423016,0.84919024,0.8005328,0.54622364,0.8283504,0.7689859
2023:03:04:19:55:56,up_90_1t_,21.296128511428833,73.04,77.85,177.75,85.43,0.5541773,0.39396194,0.95553064,0.5581015,0.44616863,0.89122385,0.51886535,0.4459838,0.9297121,0.46011037,0.44605282,0.87872726,0.420598,0.46711048,0.8815523,0.6050519,0.4461491,0.8842497,0.65620947,0.45131558,0.83363014,0.70721805,0.47733405,0.9335265,0.5580684,0.60335827,0.890977,0.5422765,0.6033213,0.8938619,0.5460827,0.71826977,0.83496124,0.5461606,0.8179461,0.9234147,0.5815966,0.6033501,0.9320074,0.58151716,0.72346354,0.87546253,0.57774687,0.8178571,0.9431665,0.5502693,0.39344952,0.9522414,0.5697648,0.39357576,0.9220594,0.54623216,0.39382175,0.52258766,0.5815002,0.3988516,0.9558084,0.5817461,0.8491917,0.85748726,0.5934634,0.8439402,0.7745943,0.5737811,0.8231656,0.72298765,0.5502465,0.8492533,0.85082525,0.5422751,0.84917134,0.79637,0.54622036,0.82834643,0.7668976
2023:03:04:19:55:56,up_90_1t_,21.359957695007324,73.04,77.86,177.75,85.44,0.5541954,0.3939536,0.9537952,0.55810416,0.44617036,0.89046484,0.5188602,0.44598085,0.9302259,0.4601152,0.44603935,0.8797955,0.42061839,0.46709406,0.8828857,0.6050608,0.44615272,0.88567597,0.65620095,0.4513171,0.8336754,0.7072081,0.4773331,0.93319917,0.55806565,0.6033566,0.8910656,0.5422715,0.6033201,0.89335006,0.54607594,0.71826464,0.8343263,0.5461611,0.8179369,0.9244828,0.5815967,0.6033489,0.93218064,0.58151335,0.72346956,0.8755949,0.5777465,0.81785643,0.9429995,0.55027956,0.3934414,0.950827,0.56978625,0.39356816,0.9224849,0.5462384,0.39383107,0.55364794,0.5815029,0.39885104,0.95469755,0.5817223,0.849197,0.860243,0.5934437,0.84395415,0.77638656,0.573787,0.82316405,0.72562885,0.5502167,0.8492543,0.85688275,0.5422461,0.8491598,0.7974821,0.54623276,0.82833546,0.76779145
2023:03:04:19:55:56,up_90_1t_,21.417803287506104,73.03,77.87,177.75,85.47,0.5542173,0.3939578,0.95117503,0.5581061,0.44617525,0.88968194,0.5188638,0.4459912,0.9296522,0.4601171,0.44605204,0.8788737,0.42061576,0.4670894,0.8828588,0.605063,0.44614318,0.88683134,0.6561995,0.45131105,0.8332369,0.70720416,0.4773293,0.93396807,0.5580706,0.6033388,0.89202845,0.5422773,0.6033006,0.8949059,0.5460729,0.7182571,0.8347423,0.5461594,0.8179179,0.9263729,0.5815993,0.6033322,0.9322226,0.58151704,0.7234722,0.8779114,0.57774866,0.8178464,0.9437277,0.550286,0.39344394,0.95105124,0.5698137,0.39356485,0.9234873,0.546239,0.39384297,0.5919663,0.5815106,0.3988401,0.9522511,0.5817082,0.8491845,0.86127234,0.593429,0.84394217,0.7766497,0.57379264,0.8231475,0.72884214,0.55020607,0.8492343,0.85908806,0.54223716,0.84913456,0.79678,0.54623646,0.82829714,0.7694938
2023:03:04:19:55:56,up_90_1t_,21.475648164749146,73.04,77.86,177.75,85.06,0.55423325,0.39870077,0.9491629,0.5580954,0.44617367,0.8907464,0.51885694,0.44597614,0.9319579,0.4638404,0.44601166,0.88030213,0.42062473,0.4670798,0.8884821,0.6050582,0.4461514,0.88543093,0.6561873,0.45133358,0.8308655,0.7072059,0.47733003,0.9315785,0.5580559,0.6033502,0.89260864,0.5422681,0.6033117,0.8930044,0.5460876,0.7182872,0.8394076,0.546162,0.8179299,0.92676014,0.58158606,0.60334635,0.93386215,0.5815136,0.7234807,0.8786497,0.57774955,0.81784743,0.94375074,0.5502898,0.39346012,0.9526181,0.56982815,0.39357662,0.9247103,0.546236,0.39385003,0.601721,0.5815157,0.39884052,0.9496656,0.5817346,0.849187,0.8609063,0.593455,0.84393686,0.77689797,0.57378817,0.8231501,0.7268884,0.55023164,0.8492474,0.8545907,0.54226214,0.84915614,0.79663247,0.5462301,0.82831085,0.77176553
2023:03:04:19:55:56,up_90_1t_,21.535488605499268,73.04,77.86,177.75,85.06,0.55423325,0.39870077,0.9491629,0.5580954,0.44617367,0.8907464,0.51885694,0.44597614,0.9319579,0.4638404,0.44601166,0.88030213,0.42062473,0.4670798,0.8884821,0.6050582,0.4461514,0.88543093,0.6561873,0.45133358,0.8308655,0.7072059,0.47733003,0.9315785,0.5580559,0.6033502,0.89260864,0.5422681,0.6033117,0.8930044,0.5460876,0.7182872,0.8394076,0.546162,0.8179299,0.92676014,0.58158606,0.60334635,0.93386215,0.5815136,0.7234807,0.8786497,0.57774955,0.81784743,0.94375074,0.5502898,0.39346012,0.9526181,0.56982815,0.39357662,0.9247103,0.546236,0.39385003,0.601721,0.5815157,0.39884052,0.9496656,0.5817346,0.849187,0.8609063,0.593455,0.84393686,0.77689797,0.57378817,0.8231501,0.7268884,0.55023164,0.8492474,0.8545907,0.54226214,0.84915614,0.79663247,0.5462301,0.82831085,0.77176553
2023:03:04:19:55:56,up_90_1t_,21.597322702407837,73.04,77.86,177.75,85.07,0.55423945,0.39871418,0.9478944,0.55809915,0.4461691,0.8901527,0.51886326,0.44597805,0.9320442,0.46383223,0.4460047,0.88054115,0.42059952,0.46708924,0.8856798,0.6050574,0.4461439,0.88519055,0.65620345,0.45132157,0.8291377,0.70721734,0.47731835,0.9286692,0.5580645,0.6033372,0.89284843,0.5422744,0.6032994,0.894905,0.54607797,0.71827537,0.8379794,0.54616696,0.8179276,0.9282936,0.58159167,0.6033332,0.9336218,0.5815194,0.72347504,0.87878805,0.57775426,0.81786335,0.9438062,0.5502901,0.39347503,0.9536545,0.5698335,0.39358497,0.92549956,0.5462318,0.3938636,0.61497563,0.5815163,0.398841,0.94872844,0.58172643,0.8491989,0.8615089,0.59344923,0.84396327,0.7780261,0.5737969,0.82316995,0.7284422,0.55022556,0.8492424,0.8577566,0.54225415,0.8491473,0.7997339,0.54624045,0.8283084,0.77258545
2023:03:04:19:55:57,up_90_1t_,21.655168533325195,73.06,77.89,177.74,85.07,0.554239,0.39870334,0.94851464,0.5581034,0.44617242,0.8899314,0.51886845,0.44598404,0.9318076,0.46388954,0.44598997,0.8822656,0.42067593,0.4670337,0.8944632,0.60506094,0.44614565,0.88613003,0.6562174,0.45131814,0.83090276,0.70723003,0.4772903,0.9245108,0.5580624,0.60336316,0.89331025,0.5422701,0.6033329,0.893031,0.5460971,0.71833056,0.8419366,0.5461715,0.81795835,0.9247666,0.5815944,0.6033526,0.9345796,0.58151585,0.72350407,0.88156056,0.5777362,0.8178635,0.9429768,0.5502938,0.3934647,0.9529661,0.5698327,0.39357913,0.92524236,0.5462429,0.3938565,0.60848033,0.58151585,0.3988453,0.94912136,0.5817526,0.8491899,0.8563825,0.5934524,0.843932,0.7743446,0.5737621,0.82316685,0.71986645,0.55028796,0.84926015,0.85148555,0.5423174,0.8491887,0.80380744,0.5462162,0.82835793,0.7706336
2023:03:04:19:55:57,up_90_1t_,21.713013410568237,73.06,77.94,177.75,85.10,0.5542403,0.3987006,0.94883096,0.5581015,0.44618863,0.88993573,0.51887244,0.4460136,0.92961097,0.4638999,0.44603264,0.88174677,0.42070067,0.46697044,0.895856,0.60506356,0.44613028,0.8880631,0.6562549,0.4512514,0.8346232,0.7072176,0.47727752,0.9259106,0.55806816,0.60335815,0.8938136,0.54227495,0.6033255,0.8958498,0.54608184,0.71830666,0.83857685,0.5461621,0.81793255,0.92668265,0.58159804,0.6033463,0.93381333,0.58150667,0.72351533,0.8824973,0.5777286,0.81786466,0.9427629,0.55029523,0.39346385,0.9523173,0.5698353,0.3935763,0.9257542,0.54624814,0.3938546,0.60267365,0.5815219,0.39883623,0.95052874,0.5817619,0.84919184,0.8566189,0.5934622,0.843931,0.77603596,0.5737535,0.8231704,0.7196606,0.5502844,0.8492346,0.84909666,0.54231,0.8491603,0.80103683,0.54620564,0.82832175,0.7727647
2023:03:04:19:55:57,up_90_1t_,21.7728533744812,73.06,77.92,177.75,85.11,0.55424404,0.39869952,0.948455,0.55809444,0.44617978,0.89165366,0.51887184,0.44600502,0.9308401,0.4639023,0.4460301,0.8815926,0.4207144,0.46697643,0.896713,0.6050424,0.4461156,0.88770556,0.6561665,0.45122793,0.8425293,0.7071536,0.47724766,0.9287034,0.5580468,0.6033496,0.8940754,0.54225755,0.6033225,0.89202994,0.54608697,0.7182745,0.83825064,0.5461613,0.8179283,0.9270815,0.581581,0.60333234,0.9339876,0.58149964,0.7234873,0.8778766,0.57772774,0.8178584,0.9420593,0.55029714,0.3934628,0.9528105,0.5698358,0.3935724,0.9256768,0.54625183,0.3938505,0.60299844,0.5815225,0.39882442,0.9527879,0.58176064,0.8491853,0.8543725,0.5934561,0.843928,0.7742973,0.57375187,0.8231655,0.71992105,0.55027837,0.8492356,0.85038173,0.54230493,0.8491587,0.8018607,0.546206,0.8283169,0.77418435
2023:03:04:19:55:57,up_90_1t_,21.83668279647827,75.59,77.93,177.76,85.10,0.5542494,0.39870295,0.9481222,0.5581063,0.4461556,0.89137286,0.5188763,0.445983,0.93338305,0.4638992,0.44601503,0.882427,0.4207275,0.4669258,0.89698017,0.6050501,0.44609034,0.8917111,0.65620726,0.44628257,0.8454618,0.70715606,0.47236183,0.9225585,0.5580446,0.6033433,0.89562535,0.54226756,0.60330755,0.8947705,0.54607475,0.71827894,0.8362085,0.546158,0.8179415,0.9252266,0.5815744,0.60332996,0.93517435,0.5814937,0.72349405,0.87778664,0.57773226,0.81786954,0.94186336,0.55030054,0.39346454,0.95201397,0.5698448,0.393574,0.9267055,0.54625136,0.39384246,0.59890425,0.5815361,0.39881733,0.9524616,0.5817694,0.84919196,0.8548343,0.5934637,0.8439381,0.7748819,0.57375646,0.82318074,0.7204125,0.55028355,0.8492419,0.85036963,0.542311,0.8491706,0.80286825,0.54620486,0.82833505,0.77408403
2023:03:04:19:55:57,up_90_1t_,21.89410376548767,75.60,77.94,177.75,85.10,0.55424434,0.39870584,0.94899386,0.55811274,0.44615299,0.8914931,0.51888317,0.44598866,0.93299836,0.46387884,0.44600222,0.88339376,0.42070353,0.46693367,0.89444566,0.6050568,0.44608212,0.89410836,0.65623826,0.44626758,0.8475314,0.7071691,0.47233874,0.92172134,0.55805385,0.6033696,0.8947387,0.5422764,0.60333586,0.8949309,0.5460817,0.7183122,0.8384098,0.5461605,0.8179434,0.9252512,0.581581,0.60335344,0.93498766,0.58150536,0.72351354,0.8795407,0.577732,0.8178827,0.9415154,0.55030024,0.39346877,0.95262307,0.5698382,0.3935804,0.9273431,0.5462537,0.39384863,0.59247804,0.58153284,0.39882857,0.95426774,0.58175874,0.8492095,0.8552479,0.5934531,0.8439651,0.7750326,0.5737571,0.82319146,0.72097176,0.5502792,0.8492436,0.85238314,0.54230666,0.84916776,0.80383813,0.5462074,0.82833374,0.7735447
2023:03:04:19:55:57,up_90_1t_,21.94995403289795,75.59,77.95,177.76,85.49,0.5542127,0.39393467,0.954634,0.558122,0.44615054,0.8915903,0.5188905,0.44599628,0.93113685,0.4638858,0.44600496,0.8830266,0.42068905,0.4669347,0.8929226,0.6050553,0.4460798,0.8940918,0.65619737,0.4462497,0.8503346,0.7071229,0.4723357,0.92380536,0.558076,0.6033314,0.8948672,0.5422968,0.60329574,0.89980876,0.54607505,0.7182619,0.835466,0.5461544,0.8179062,0.9287598,0.5815974,0.6033194,0.9337857,0.58150434,0.72350276,0.87651324,0.5777363,0.81785405,0.9412637,0.5502951,0.39342386,0.9480977,0.56980944,0.39354995,0.9239563,0.54625916,0.39382362,0.56203127,0.5815229,0.39883193,0.9579325,0.5817188,0.8491953,0.85943705,0.5934398,0.8439611,0.7767328,0.5737714,0.82315314,0.72332966,0.5502295,0.84922373,0.85795486,0.5422504,0.84912753,0.8013376,0.5462166,0.8282841,0.7740053
2023:03:04:19:55:57,up_90_1t_,22.00931692123413,75.58,77.94,177.74,85.46,0.55417544,0.39392796,0.9588288,0.5581282,0.44614077,0.89193755,0.51889855,0.44599676,0.9310616,0.4639028,0.4460087,0.8821409,0.42071235,0.4669415,0.8950741,0.60505116,0.44607192,0.8947064,0.6561953,0.44624528,0.85247624,0.70713055,0.4723535,0.9252044,0.5580721,0.6033302,0.894981,0.542291,0.6032961,0.89938796,0.5460789,0.7182751,0.8364264,0.5461591,0.8179153,0.9279735,0.58159614,0.6033175,0.934165,0.5815166,0.7235113,0.8781926,0.5777343,0.8178624,0.94081813,0.5502788,0.39342153,0.9483729,0.5697616,0.3935499,0.9215283,0.546252,0.3937992,0.5019379,0.5815082,0.3988349,0.9603547,0.581731,0.84921163,0.86011946,0.5934516,0.84397733,0.77764046,0.57376534,0.8231644,0.7186563,0.5502608,0.8492346,0.8552479,0.5422768,0.8491467,0.8038782,0.54621035,0.82830083,0.7728579
2023:03:04:19:55:57,up_90_1t_,22.071151971817017,73.09,77.93,177.74,85.47,0.55418193,0.39390585,0.9587879,0.55812705,0.44614965,0.89175874,0.5188904,0.4460035,0.92964643,0.46389598,0.44602194,0.8825211,0.4206816,0.46696866,0.8919002,0.6050654,0.44608697,0.8944207,0.65622824,0.4462328,0.85035586,0.7071404,0.477172,0.9255901,0.55806583,0.60333735,0.8925313,0.5422739,0.603302,0.89505017,0.54607344,0.71828926,0.8352672,0.54615605,0.8179151,0.9254528,0.58159703,0.6033253,0.9325826,0.58151364,0.72351885,0.8788555,0.57772714,0.81785846,0.9400897,0.550284,0.3933956,0.9458452,0.5697733,0.3935304,0.9199565,0.54625803,0.39379328,0.51852125,0.58150643,0.39882976,0.95829684,0.5817317,0.849201,0.8593429,0.59344995,0.8439642,0.7780862,0.5737583,0.8231566,0.7200484,0.5502453,0.8492343,0.8547934,0.5422612,0.84914416,0.8007892,0.54620993,0.8283049,0.7694537
2023:03:04:19:55:57,up_90_1t_,22.1309916973114,73.08,77.91,177.74,85.49,0.55420697,0.3938941,0.9571538,0.5581256,0.44614837,0.8914111,0.51888406,0.445998,0.93005353,0.4638702,0.44602302,0.884313,0.4206613,0.46700525,0.8938557,0.6050688,0.4460858,0.8944755,0.65626067,0.44621566,0.84974784,0.7071501,0.47716218,0.92222184,0.5580854,0.6033071,0.8903897,0.54228425,0.6032686,0.89553356,0.5460777,0.71826106,0.83278024,0.5461623,0.8179,0.9257772,0.5816154,0.6032993,0.92920053,0.5815243,0.7235041,0.8783711,0.5777355,0.8178423,0.9401518,0.55029476,0.38858056,0.9455786,0.56980497,0.39351562,0.91985226,0.5462667,0.39381447,0.5673005,0.58151215,0.39882368,0.954758,0.58173126,0.84918934,0.8582289,0.5934613,0.84393907,0.77621454,0.57376707,0.8231383,0.71895564,0.5502521,0.84923476,0.85323787,0.5422697,0.84913963,0.7995517,0.5462189,0.8282798,0.7691602
2023:03:04:19:55:57,up_90_1t_,22.188836574554443,73.07,77.92,177.75,85.52,0.5542313,0.39390433,0.9544827,0.55812085,0.44614485,0.8914125,0.5188819,0.4459934,0.93107563,0.46388137,0.44602388,0.884623,0.42067483,0.4669953,0.89577144,0.6050687,0.44607425,0.89565295,0.65624994,0.44620973,0.8511681,0.7071537,0.47716418,0.9238164,0.55809534,0.6032997,0.89061475,0.5422968,0.60326123,0.8978752,0.5460785,0.7182505,0.83234435,0.5461655,0.8178996,0.92584205,0.58162117,0.6032916,0.929332,0.58153045,0.72349626,0.87752736,0.5777462,0.81783915,0.94042635,0.55030507,0.3933942,0.94672585,0.5698318,0.39351955,0.921294,0.5462685,0.39382455,0.6051729,0.5815185,0.39881667,0.95191145,0.58172417,0.8491824,0.8582746,0.5934613,0.84394044,0.77556545,0.5737824,0.8231288,0.72274655,0.5502416,0.84922975,0.8537718,0.5422607,0.84913164,0.7979104,0.5462304,0.82827157,0.7695587
2023:03:04:19:55:57,up_90_1t_,22.248676776885986,73.07,77.90,177.75,85.54,0.5542543,0.39393014,0.9515012,0.5581238,0.44613048,0.8904235,0.5188871,0.44597828,0.9309998,0.46388146,0.44603547,0.8835274,0.42066485,0.46701074,0.8958861,0.6050711,0.44606626,0.8946232,0.6562726,0.4462199,0.84682953,0.7071671,0.477164,0.9218708,0.5580974,0.60327613,0.8904969,0.542302,0.6032372,0.8993241,0.546074,0.71823704,0.83143216,0.5461652,0.8178959,0.92621934,0.58161664,0.60326874,0.9288921,0.5815232,0.7234857,0.8781211,0.5777438,0.8178364,0.9405464,0.5503135,0.39341524,0.9486924,0.56985855,0.39353728,0.92439246,0.5462676,0.39381596,0.6278851,0.5815293,0.39880377,0.9469348,0.58171976,0.84917736,0.85646605,0.59345734,0.84393114,0.77394617,0.57377994,0.82312876,0.7215971,0.550238,0.8492248,0.8579683,0.5422561,0.8491263,0.8011943,0.546229,0.8282697,0.76936364
2023:03:04:19:55:57,up_90_1t_,22.312041521072388,73.07,77.91,177.76,85.15,0.55428094,0.39869815,0.9463018,0.5581258,0.4461159,0.8897337,0.5188914,0.4459668,0.9312294,0.4639115,0.4460453,0.88079786,0.42069188,0.4669821,0.8977488,0.6050798,0.4460519,0.8940288,0.66007173,0.44623014,0.84274554,0.70718706,0.47716424,0.9206206,0.5580907,0.6032385,0.8905393,0.5423001,0.6031988,0.89875066,0.5424595,0.71314484,0.8265329,0.5461603,0.81787103,0.92865676,0.58160794,0.6032305,0.92915416,0.5815227,0.72343105,0.8746182,0.5777564,0.81782854,0.9427513,0.5503149,0.39345813,0.95302784,0.56988174,0.3935656,0.9279371,0.5462553,0.3938094,0.6537694,0.58154446,0.3987909,0.94206095,0.58169675,0.84916884,0.8587967,0.59344333,0.8439315,0.7740108,0.5738036,0.8231301,0.72592187,0.55021185,0.8492072,0.86119443,0.5422305,0.8490989,0.7996634,0.54623735,0.828235,0.7701684
2023:03:04:19:55:57,up_90_1t_,22.369887113571167,73.05,75.24,177.76,78.13,0.55425763,0.3987302,0.9480444,0.5581168,0.44611245,0.88922393,0.518877,0.441145,0.9322762,0.46389875,0.44603375,0.8825449,0.42070225,0.46697336,0.89678276,0.60509056,0.44605502,0.89387923,0.66005594,0.44625574,0.8394972,0.70717865,0.47720152,0.9288626,0.5580684,0.603258,0.8912705,0.5422754,0.6032192,0.8948627,0.5424541,0.7131632,0.8267197,0.5461619,0.8178928,0.9288468,0.5815942,0.60324913,0.9299549,0.5815175,0.7234487,0.8770064,0.5777673,0.817852,0.9419897,0.5502969,0.39348695,0.95848334,0.56985986,0.39358953,0.9290179,0.54624224,0.39381194,0.60639536,0.58154964,0.3987922,0.9443464,0.58169156,0.849197,0.86649483,0.59343886,0.8439739,0.77939814,0.5738274,0.8231703,0.72855896,0.55018896,0.84923774,0.86843956,0.5385176,0.8491169,0.80342364,0.54625297,0.82827014,0.77093554
2023:03:04:19:55:57,up_90_1t_,22.425737619400024,73.05,75.24,177.77,78.08,0.5542291,0.3987595,0.95164305,0.5581231,0.4461117,0.8880003,0.5188813,0.4411403,0.9325078,0.46391752,0.446051,0.88030726,0.42070988,0.46696427,0.8988824,0.6051053,0.44607803,0.8929011,0.6600778,0.44627973,0.83834416,0.707212,0.47722188,0.9297897,0.55807555,0.6032458,0.89079165,0.5422871,0.6032029,0.8965931,0.54243124,0.7131123,0.8231896,0.54615706,0.8178809,0.92799926,0.5815999,0.6032413,0.92954785,0.58151424,0.7234508,0.87603,0.57777154,0.81785613,0.94271415,0.55028045,0.39351487,0.9639808,0.5698274,0.39361614,0.9298206,0.5462318,0.39380616,0.5482602,0.5815486,0.39880574,0.94771504,0.5816767,0.8491948,0.86918634,0.5934225,0.8439773,0.7813375,0.5738349,0.82316804,0.7327484,0.55017644,0.8492263,0.86820126,0.5385087,0.8491014,0.80130196,0.5462582,0.8282431,0.77163935
2023:03:04:19:55:57,up_90_1t_,22.48557734489441,73.05,75.25,177.76,78.06,0.5542154,0.39877176,0.9531136,0.55812114,0.44611055,0.8883593,0.5188762,0.441137,0.93384975,0.46389556,0.44604346,0.8819992,0.42069483,0.4669644,0.8986028,0.60510445,0.44608086,0.8914992,0.6600807,0.4462991,0.83515406,0.70721084,0.4772375,0.92830694,0.55807793,0.60325634,0.8918029,0.54228085,0.60321647,0.8967408,0.54243034,0.71311253,0.8232419,0.5461561,0.81786376,0.928218,0.5816083,0.6032511,0.9303776,0.5815356,0.72344434,0.8776364,0.57778,0.817852,0.944129,0.5502731,0.39352664,0.96607447,0.56981266,0.3936295,0.9301691,0.5462238,0.3938022,0.5227251,0.5815448,0.39881623,0.9492117,0.58167154,0.8491911,0.87121516,0.5934231,0.84398115,0.7836968,0.5738494,0.82316774,0.73659706,0.5501504,0.84921163,0.8699719,0.53847915,0.84907573,0.7995099,0.54626685,0.8282178,0.77083385
2023:03:04:19:55:57,up_90_1t_,22.547411680221558,73.04,75.24,177.76,78.04,0.55422944,0.39880446,0.95069903,0.558143,0.44610867,0.88565004,0.5188769,0.4411266,0.9354457,0.46389425,0.44604364,0.8811836,0.42069554,0.4669508,0.8999724,0.6051317,0.44609776,0.8911681,0.66008306,0.45130888,0.82582337,0.7072009,0.47726685,0.93141663,0.5580785,0.60326004,0.8911961,0.5422697,0.6032137,0.89453113,0.5424301,0.7130964,0.8227191,0.5461535,0.8178435,0.92668927,0.5816149,0.60326123,0.93014836,0.58152694,0.723447,0.876683,0.5777705,0.81782734,0.94367504,0.5502791,0.3935491,0.9683103,0.5698345,0.39365426,0.93367743,0.5462292,0.39379826,0.5193542,0.5815668,0.39882207,0.9491693,0.58164614,0.8491713,0.8701502,0.59340405,0.8439588,0.78251505,0.57384,0.82313216,0.7365443,0.5501335,0.8491976,0.8710216,0.5384569,0.8490525,0.7975593,0.5462712,0.82819563,0.76789945
2023:03:04:19:55:57,up_90_1t_,22.605257034301758,73.03,75.26,177.77,78.05,0.55424196,0.398828,0.94928646,0.5581499,0.446123,0.88424146,0.51887995,0.44114023,0.93329173,0.4638947,0.44603106,0.8828169,0.42071113,0.4669397,0.9037619,0.6051402,0.44609928,0.89064205,0.66006887,0.45127448,0.8298517,0.70721316,0.47729412,0.93816346,0.5580979,0.6033257,0.89017016,0.54228526,0.60327923,0.89967376,0.54242194,0.7182007,0.821563,0.5461518,0.81784046,0.92593765,0.5816298,0.6033251,0.92868185,0.5815245,0.7235022,0.8817519,0.5777689,0.81782895,0.9443121,0.5502839,0.3935693,0.9706968,0.5698519,0.39367494,0.936983,0.54623413,0.39381847,0.54017615,0.5815778,0.39882958,0.9518758,0.5816363,0.84916836,0.8708558,0.59339446,0.84396315,0.78412694,0.5738439,0.8231298,0.7405625,0.55011463,0.84919405,0.8733542,0.53843737,0.84904516,0.79778934,0.5462778,0.8281893,0.76654947
2023:03:04:19:55:58,up_90_1t_,22.66310214996338,73.01,75.27,177.78,78.13,0.5543156,0.39879355,0.9396189,0.5581373,0.4461372,0.8855432,0.5188656,0.4411411,0.93587065,0.46387297,0.44601434,0.8864596,0.42070335,0.4669263,0.90698767,0.6051391,0.44609946,0.8910273,0.6600769,0.45127812,0.83217484,0.7072074,0.47731453,0.9405744,0.558109,0.60334605,0.88833153,0.5422902,0.60330266,0.90162516,0.542416,0.7182295,0.8199755,0.5461546,0.81785756,0.92696,0.58163935,0.60333675,0.92619467,0.58151567,0.7235214,0.88243794,0.57775563,0.8178333,0.9439074,0.5503281,0.3935461,0.95937395,0.56992775,0.3936521,0.9380977,0.5462495,0.3938397,0.68891084,0.5815736,0.39884564,0.9448903,0.5816428,0.8491839,0.87372863,0.59339774,0.8439645,0.78430694,0.573822,0.8231303,0.73264223,0.5501528,0.84920377,0.86749154,0.53847855,0.84906936,0.79656446,0.54626423,0.8282095,0.7682891
2023:03:04:19:55:58,up_90_1t_,22.724937200546265,73.01,75.26,177.78,82.59,0.5580179,0.39879894,0.9384952,0.55812573,0.4461479,0.88556314,0.51885474,0.44113317,0.93724424,0.46386868,0.44600806,0.88710123,0.4206941,0.4669425,0.90833485,0.60514313,0.44611976,0.8895038,0.660073,0.45131594,0.8310044,0.70720893,0.47732714,0.9425975,0.5580931,0.60336626,0.888618,0.5422782,0.6033259,0.901199,0.54240257,0.7182654,0.8213793,0.54615444,0.81784403,0.9253589,0.5816264,0.6033506,0.9258652,0.5815023,0.7235654,0.88700485,0.5777527,0.8178221,0.94330484,0.5503349,0.39354834,0.9597463,0.5736265,0.39365172,0.94025695,0.5462513,0.3938474,0.7206776,0.5815745,0.39884916,0.94637924,0.58164,0.8491734,0.8734688,0.59339726,0.8439471,0.7854173,0.5738222,0.82311565,0.7361156,0.55014145,0.84918827,0.86709404,0.5384718,0.84904873,0.7934958,0.54627365,0.8281869,0.76679206
2023:03:04:19:55:58,up_90_1t_,22.78677201271057,73.00,75.29,177.79,78.10,0.55430657,0.3987972,0.941258,0.55811924,0.44616863,0.8843979,0.51885915,0.44113737,0.9360985,0.46383226,0.4460158,0.88718915,0.42065662,0.46691227,0.89919853,0.6051298,0.4461516,0.88597125,0.65627915,0.4513581,0.83019704,0.7071826,0.477363,0.94739664,0.55810195,0.60337806,0.889029,0.542287,0.6033343,0.9031509,0.54241,0.7182533,0.82384175,0.54614735,0.8178303,0.9275221,0.5816341,0.6033681,0.92688906,0.5814931,0.7235744,0.88850224,0.57775116,0.81782293,0.94414645,0.55032176,0.39355305,0.9620364,0.5699178,0.3936592,0.93958914,0.5462477,0.3938593,0.6919503,0.5815683,0.39885774,0.9480506,0.58162826,0.84917843,0.87319064,0.59339017,0.8439581,0.7858025,0.5738272,0.82311946,0.73770124,0.55011433,0.84918123,0.87583566,0.53843427,0.84903246,0.79867,0.54627323,0.82322097,0.7697227
2023:03:04:19:55:58,up_90_1t_,22.844617128372192,73.00,75.29,177.81,78.07,0.55428547,0.3987833,0.9435306,0.55811274,0.44617006,0.8848304,0.5188577,0.44113433,0.93709636,0.46382913,0.4460066,0.8871413,0.42064652,0.46691334,0.89812255,0.60511726,0.4461609,0.8848728,0.65624076,0.45140126,0.8278592,0.70716166,0.47737366,0.947978,0.5580978,0.608153,0.8894322,0.5422848,0.6033623,0.9021394,0.5423972,0.71826273,0.82191825,0.54614973,0.81777966,0.9282842,0.5816284,0.60816765,0.9282448,0.58148104,0.7236022,0.88740766,0.5777583,0.8178046,0.9436242,0.55031294,0.39353684,0.96125317,0.5698945,0.39364886,0.9377142,0.5462474,0.39385086,0.6585363,0.5815613,0.39885724,0.9504186,0.58158267,0.84915346,0.87266964,0.5933525,0.8439552,0.78719926,0.57385427,0.82309306,0.74790055,0.546477,0.8491446,0.87846905,0.5346007,0.84403104,0.79252934,0.54630846,0.82314765,0.7738691
2023:03:04:19:55:58,up_90_1t_,22.90201210975647,73.00,75.29,177.83,78.03,0.554247,0.3987733,0.94875157,0.5581147,0.44615164,0.88594484,0.5188652,0.4411201,0.93915224,0.46382383,0.4459997,0.8880837,0.42064965,0.466878,0.89398146,0.6051102,0.4461528,0.88527083,0.6562486,0.45143571,0.82536644,0.70716333,0.4773694,0.9476762,0.5580802,0.6081277,0.89021564,0.5422792,0.60333526,0.9037334,0.54239124,0.71820974,0.8206359,0.54615223,0.8177572,0.9297846,0.58160406,0.60815006,0.92866087,0.581457,0.72359306,0.88456863,0.57776225,0.81779766,0.94195735,0.55029386,0.39352816,0.96366054,0.5698485,0.39364135,0.93579835,0.54624337,0.3938351,0.5865494,0.58155435,0.39883894,0.95674276,0.5815798,0.84915817,0.8705387,0.59337014,0.8439543,0.78438437,0.5738579,0.82308507,0.7474173,0.546485,0.84912956,0.88028073,0.5383514,0.8440173,0.7952164,0.5463092,0.82311594,0.7776656
2023:03:04:19:55:58,up_90_1t_,22.95985722541809,73.01,78.05,177.82,78.04,0.55425304,0.398784,0.9477888,0.5581083,0.4461447,0.8870466,0.5188662,0.4411122,0.9419694,0.46011773,0.44599843,0.89084035,0.42065567,0.4618728,0.8954006,0.60510975,0.44614497,0.88548005,0.66005313,0.45142108,0.8239431,0.7072067,0.47735775,0.9422803,0.5580825,0.6033602,0.8920325,0.5422903,0.6033101,0.90705776,0.54239327,0.718231,0.8229773,0.5461655,0.81781083,0.92929125,0.58159995,0.6033594,0.928225,0.5814557,0.7236318,0.89038885,0.5777519,0.81782705,0.9423027,0.55029523,0.3935397,0.96466213,0.5698578,0.39364898,0.93623316,0.54624504,0.39384663,0.58451474,0.58156127,0.39884436,0.9537007,0.5816299,0.84916836,0.86544424,0.59339046,0.8439403,0.7815262,0.573839,0.82312423,0.737905,0.5501294,0.84915453,0.8734966,0.5384517,0.84900445,0.7972693,0.54629576,0.8231931,0.7699269
2023:03:04:19:55:58,up_90_1t_,23.02326464653015,73.02,78.05,178.34,78.04,0.5542588,0.3987821,0.9467736,0.55810905,0.44615045,0.88687074,0.5188602,0.44111168,0.9424727,0.4601067,0.4459906,0.89121586,0.42063788,0.46186113,0.8927334,0.6051158,0.44615278,0.88567,0.66006815,0.4514228,0.82540584,0.7072327,0.4773704,0.945813,0.5580607,0.6033796,0.89279854,0.54226786,0.6033325,0.9015766,0.5423937,0.71824956,0.8226036,0.54616576,0.81779695,0.9291556,0.5815798,0.60814476,0.9299772,0.57789814,0.72851735,0.88909763,0.5777521,0.81781816,0.9418078,0.55029976,0.3935362,0.96293855,0.5698654,0.39364856,0.9365864,0.546248,0.39384428,0.5891768,0.58156663,0.39884788,0.9529805,0.5816106,0.8491514,0.8628093,0.5933701,0.8439306,0.78009576,0.5738466,0.82310927,0.74185586,0.55010736,0.84914327,0.8758261,0.5384222,0.84406567,0.7969332,0.5463049,0.8231695,0.7717885
2023:03:04:19:55:58,up_90_1t_,23.081109523773193,73.03,78.07,178.34,78.09,0.5543093,0.39879438,0.94093114,0.5581262,0.44616425,0.88430727,0.5188742,0.44113186,0.9384667,0.4601121,0.445989,0.89168787,0.42062995,0.4618505,0.89269274,0.6051195,0.44615138,0.8866881,0.66005546,0.45644617,0.82317287,0.7072414,0.47737053,0.9465724,0.5580517,0.6081476,0.89458716,0.54225963,0.60335755,0.90003324,0.54240113,0.71829015,0.8253839,0.54615635,0.817804,0.92815435,0.58157814,0.60817075,0.9329091,0.5778937,0.7285636,0.8949399,0.5777532,0.8178451,0.9429118,0.55032617,0.39355072,0.9598393,0.56991726,0.39365998,0.93955374,0.54626393,0.3938623,0.6590637,0.5815805,0.39886436,0.94697857,0.58162844,0.84917015,0.8624251,0.59338224,0.8439554,0.78257066,0.5738476,0.8231501,0.7427989,0.5500905,0.8491515,0.87791216,0.53840643,0.84898955,0.7978047,0.5462972,0.823182,0.77243197
2023:03:04:19:55:58,up_90_1t_,23.138955116271973,73.03,78.07,178.34,78.08,0.5543079,0.3987924,0.94059175,0.5581296,0.44616175,0.88412875,0.51887697,0.4411304,0.9387789,0.46011657,0.44599456,0.8899771,0.42063892,0.4618302,0.89117503,0.6051221,0.4461513,0.8864644,0.6601008,0.4514319,0.82672745,0.7072549,0.47736168,0.94478744,0.55805415,0.6081601,0.89352965,0.5422629,0.60336673,0.89960706,0.5424179,0.71832263,0.82798713,0.5461555,0.817833,0.92691845,0.58157915,0.6081803,0.9319287,0.57788795,0.7285774,0.89668435,0.5777404,0.81785554,0.94071484,0.5503259,0.3935493,0.95874864,0.5699151,0.3936583,0.939083,0.5462623,0.39386654,0.65440136,0.58158195,0.39886746,0.94791234,0.5816431,0.84917486,0.8620063,0.59338254,0.843952,0.7829827,0.5738218,0.8231549,0.737882,0.5501124,0.8491671,0.87638927,0.53843313,0.84901553,0.7996102,0.54628277,0.82321966,0.7714561
2023:03:04:19:55:58,up_90_1t_,23.198795318603516,73.04,78.07,178.33,78.07,0.5543002,0.39880997,0.939912,0.5581367,0.4461625,0.8827248,0.5188838,0.4411321,0.93832475,0.46011582,0.4460079,0.8877664,0.42063275,0.46185267,0.8904227,0.60512084,0.4461636,0.8865844,0.6600799,0.45647067,0.82463825,0.70726615,0.47736958,0.9461625,0.5580678,0.6081671,0.89197874,0.54226744,0.60336894,0.89826685,0.542432,0.71831876,0.82736415,0.5461565,0.81781256,0.9260375,0.5815967,0.60818905,0.9313667,0.5778915,0.72857165,0.89342576,0.5777458,0.8178367,0.9414295,0.55031836,0.39356276,0.9606603,0.5699075,0.39367,0.9391743,0.5462585,0.39385962,0.6374916,0.581582,0.3988622,0.9483369,0.58161443,0.84914684,0.8596221,0.593353,0.84393257,0.78041196,0.5738331,0.82312465,0.742405,0.5500863,0.84915686,0.8780726,0.5384047,0.84899354,0.79746354,0.54629517,0.8231848,0.77233356
2023:03:04:19:55:58,up_90_1t_,23.260157346725464,73.04,78.05,177.70,78.06,0.55428565,0.39880124,0.9415331,0.558133,0.44615167,0.88403857,0.51888037,0.44112998,0.93870294,0.46010908,0.44599658,0.88822937,0.42061996,0.46187425,0.8842988,0.6051105,0.4461556,0.887982,0.66005576,0.4514538,0.8265351,0.7072626,0.47735178,0.9460361,0.55806404,0.60818714,0.89083767,0.5422559,0.6081508,0.8931795,0.5424483,0.7183452,0.8286873,0.5461657,0.8178686,0.9233203,0.5816007,0.6081995,0.93085074,0.581446,0.7285406,0.88917136,0.57774234,0.81786144,0.9412846,0.55031216,0.39354992,0.9601319,0.5698938,0.39365977,0.937641,0.54625326,0.3938468,0.6193073,0.5815789,0.3988557,0.9515763,0.58167267,0.8491769,0.8608436,0.59339774,0.8439456,0.78172386,0.5738087,0.82316035,0.7346344,0.5501569,0.8492092,0.8681916,0.5384873,0.8490757,0.79806435,0.5462744,0.82822114,0.76762986
2023:03:04:19:55:58,up_90_1t_,23.318002462387085,73.04,78.06,177.81,78.05,0.55426115,0.39878663,0.94457954,0.55813116,0.44614574,0.88563406,0.51887536,0.44113246,0.9380567,0.46011835,0.4460084,0.8862258,0.4206349,0.46187404,0.8830926,0.6051048,0.44615486,0.8886703,0.65627265,0.4564559,0.82518506,0.7072541,0.4773446,0.9438175,0.55807817,0.6081644,0.8907573,0.54227066,0.60337096,0.8949059,0.542457,0.718324,0.8284889,0.5461681,0.8179041,0.92305076,0.5816088,0.6081784,0.93119633,0.58146024,0.7236403,0.8860097,0.57773715,0.8178767,0.9414846,0.5503028,0.39353052,0.9582833,0.56986773,0.3936485,0.93598306,0.546249,0.3938284,0.5835074,0.5815722,0.3988539,0.9551284,0.5817051,0.84918356,0.8573302,0.59341234,0.8439419,0.7786796,0.573793,0.8231893,0.7285551,0.5502097,0.8492259,0.86328906,0.54223806,0.8491237,0.80155534,0.54625535,0.8282771,0.7675752
2023:03:04:19:55:58,up_90_1t_,23.37385320663452,73.04,75.28,177.78,78.11,0.55431426,0.39880887,0.9378554,0.5581411,0.44615424,0.8842369,0.5188762,0.44114867,0.9341151,0.46383312,0.4459989,0.88562465,0.42066866,0.46689478,0.8873983,0.6051205,0.44614574,0.89142823,0.6562567,0.4564493,0.8261229,0.7072581,0.47734278,0.938712,0.55806965,0.60817873,0.8905654,0.5422686,0.60815424,0.8906873,0.54607564,0.71840477,0.83581305,0.54616123,0.81795114,0.91840994,0.58160293,0.6081883,0.93283355,0.5814809,0.723629,0.88592046,0.57772887,0.817892,0.94041216,0.55032915,0.3935529,0.9569676,0.5699262,0.39366305,0.93934387,0.5462598,0.39384806,0.6513199,0.5815988,0.3988613,0.95023525,0.58174056,0.8491822,0.8500636,0.5934173,0.8439322,0.7730378,0.57377,0.8232033,0.72189057,0.55025774,0.8492486,0.854749,0.54228574,0.84916764,0.80105376,0.54622096,0.82833767,0.7658788
2023:03:04:19:55:58,up_90_1t_,23.433693408966064,73.03,75.29,177.64,82.64,0.5580571,0.39883938,0.9332298,0.5581343,0.4461564,0.88375854,0.51886785,0.44114923,0.93397206,0.46382684,0.44597584,0.88707334,0.42067048,0.4668921,0.8884311,0.6051204,0.44613576,0.8917797,0.65625393,0.4564451,0.8268602,0.70725983,0.47734192,0.9370173,0.5580845,0.60819846,0.88978034,0.5422792,0.6081718,0.8906987,0.5460863,0.7234003,0.8397651,0.54615957,0.81795377,0.91651976,0.58162105,0.6082098,0.9328237,0.581491,0.72851986,0.88853705,0.57771474,0.81789804,0.9387444,0.5503534,0.39357978,0.95593387,0.573659,0.39367712,0.9445676,0.54626435,0.3938658,0.7177026,0.5816093,0.39886788,0.94344544,0.58174485,0.8491899,0.8483356,0.5934084,0.84393775,0.77355033,0.573744,0.8231929,0.7199407,0.55026835,0.8492418,0.84914434,0.5422999,0.8491622,0.7985042,0.5462082,0.82833284,0.76558906
2023:03:04:19:55:58,up_90_1t_,23.495527744293213,73.03,77.95,177.75,89.66,0.5580798,0.39884335,0.9317729,0.5581476,0.4461603,0.8829471,0.5188788,0.44598094,0.9316863,0.46385825,0.4459734,0.8864626,0.420684,0.46690983,0.89060163,0.60511893,0.44612682,0.8932863,0.6562611,0.45143822,0.8264784,0.707265,0.47733676,0.93502045,0.5581046,0.60817707,0.8907628,0.54229313,0.6081541,0.8928455,0.54609483,0.72335935,0.84146714,0.54616135,0.8179506,0.92178106,0.58163905,0.6081927,0.9355751,0.5815272,0.7235914,0.88788736,0.5777382,0.8178947,0.94256455,0.55036396,0.39358842,0.9562166,0.5736738,0.39367735,0.9468778,0.5462614,0.3938795,0.7533132,0.58160746,0.39886796,0.94448507,0.5817414,0.84918284,0.8547771,0.5934192,0.84393895,0.77721864,0.5737741,0.82320607,0.7245178,0.5502378,0.8492455,0.85896397,0.54226524,0.8491548,0.8021132,0.5462222,0.8283335,0.77333534
2023:03:04:19:55:58,up_90_1t_,23.55337357521057,73.03,77.94,177.73,89.66,0.5580861,0.3988474,0.931629,0.5581548,0.44616348,0.88253844,0.5188848,0.44599077,0.92936337,0.4638947,0.44597188,0.887858,0.42070493,0.46692598,0.89524865,0.6051212,0.44611958,0.89388394,0.65627426,0.45143935,0.82592416,0.7072877,0.47733963,0.9344455,0.5580883,0.6033776,0.89450145,0.54229397,0.60333824,0.8979063,0.54608345,0.7183623,0.8408661,0.5461667,0.81792784,0.92711765,0.5816142,0.6081451,0.9363625,0.58153516,0.72355133,0.8876682,0.5777381,0.8178871,0.94392604,0.550366,0.39359465,0.95728505,0.5736789,0.39367762,0.9475221,0.5462605,0.39389202,0.7628619,0.58160955,0.39886048,0.9449578,0.5817312,0.84920025,0.8684125,0.59343094,0.8439597,0.7861612,0.5737793,0.8231992,0.72794133,0.5502086,0.84924597,0.86295134,0.542237,0.8491404,0.80196595,0.5462407,0.8283045,0.7789256
2023:03:04:19:55:58,up_90_1t_,23.611218452453613,73.04,77.93,177.72,89.65,0.5580761,0.39884692,0.9327983,0.5581664,0.44616252,0.8815473,0.51889,0.446,0.9279725,0.46390167,0.44596586,0.8880808,0.42071906,0.46695226,0.8978375,0.6051277,0.44612086,0.8944339,0.6600595,0.45142323,0.82551825,0.7073088,0.4773401,0.9322726,0.5580955,0.603361,0.8956387,0.542304,0.6033188,0.900691,0.5460858,0.71836585,0.8423457,0.5461665,0.81794566,0.9279301,0.5816222,0.6033606,0.93596536,0.58155185,0.7235334,0.88822174,0.5777461,0.8178973,0.9446295,0.550359,0.3935938,0.9584398,0.57367384,0.39367726,0.94718915,0.5462589,0.3938919,0.7529849,0.58161086,0.39885974,0.94775194,0.581747,0.8492134,0.87015885,0.593449,0.8439741,0.787034,0.57378584,0.8232129,0.7268202,0.5502212,0.84925616,0.8595387,0.54224867,0.8491594,0.8005208,0.54623556,0.82832754,0.78004915
2023:03:04:19:55:59,up_90_1t_,23.67305326461792,73.02,77.93,177.72,89.71,0.55810004,0.3988494,0.9306666,0.55814785,0.44617388,0.88157994,0.51888055,0.4460133,0.927861,0.46389365,0.4459879,0.88613534,0.4207227,0.4669776,0.89888334,0.60511583,0.44611752,0.892579,0.6600448,0.4514306,0.8239438,0.7073116,0.47734094,0.9310742,0.55811656,0.6033316,0.8967426,0.54233384,0.6032928,0.90663624,0.5461086,0.7183657,0.8442621,0.5461656,0.81797063,0.9260215,0.58162963,0.60332966,0.93750954,0.5815546,0.7234842,0.88466936,0.5777362,0.8178845,0.9448561,0.55037445,0.39359486,0.95707595,0.57369256,0.39367557,0.9497047,0.5462612,0.39388937,0.7807001,0.58161545,0.39884633,0.9470634,0.58175117,0.84919274,0.8680563,0.59344125,0.8439441,0.78536034,0.573767,0.8231885,0.7229937,0.5502427,0.84925693,0.8557162,0.54227006,0.8491713,0.7996897,0.5462189,0.82836396,0.77797323
2023:03:04:19:55:59,up_90_1t_,23.736882209777832,73.03,77.95,177.71,89.77,0.55813295,0.39884806,0.92760193,0.5581443,0.44620186,0.88048035,0.51888853,0.44605294,0.9263278,0.46389976,0.44599393,0.88633,0.42073476,0.46699262,0.89899766,0.605115,0.44612253,0.88996685,0.6600462,0.45644775,0.82209027,0.70732015,0.4773299,0.92859674,0.5581291,0.6033047,0.89857733,0.5423572,0.60327417,0.91298985,0.5461261,0.71835,0.8494581,0.54616946,0.8179796,0.92621106,0.5816306,0.60329443,0.9383675,0.58156526,0.72344834,0.88526446,0.5777393,0.81787694,0.9474283,0.55039024,0.39359015,0.9567964,0.57372284,0.39366835,0.95375884,0.5462567,0.39389065,0.81661594,0.58163494,0.39883593,0.9474735,0.58176464,0.8491986,0.8667847,0.5934643,0.8439413,0.78407323,0.57376784,0.8231876,0.72244036,0.5502517,0.84926564,0.8601957,0.542276,0.84918314,0.8044292,0.5462145,0.8283814,0.77651614
2023:03:04:19:55:59,up_90_1t_,23.79472804069519,73.05,77.95,177.71,89.72,0.55811584,0.39884666,0.92984974,0.5581713,0.44620913,0.87757444,0.51890296,0.44606614,0.9247778,0.46391755,0.44599706,0.8858076,0.42073882,0.4669922,0.9001902,0.60513693,0.4461424,0.8905355,0.66004926,0.45645624,0.82146686,0.70732576,0.47732776,0.9290206,0.5581213,0.60328436,0.8985341,0.54235584,0.60325044,0.91205823,0.5461294,0.71832067,0.8493248,0.54616714,0.8179811,0.9260454,0.58161974,0.6032753,0.93829703,0.58155876,0.72342813,0.8823037,0.57773477,0.81787187,0.9462973,0.55038,0.39359182,0.9587002,0.5737144,0.3936659,0.9523021,0.5462613,0.39388874,0.78875464,0.58164334,0.39882922,0.95121723,0.5817662,0.8491949,0.8661533,0.59346694,0.84393644,0.7829951,0.5737602,0.82318366,0.71874046,0.55025584,0.84926313,0.8577248,0.54227966,0.84918296,0.8030776,0.54620725,0.82838845,0.7760614
2023:03:04:19:55:59,up_90_1t_,23.852572917938232,74.43,76.59,177.72,85.20,0.5581039,0.39883623,0.93203014,0.56193835,0.4462006,0.8768905,0.5189241,0.4460743,0.9218555,0.46396637,0.4460052,0.88460994,0.42079753,0.46696565,0.90076816,0.6051543,0.4461387,0.8928182,0.66007906,0.45646027,0.820015,0.70735854,0.47731173,0.9252666,0.5581107,0.60326487,0.9008106,0.5423473,0.6032279,0.91214204,0.5461157,0.71827143,0.8459894,0.5461698,0.8179692,0.9283402,0.5816154,0.60326034,0.94065,0.58154535,0.72340524,0.8816478,0.57772267,0.817844,0.94743586,0.55037373,0.39358377,0.9581922,0.5737075,0.3936561,0.950564,0.5462618,0.39388335,0.7688912,0.5816484,0.39881927,0.9527763,0.5817655,0.84916574,0.8697818,0.5934646,0.843893,0.7852812,0.5737448,0.823148,0.72039044,0.5502627,0.84924865,0.85538775,0.5422922,0.84917164,0.80259526,0.5462112,0.8283709,0.7794234
2023:03:04:19:55:59,up_90_1t_,23.91197443008423,74.44,76.57,177.72,85.18,0.5581005,0.39884317,0.9321131,0.56195796,0.44619495,0.8769547,0.518935,0.44607443,0.9202907,0.46398968,0.4459966,0.8832627,0.42080784,0.46697655,0.9015492,0.60517305,0.44613436,0.89396423,0.6601146,0.45145053,0.82122606,0.7073767,0.4772966,0.9218794,0.5581154,0.6032731,0.9004655,0.542347,0.6032364,0.9115801,0.5461215,0.71829903,0.8479012,0.54616874,0.8179805,0.9256828,0.58161986,0.6032671,0.9406458,0.58154184,0.72340935,0.8814858,0.57772183,0.81784374,0.94734395,0.55037093,0.3935866,0.95791334,0.5737075,0.3936606,0.9506736,0.5462611,0.3938763,0.75881493,0.5816532,0.39881578,0.9525658,0.5817651,0.8491645,0.8688724,0.5934623,0.84388995,0.7847683,0.5737425,0.8231461,0.720572,0.5502651,0.8492503,0.85284126,0.54229796,0.8491737,0.8001178,0.54621035,0.8283874,0.777099
2023:03:04:19:55:59,up_90_1t_,23.973407745361328,74.46,76.57,177.73,85.21,0.55810016,0.39884138,0.9318709,0.5619475,0.44621292,0.87670046,0.5189258,0.44609907,0.9217502,0.46398604,0.44600117,0.88461715,0.42078722,0.46701443,0.9037374,0.60517097,0.44613373,0.89458925,0.66012985,0.45143008,0.8245977,0.70737815,0.4772727,0.9207885,0.5581065,0.60327303,0.9025153,0.54234666,0.60324097,0.91524136,0.5461229,0.71826273,0.8488333,0.54616225,0.8179412,0.92865187,0.5816065,0.603262,0.9421215,0.5815262,0.72340626,0.88067114,0.5777164,0.8178143,0.9476294,0.5503683,0.39358518,0.9579601,0.5737085,0.39365274,0.94929314,0.5462519,0.39388973,0.7722286,0.5816532,0.39881107,0.95344883,0.5817202,0.8491483,0.8746078,0.59342706,0.8438837,0.78805107,0.57374275,0.82310814,0.72821796,0.55020475,0.8492266,0.8614867,0.5422405,0.84912384,0.79818785,0.5462261,0.82832557,0.781347
2023:03:04:19:55:59,up_90_1t_,24.03125286102295,74.46,76.56,177.73,85.21,0.5581095,0.398845,0.93059593,0.56195205,0.44620955,0.8767618,0.5189302,0.44609317,0.922033,0.4639905,0.44598648,0.8861827,0.4207882,0.4670116,0.9038274,0.60517246,0.44613746,0.8949122,0.66014487,0.4514335,0.82473207,0.70739084,0.4772799,0.92146945,0.55810106,0.60328054,0.9029876,0.54234785,0.6032478,0.91543865,0.5461281,0.7182813,0.85152936,0.5461638,0.8179493,0.92852664,0.58159894,0.6032712,0.94296134,0.5815205,0.72342604,0.88289213,0.5777189,0.81781805,0.9481879,0.5503745,0.3935888,0.9570865,0.57371485,0.39365667,0.9500903,0.54625505,0.393891,0.7763053,0.5816563,0.39881465,0.9527276,0.5817399,0.84914297,0.8729376,0.593444,0.84387124,0.7877233,0.57374465,0.8231196,0.7276467,0.55022377,0.8492283,0.86128026,0.54225975,0.8491322,0.8004767,0.5462242,0.8283399,0.781129
2023:03:04:19:55:59,up_90_1t_,24.08913278579712,74.46,76.59,177.72,85.20,0.55811536,0.39884079,0.929703,0.56196326,0.4462125,0.8767613,0.5189258,0.44609785,0.92088395,0.46775237,0.44597137,0.8866947,0.42080715,0.4669738,0.90021026,0.6051781,0.44614676,0.89479804,0.6601378,0.45142883,0.82622415,0.70736945,0.4772717,0.9206234,0.55811876,0.6032862,0.90393156,0.5423504,0.60326076,0.91812325,0.54611886,0.71825135,0.84708506,0.54617107,0.81792825,0.92982304,0.5816187,0.6032729,0.94240856,0.5815373,0.72342926,0.88326174,0.5777207,0.8177992,0.95000255,0.55037594,0.39358473,0.9555291,0.5737192,0.3936488,0.9493067,0.5462554,0.3938931,0.7741598,0.58166397,0.39881328,0.95148206,0.581717,0.84913325,0.8703587,0.59342235,0.8438689,0.78576213,0.57375216,0.8230863,0.73273456,0.5502056,0.849214,0.86398447,0.5422396,0.84910816,0.7993872,0.54623747,0.8283051,0.7787031
2023:03:04:19:55:59,up_90_1t_,24.1529700756073,74.47,76.58,177.72,85.18,0.5580978,0.39882383,0.9324225,0.56197506,0.44621393,0.8766659,0.5189383,0.4461038,0.9187931,0.4677582,0.44597185,0.88520026,0.42079303,0.46699545,0.9007741,0.6051811,0.4461484,0.89471203,0.6601531,0.45141268,0.82806844,0.70737344,0.4772675,0.91956234,0.5581291,0.6032823,0.90304434,0.5423562,0.6032562,0.91873133,0.546119,0.71825397,0.8462963,0.5461677,0.81791216,0.9296062,0.5816296,0.60326976,0.9419769,0.58154106,0.72345805,0.88539964,0.57772046,0.81779665,0.9495902,0.55036783,0.39357105,0.9560095,0.57370853,0.39363644,0.9474049,0.54626256,0.39388672,0.75290257,0.5816641,0.3988096,0.9546958,0.5817016,0.8491288,0.86923474,0.5934045,0.8438738,0.78622746,0.57375574,0.82307416,0.7382456,0.5501696,0.8492022,0.86673576,0.53851444,0.849072,0.7965853,0.5462455,0.8282763,0.7788247
2023:03:04:19:55:59,up_90_1t_,24.214799165725708,74.48,76.54,177.73,85.16,0.5580984,0.39883074,0.93169975,0.5619952,0.4462128,0.8761637,0.51895595,0.44610968,0.91460043,0.4639768,0.44597188,0.8839871,0.420698,0.46707258,0.89220226,0.60518765,0.4461551,0.8945589,0.66017747,0.4514134,0.82826614,0.7073808,0.47726053,0.9173174,0.5581238,0.60328984,0.9027561,0.54235226,0.60326105,0.91749525,0.54610914,0.71824455,0.8431089,0.54616666,0.8178827,0.9299447,0.5816243,0.6032791,0.94124484,0.58153445,0.72347796,0.8863077,0.5777179,0.81778264,0.94919705,0.5503668,0.39357635,0.95608497,0.5737092,0.39364102,0.947093,0.54626673,0.39389,0.7361553,0.58167446,0.39880866,0.95456135,0.58166677,0.84910756,0.8672156,0.5933651,0.8438595,0.78479546,0.57376015,0.8230504,0.7427554,0.550138,0.84917456,0.8690027,0.53848195,0.84903187,0.7947352,0.54625857,0.8282302,0.7788214
2023:03:04:19:55:59,up_90_1t_,24.272166967391968,74.48,76.53,177.72,85.15,0.55809456,0.39885053,0.9321938,0.56199485,0.44620124,0.87523574,0.5189623,0.4460939,0.914003,0.4639344,0.44597313,0.8815994,0.4206393,0.46710938,0.8840104,0.605181,0.44615787,0.8931533,0.6601633,0.4514334,0.82719177,0.7073824,0.47726464,0.9165634,0.5581316,0.6032657,0.90138984,0.5423619,0.60323983,0.9176747,0.546116,0.71822137,0.84588856,0.5461719,0.8178965,0.931754,0.5816278,0.6032519,0.9404449,0.58154786,0.7234585,0.8873459,0.5777253,0.8177911,0.950944,0.55036443,0.39359006,0.9580418,0.5737092,0.3936603,0.94887835,0.5462689,0.39388496,0.72784626,0.58167446,0.3988131,0.9541697,0.58170176,0.84910876,0.8673209,0.59339875,0.8438499,0.7853796,0.573766,0.823071,0.74092925,0.5501733,0.84917575,0.86498505,0.5385218,0.8490439,0.7952669,0.5462539,0.82825106,0.78053087
2023:03:04:19:55:59,up_90_1t_,24.328017473220825,74.48,76.53,177.72,85.16,0.55808985,0.3988336,0.93289226,0.5619834,0.44620445,0.87535506,0.51894724,0.44609502,0.91540134,0.46391904,0.44597986,0.8821412,0.42062616,0.4671061,0.8821744,0.60518193,0.4461688,0.8912848,0.66017354,0.45143,0.82665336,0.7074039,0.477278,0.9163736,0.5581282,0.6032832,0.90184,0.5423533,0.60325813,0.9175097,0.5461134,0.71822226,0.8459208,0.54616743,0.81789386,0.9319703,0.58162814,0.60326934,0.9399448,0.5815437,0.72346145,0.88761437,0.5777197,0.8177861,0.9511246,0.5503637,0.39357293,0.9559102,0.5737062,0.39364445,0.94734216,0.5462719,0.39387572,0.71353924,0.5816751,0.39880207,0.9520946,0.58170414,0.84910786,0.8672059,0.59340096,0.8438461,0.7850847,0.5737566,0.8230674,0.73938906,0.55018735,0.8491736,0.8639503,0.5422256,0.8490573,0.796067,0.5462422,0.82824904,0.7796901
2023:03:04:19:55:59,up_90_1t_,24.38785719871521,74.48,76.53,177.72,85.13,0.5580757,0.39881626,0.9338207,0.5619938,0.4461929,0.87632006,0.51894945,0.4460836,0.91704965,0.46390358,0.44597456,0.8834651,0.4206303,0.4670969,0.883154,0.6051878,0.4461652,0.89180636,0.6601812,0.45142686,0.82534015,0.70739853,0.4772702,0.915831,0.5581315,0.60329413,0.90087295,0.54235977,0.6032668,0.9182515,0.5461115,0.71823394,0.8462531,0.5461646,0.817891,0.93158364,0.5816243,0.6032803,0.9396391,0.581538,0.7234691,0.8864788,0.57771814,0.81779075,0.94995856,0.5503571,0.3935554,0.9543771,0.57369435,0.39362732,0.94401383,0.54627466,0.3938656,0.6926594,0.5816765,0.3987889,0.9545503,0.5817006,0.84911364,0.8687824,0.5933988,0.8438579,0.7860555,0.57375574,0.8230751,0.73971176,0.55017877,0.8491737,0.866284,0.5422172,0.8490543,0.7973913,0.5462429,0.82824826,0.7806061
2023:03:04:19:55:59,up_90_1t_,24.4516863822937,74.49,76.55,177.72,85.12,0.5580497,0.3988364,0.9359295,0.5619919,0.44620472,0.87478447,0.51896304,0.44610932,0.9150535,0.46776775,0.44602078,0.8782728,0.42077723,0.46704513,0.8970988,0.6051822,0.446173,0.89099514,0.6601845,0.4514403,0.8232939,0.7074118,0.47727746,0.91534173,0.558125,0.60331947,0.9015988,0.54235595,0.6032872,0.9183419,0.5461086,0.7182718,0.8472503,0.54616416,0.81787765,0.93170655,0.5816214,0.6033122,0.9399874,0.5815411,0.7234989,0.88881177,0.5777258,0.8177816,0.9507002,0.5503404,0.3935746,0.9594422,0.5736743,0.39364573,0.94309735,0.5462737,0.39386344,0.644916,0.58167756,0.39878798,0.9587407,0.5816859,0.849109,0.8718162,0.59339243,0.8438631,0.7880724,0.57376456,0.82305384,0.74533427,0.5501441,0.8491635,0.86752427,0.53849286,0.8490231,0.7946765,0.5462537,0.82821906,0.7817447
2023:03:04:19:55:59,up_90_1t_,24.50953197479248,74.48,76.57,177.72,85.12,0.5580494,0.39884013,0.9357782,0.5619821,0.44619808,0.875493,0.5189585,0.44609964,0.9171565,0.46777248,0.4460052,0.8815525,0.42081198,0.46699786,0.899645,0.6051773,0.446161,0.8916625,0.66019124,0.4514438,0.8236574,0.7074168,0.47727168,0.91376317,0.55812335,0.6033255,0.9021541,0.5423593,0.60329604,0.9203657,0.54610753,0.71826416,0.8466325,0.54616886,0.8178718,0.9334303,0.581618,0.6033133,0.94040704,0.5815421,0.723503,0.88897043,0.5777236,0.8177778,0.9500386,0.5503406,0.39357868,0.9592544,0.573672,0.3936485,0.9430462,0.54627335,0.39386752,0.6468227,0.5816746,0.39879003,0.95766073,0.5816741,0.8491153,0.87374824,0.593385,0.84387326,0.78918445,0.5737656,0.8230447,0.74475324,0.5501493,0.8491624,0.8667106,0.5384965,0.8490222,0.7946377,0.5462592,0.82820827,0.78199685
2023:03:04:19:55:59,up_90_1t_,24.565382719039917,74.47,76.57,177.72,85.11,0.5580459,0.39884222,0.93640006,0.56197417,0.44619024,0.8756448,0.5189569,0.44608298,0.91927516,0.467763,0.44598955,0.8841049,0.42081586,0.4669797,0.90053624,0.6051651,0.44616216,0.8903124,0.66014105,0.45646548,0.8221539,0.7073985,0.4772978,0.91719353,0.5581209,0.60331166,0.9024296,0.5423608,0.60328305,0.9209271,0.54610837,0.7182478,0.84765804,0.54616815,0.8178867,0.933764,0.58161163,0.60329634,0.9406277,0.58153456,0.72348523,0.88779914,0.57772547,0.81777287,0.95025283,0.550341,0.3935773,0.9597025,0.57367164,0.39365265,0.94373035,0.5462742,0.39385253,0.6470239,0.5816721,0.39878976,0.95722973,0.5816711,0.84911364,0.87827814,0.5933866,0.84386504,0.79052925,0.5737673,0.8230432,0.7427397,0.55015093,0.84917825,0.8678271,0.5384989,0.849042,0.79463494,0.5462618,0.828229,0.78268397
2023:03:04:19:55:59,up_90_1t_,24.6252224445343,74.46,76.56,177.73,85.11,0.5580469,0.3988745,0.93555874,0.5619784,0.446196,0.87426114,0.5189638,0.44608817,0.9179251,0.46779087,0.44598588,0.88583547,0.42085484,0.46699286,0.9047883,0.6051629,0.44617328,0.88792956,0.6600984,0.4564575,0.82188576,0.7073544,0.47730938,0.9223882,0.558114,0.6032951,0.9025928,0.54236484,0.6032675,0.9207815,0.5461162,0.71823084,0.8471447,0.54617095,0.8178523,0.9351816,0.5815998,0.6032772,0.94090295,0.58152676,0.7234787,0.88707125,0.5777302,0.8177614,0.9500825,0.5503371,0.39360794,0.9631895,0.5736701,0.39367557,0.9447844,0.54627,0.39387038,0.6401084,0.5816735,0.39879125,0.9578042,0.5816468,0.84910023,0.8770779,0.59336644,0.8438651,0.79023993,0.5737849,0.8230266,0.74642026,0.5501224,0.84915036,0.86838806,0.53846663,0.8489978,0.79208225,0.54627687,0.8281818,0.78125995
2023:03:04:19:56:00,up_90_1t_,24.687058925628662,74.45,76.56,177.73,85.11,0.5580621,0.3988869,0.9343772,0.56199443,0.4462053,0.87337387,0.5189807,0.44610217,0.91374135,0.46780446,0.44598174,0.8861999,0.42085865,0.4669958,0.9048432,0.6051658,0.44618407,0.8879394,0.6562759,0.45652443,0.81877583,0.7072959,0.47735086,0.92914015,0.5581005,0.60328835,0.9042186,0.5423543,0.6032582,0.91964465,0.5461165,0.7182198,0.84753215,0.5461708,0.8178779,0.9359764,0.5815913,0.60327387,0.94208944,0.5815286,0.72346544,0.8866661,0.57773334,0.81777096,0.95198065,0.550347,0.3936245,0.96328807,0.57367986,0.3936877,0.9464017,0.5462824,0.39388266,0.647328,0.58167493,0.39879534,0.9552199,0.58168083,0.84911186,0.8796454,0.59339863,0.8438579,0.7917838,0.57378095,0.8230497,0.74220395,0.5501577,0.8491705,0.8692049,0.53850454,0.84903455,0.7954185,0.54626274,0.8282183,0.78345174
2023:03:04:19:56:00,up_90_1t_,24.74490213394165,74.44,76.55,177.72,85.14,0.5580849,0.39889014,0.9319365,0.56198096,0.44621244,0.8732739,0.51897204,0.44609845,0.9153518,0.46779191,0.44598103,0.88482535,0.42083988,0.46701804,0.9036597,0.6051579,0.44619167,0.88672906,0.6562544,0.45655468,0.8174598,0.70727056,0.47736314,0.928386,0.5581046,0.60329145,0.9031869,0.5423577,0.6032651,0.9188106,0.5461186,0.71822375,0.8474606,0.5461722,0.8178939,0.9345653,0.5815956,0.6032729,0.9417563,0.5815354,0.7234499,0.8852798,0.57773536,0.81778175,0.95170766,0.5503611,0.3936263,0.96085894,0.57369995,0.39369002,0.9491097,0.5462841,0.39388457,0.68564844,0.58167845,0.3988032,0.9535994,0.5816806,0.84911793,0.8780736,0.5933965,0.8438651,0.7901406,0.5737816,0.8230632,0.74053156,0.5501659,0.8491791,0.86854994,0.5385117,0.8490459,0.79542285,0.54626286,0.82824194,0.78192264
2023:03:04:19:56:00,up_90_1t_,24.80274748802185,74.44,76.53,177.71,85.15,0.55810946,0.39887935,0.92945194,0.5619902,0.4462005,0.8747917,0.51897246,0.44607896,0.9163278,0.46778518,0.4411576,0.8857484,0.42082646,0.46702686,0.90319216,0.6051648,0.4461929,0.8858869,0.6600696,0.45652893,0.8177278,0.70726776,0.47737113,0.9229406,0.55810386,0.60323006,0.9024708,0.5423506,0.60319895,0.9161823,0.546121,0.7181962,0.8469336,0.5461714,0.8179087,0.9339978,0.58160245,0.60321516,0.9417193,0.5815385,0.7234091,0.88369423,0.57771957,0.8177831,0.94995016,0.55037916,0.39361656,0.9576564,0.57371765,0.39368224,0.9509699,0.546289,0.39388376,0.7094905,0.5816834,0.3988071,0.9519073,0.5816995,0.84912753,0.87699986,0.59340763,0.84386325,0.78981936,0.5737573,0.8230708,0.73515666,0.5501832,0.84919983,0.86856896,0.5422193,0.84908366,0.7989534,0.5462485,0.8282712,0.78293175
2023:03:04:19:56:00,up_90_1t_,24.862587928771973,74.42,76.52,177.71,85.17,0.55815005,0.39887586,0.92592174,0.56200254,0.44620103,0.8744194,0.5189634,0.44607055,0.9172299,0.46777168,0.441145,0.88687086,0.42083764,0.4670388,0.9047145,0.6051848,0.44619915,0.88647944,0.66007495,0.45655718,0.8174998,0.70727146,0.47740635,0.9282522,0.5581019,0.6032355,0.9025302,0.54234433,0.6032023,0.914827,0.5461289,0.7182512,0.8489428,0.54617655,0.8179103,0.93332,0.58160686,0.6032201,0.9413874,0.5815459,0.72343314,0.8858601,0.57772356,0.81779414,0.94948655,0.5504088,0.39361614,0.9538084,0.5737479,0.39367983,0.95386916,0.546302,0.39389017,0.7384866,0.5816935,0.39882118,0.9452263,0.5816944,0.84914047,0.87675935,0.59340125,0.8438817,0.79007584,0.57376295,0.8230798,0.7333956,0.5501919,0.8492074,0.8688789,0.5422288,0.8490918,0.800608,0.5462516,0.82827234,0.78043115
2023:03:04:19:56:00,up_90_1t_,24.925618648529053,74.43,76.53,177.70,85.15,0.55816007,0.39885017,0.92554575,0.5620095,0.44622067,0.87447494,0.51896316,0.44606578,0.91765237,0.4677977,0.44112575,0.8889105,0.42084646,0.46700084,0.9045891,0.6052033,0.44623694,0.88508654,0.66011554,0.45661357,0.8155678,0.7072775,0.4774235,0.9272901,0.5581089,0.6032501,0.90138453,0.5423407,0.60320693,0.9120408,0.54612535,0.71826077,0.8461362,0.5461829,0.81791466,0.935053,0.5816235,0.6032476,0.940416,0.5815652,0.723426,0.8827281,0.57773584,0.8177903,0.9491108,0.5504215,0.39359045,0.9492054,0.5737635,0.39366344,0.95375425,0.54631287,0.39388323,0.7320633,0.5817043,0.3988395,0.9446883,0.58173,0.84914464,0.87683326,0.5934531,0.843883,0.7903672,0.5737699,0.8230798,0.7313933,0.5502042,0.84922725,0.8632136,0.5422399,0.8491153,0.79962164,0.5462533,0.828279,0.7835077
2023:03:04:19:56:00,up_90_1t_,24.983022689819336,74.44,76.55,177.69,85.14,0.55816805,0.39883375,0.92494416,0.5620124,0.44622406,0.8745786,0.51896805,0.44605982,0.9178296,0.46779713,0.4411159,0.8915673,0.4208252,0.46696258,0.90336645,0.60519546,0.44623983,0.885894,0.66009647,0.45661366,0.8161819,0.70726144,0.47741267,0.92683196,0.55811447,0.60325074,0.90163624,0.5423431,0.60320157,0.9116868,0.5461343,0.7182914,0.84803176,0.5461751,0.81794167,0.9327399,0.5816286,0.6032573,0.94142085,0.58158886,0.7234142,0.88207674,0.57774246,0.81781363,0.95002836,0.5504307,0.39357442,0.9462629,0.5737718,0.3936499,0.95233774,0.5463186,0.39388162,0.72763455,0.5817114,0.3988419,0.9420477,0.5817685,0.8491562,0.8709197,0.5972496,0.84390885,0.7857845,0.5737642,0.82311237,0.7255433,0.5502394,0.8492395,0.8599923,0.5422722,0.8491434,0.8017568,0.5462284,0.8283168,0.7829803
2023:03:04:19:56:00,up_90_1t_,25.040871620178223,74.44,76.58,177.68,85.15,0.5581695,0.39882988,0.9253433,0.56201684,0.4462305,0.8742846,0.51897705,0.44607115,0.9160034,0.46779713,0.44112098,0.88977784,0.42082655,0.4669348,0.90039915,0.60519445,0.44624698,0.88557965,0.6601032,0.45660794,0.81499344,0.7072638,0.47741264,0.9260961,0.5581244,0.60326153,0.90072984,0.542351,0.60321325,0.91302705,0.5461381,0.7183117,0.84962773,0.5461738,0.817942,0.93244165,0.5816359,0.6032682,0.940003,0.5815967,0.7234216,0.8820689,0.577749,0.81782156,0.9508019,0.550431,0.39357224,0.94679683,0.5737729,0.39364412,0.952159,0.5463212,0.39388642,0.72503746,0.5817159,0.39883697,0.9427069,0.5817718,0.84916437,0.8708811,0.5972552,0.84391695,0.78571296,0.57377094,0.8231209,0.72595906,0.5502484,0.8492387,0.861241,0.54228187,0.84914464,0.8034391,0.54622525,0.8283149,0.7821403
2023:03:04:19:56:00,up_90_1t_,25.1007080078125,74.45,79.44,177.68,85.15,0.55817795,0.39880806,0.9252824,0.5620301,0.44623426,0.8736976,0.51897985,0.4460774,0.9165813,0.4677932,0.44111845,0.8895201,0.42084685,0.46186414,0.8964668,0.60520715,0.4462529,0.88595265,0.6600988,0.4565808,0.8154545,0.70725983,0.47739708,0.92501295,0.55812836,0.60330063,0.89991033,0.5423553,0.6032438,0.91296923,0.546145,0.71838486,0.8519057,0.54617053,0.81798196,0.92591435,0.5816367,0.6033162,0.93967396,0.58159107,0.7234901,0.8860658,0.5777317,0.81785053,0.94726205,0.5504396,0.3935465,0.9437542,0.57378656,0.39362398,0.9522139,0.5463253,0.39386636,0.7265601,0.5817256,0.3988301,0.9415586,0.5817843,0.849183,0.8643935,0.59347737,0.8439123,0.7817073,0.57374555,0.82314795,0.7198639,0.5502741,0.8492595,0.85537726,0.5423107,0.84917974,0.8025584,0.54620904,0.82836705,0.77786976
2023:03:04:19:56:00,up_90_1t_,25.16254234313965,74.43,79.48,177.69,85.13,0.55816823,0.39880788,0.92680657,0.5620235,0.44623864,0.8735386,0.51898295,0.44607434,0.9169853,0.46777156,0.44110802,0.8902013,0.4208534,0.46179348,0.8910005,0.6051921,0.44625646,0.88443106,0.6600747,0.45661166,0.81392807,0.70725167,0.47742406,0.9272245,0.55814314,0.6032965,0.8986419,0.5423698,0.6032353,0.9144745,0.54614,0.71835566,0.8498647,0.54616755,0.8179687,0.92698556,0.5816468,0.6033142,0.9383342,0.5815874,0.72348905,0.8859967,0.57773536,0.8178624,0.94759,0.550434,0.3935413,0.94460785,0.57378346,0.3936271,0.95281446,0.54632616,0.39385632,0.7195362,0.5817256,0.39883542,0.94216526,0.5817824,0.8491882,0.86509085,0.59347546,0.8439229,0.7827417,0.57375526,0.82317424,0.7180735,0.55026406,0.84925234,0.8548072,0.5422954,0.84917045,0.8006029,0.54620874,0.82835716,0.7771997
2023:03:04:19:56:00,up_90_1t_,25.22038745880127,74.43,79.49,177.69,85.16,0.55818003,0.39881453,0.9252936,0.5620259,0.44624233,0.87315935,0.5189725,0.44608554,0.9182039,0.46398902,0.44112384,0.8880382,0.42081377,0.46179804,0.8892963,0.6052045,0.4462549,0.88482153,0.6600809,0.45661217,0.81303716,0.7072591,0.47742978,0.92697394,0.5581459,0.6032857,0.8983519,0.5423706,0.60322577,0.91499555,0.5461409,0.71834195,0.85016364,0.5461686,0.81798005,0.9265883,0.5816487,0.6033037,0.9381417,0.5815873,0.72349,0.88591796,0.5777316,0.8178792,0.94638956,0.5504403,0.39354977,0.9455784,0.57379234,0.39363256,0.9548185,0.54632145,0.39386353,0.74350667,0.5817215,0.398845,0.94345874,0.5817804,0.84920716,0.8655404,0.59346604,0.8439438,0.7827523,0.5737505,0.8231842,0.7157681,0.5502905,0.8492576,0.85326815,0.54232097,0.84918475,0.80388045,0.5462015,0.82837135,0.77685195
2023:03:04:19:56:00,up_90_1t_,25.27823257446289,74.42,79.45,177.69,85.17,0.55818725,0.3988318,0.9243197,0.5620088,0.4462241,0.8749186,0.5189617,0.44605777,0.9210396,0.4677503,0.441104,0.89067173,0.42083153,0.46183705,0.8935793,0.60519105,0.4462358,0.8855379,0.6600659,0.45659372,0.8105855,0.7072596,0.47743344,0.9272782,0.5581371,0.60326695,0.8983948,0.5423619,0.6032083,0.91366935,0.5461351,0.71831775,0.8489372,0.5461648,0.81796885,0.9275063,0.5816426,0.603283,0.9381759,0.5815893,0.72346276,0.8836059,0.5777404,0.8178666,0.9473957,0.5504469,0.39356235,0.9455824,0.57379955,0.39365268,0.9573129,0.54632074,0.39385793,0.75321794,0.58172417,0.3988626,0.9414558,0.5817625,0.8492009,0.8692266,0.5934608,0.84394634,0.7838677,0.5737625,0.8231622,0.72065735,0.55027884,0.8492468,0.8544619,0.54231024,0.8491705,0.8031209,0.54620343,0.8283567,0.77693754
2023:03:04:19:56:00,up_90_1t_,25.340067148208618,74.42,79.43,177.70,85.17,0.55819327,0.39883444,0.92357796,0.5620029,0.44621995,0.87544537,0.5189584,0.44604772,0.92099375,0.46775904,0.4411028,0.8904696,0.4208302,0.46186775,0.8966772,0.6051919,0.44623852,0.88560724,0.6600703,0.4566079,0.8100167,0.70726633,0.47743377,0.9263447,0.5581278,0.6032869,0.8981589,0.54235506,0.6032278,0.9120182,0.546127,0.71832544,0.8475282,0.5461677,0.8179794,0.92743105,0.5816353,0.6033043,0.9382514,0.5815826,0.7234735,0.88321894,0.577747,0.81788194,0.94583607,0.55044955,0.3935646,0.9456778,0.5738024,0.39365423,0.95796204,0.5463179,0.3938603,0.7648207,0.58172005,0.3988649,0.941102,0.5817666,0.84921527,0.86970174,0.59347224,0.84396535,0.78408754,0.57377166,0.823182,0.7192393,0.5502788,0.8492571,0.85345316,0.54230887,0.84918314,0.80330735,0.5462102,0.8283736,0.777264
2023:03:04:19:56:00,up_90_1t_,25.401902437210083,74.41,76.61,177.71,89.73,0.56195146,0.3988403,0.9224547,0.561984,0.44621614,0.8754126,0.51894677,0.44604355,0.92314166,0.46775576,0.44110936,0.89040565,0.42082158,0.46688098,0.8971479,0.60518503,0.44624177,0.8854326,0.66005385,0.45659325,0.81184,0.70724034,0.47742587,0.9280489,0.5581415,0.6032839,0.89594555,0.54236263,0.6032231,0.91219765,0.54612833,0.7182849,0.8469225,0.5461679,0.8179562,0.9300388,0.5816436,0.6032999,0.93641937,0.581579,0.7234427,0.880349,0.57775545,0.8178573,0.9462308,0.55045474,0.39357063,0.9468034,0.57380545,0.39365014,0.95844734,0.5463165,0.39386654,0.78345674,0.5817139,0.39884853,0.9426395,0.5817381,0.849198,0.87613046,0.5934504,0.8439509,0.7861917,0.57378376,0.8231525,0.7220597,0.55024666,0.8492606,0.858493,0.54227936,0.8491698,0.8023264,0.54622495,0.8283397,0.78045154
2023:03:04:19:56:00,up_90_1t_,25.459747076034546,74.41,76.60,177.71,85.20,0.5581881,0.39883918,0.9229928,0.5619726,0.44620973,0.8756419,0.5189371,0.4460341,0.9249222,0.46397468,0.44112507,0.89035416,0.4208086,0.4668917,0.89746875,0.6051844,0.4462362,0.8866796,0.66005874,0.45663977,0.8109164,0.70723945,0.47742006,0.9270977,0.55812883,0.6033144,0.8964413,0.5423496,0.6032556,0.9110683,0.5461225,0.7183201,0.8467618,0.5461618,0.81795377,0.9295965,0.58163434,0.6033271,0.9367144,0.5815697,0.7234752,0.88114214,0.5777435,0.81785434,0.945171,0.55043936,0.39357567,0.94891,0.57378364,0.39365187,0.9570574,0.5463092,0.39386418,0.77819836,0.58169836,0.3988321,0.94538933,0.5817487,0.8491927,0.8701648,0.59345454,0.8439423,0.78374326,0.5737671,0.8231517,0.7193648,0.5502502,0.8492513,0.8568399,0.54227984,0.84916466,0.80201864,0.546209,0.82834005,0.77951515
2023:03:04:19:56:00,up_90_1t_,25.517592668533325,74.40,76.61,177.70,85.23,0.5581805,0.39882204,0.9235581,0.56194633,0.44619706,0.8774896,0.5189281,0.44602603,0.9252712,0.463964,0.44111192,0.89273286,0.42079723,0.4668827,0.89658624,0.6051584,0.44621623,0.8879515,0.6562453,0.46168074,0.8114364,0.7072213,0.47741625,0.92650163,0.5581227,0.60333896,0.8968679,0.54233927,0.60328925,0.90957713,0.54611295,0.7183392,0.8468514,0.5461633,0.8179447,0.9303571,0.58163327,0.6033403,0.9368516,0.58157355,0.7234765,0.881992,0.57774454,0.81783676,0.9463081,0.5504321,0.3935614,0.9485562,0.5737687,0.39363658,0.9541813,0.54630244,0.39385805,0.7859467,0.58167976,0.39881718,0.9456293,0.5817463,0.8491912,0.86949384,0.59346104,0.84393483,0.78216684,0.57376134,0.8231286,0.72116137,0.5502474,0.8492607,0.86326295,0.54227793,0.84917116,0.80720556,0.54620963,0.82832277,0.78055006
2023:03:04:19:56:00,up_90_1t_,25.57743239402771,73.01,77.96,177.71,89.74,0.55818594,0.39883533,0.9222311,0.5581897,0.44619387,0.8777154,0.51890385,0.44601673,0.92814606,0.46392807,0.44111905,0.89321655,0.42077604,0.4668942,0.89465976,0.6051576,0.44618845,0.89014363,0.6562395,0.46169725,0.81220174,0.7072251,0.4774194,0.9261043,0.5581202,0.60334915,0.8963259,0.54233533,0.60330296,0.9084898,0.5461026,0.71832275,0.84461343,0.5461608,0.81794626,0.93105507,0.5816329,0.6033464,0.9367881,0.58157283,0.7234595,0.87919277,0.5777553,0.8178404,0.9465811,0.550432,0.39357403,0.95020556,0.5737672,0.39364693,0.95466554,0.54629546,0.39386702,0.803028,0.5816738,0.39882207,0.9444994,0.5817701,0.8491864,0.8674217,0.59725904,0.84394425,0.78073865,0.5737731,0.823143,0.71993345,0.5502602,0.8492651,0.8604877,0.5422871,0.84918135,0.80680585,0.5462071,0.82832915,0.7825905
2023:03:04:19:56:00,up_90_1t_,25.637272834777832,73.00,77.96,177.72,94.29,0.56193745,0.39885622,0.9208996,0.55818313,0.44617796,0.878625,0.5188996,0.44601244,0.929386,0.4639276,0.44113913,0.8909971,0.42078,0.4668879,0.8948586,0.60515964,0.44616407,0.8917068,0.6562316,0.46167642,0.8121598,0.70722604,0.47741222,0.926161,0.5581152,0.60333645,0.89599305,0.5423367,0.603291,0.9077997,0.5461078,0.7182748,0.8445583,0.54616576,0.8179386,0.9330018,0.5816239,0.6033338,0.93615186,0.58156,0.7234358,0.87663007,0.5777553,0.81784856,0.9465246,0.5504348,0.39359063,0.95098525,0.5737674,0.39366078,0.9558548,0.54629195,0.39388338,0.81840366,0.581672,0.39882377,0.943112,0.5817654,0.84919864,0.8679201,0.59725565,0.8439579,0.7806287,0.57377756,0.8231617,0.7173387,0.55027914,0.84926087,0.86231744,0.5423035,0.84917945,0.81087935,0.5462077,0.82832277,0.78275204
2023:03:04:19:56:01,up_90_1t_,25.695117712020874,73.01,77.97,177.72,89.77,0.55819017,0.3988555,0.92162114,0.558182,0.44617978,0.87883776,0.5188993,0.44601497,0.92916834,0.46392512,0.44113356,0.8925239,0.42078057,0.46688855,0.8963865,0.605161,0.44616145,0.89199954,0.6562402,0.45665038,0.8118826,0.7072212,0.47740185,0.924878,0.5581144,0.60334134,0.8960284,0.5423299,0.6032968,0.90644956,0.546111,0.7182975,0.8453585,0.54616606,0.8179385,0.9334002,0.58162796,0.60333824,0.9363184,0.58157116,0.7234609,0.8785676,0.5777613,0.8178668,0.9467975,0.55043155,0.39359552,0.9523505,0.5737646,0.39366567,0.95647466,0.5462903,0.3938898,0.8188728,0.58167297,0.39882666,0.94334614,0.58176184,0.8492146,0.8688095,0.59724903,0.84398705,0.78169507,0.5737878,0.82318145,0.71950924,0.55026793,0.8492629,0.8648039,0.5422914,0.8491764,0.81224644,0.54621154,0.8283209,0.78349036
2023:03:04:19:56:01,up_90_1t_,25.752962827682495,73.00,77.96,177.72,89.76,0.5581693,0.39886737,0.92295545,0.5581676,0.44617993,0.8799009,0.51889193,0.44601178,0.9293224,0.46391925,0.4411362,0.8920867,0.42077282,0.46690065,0.8966629,0.6051492,0.44615987,0.8913837,0.6562234,0.46169993,0.8117278,0.7072225,0.47740245,0.9269523,0.5581123,0.60334605,0.89436376,0.5423305,0.60330474,0.90557647,0.54610366,0.7182808,0.8436173,0.5461596,0.8179241,0.9311732,0.58162135,0.6033357,0.93580186,0.5815615,0.72346145,0.87785614,0.57776207,0.8178492,0.9469799,0.55041665,0.39360496,0.95369935,0.5737486,0.3936791,0.9552787,0.5462847,0.39388564,0.8054618,0.58166224,0.39883122,0.9434545,0.5817423,0.8491862,0.86482453,0.5934594,0.8439396,0.77891386,0.57379144,0.82315284,0.72609544,0.5502342,0.8492403,0.86448395,0.54226214,0.8491443,0.80569226,0.5462181,0.82829326,0.78105193
2023:03:04:19:56:01,up_90_1t_,25.81479811668396,73.00,77.96,177.72,89.74,0.5581492,0.39886388,0.92493355,0.55816513,0.44618288,0.87992465,0.51889277,0.44601575,0.92812085,0.46393028,0.4411439,0.8907745,0.4207779,0.46691647,0.89839333,0.6051412,0.4461594,0.89093554,0.65622294,0.4616889,0.81140524,0.70721513,0.47740117,0.92801094,0.55812275,0.60334563,0.89316416,0.5423306,0.6033052,0.9042298,0.5461087,0.7182909,0.8444151,0.5461669,0.81792223,0.93148077,0.5816334,0.60333514,0.93490744,0.5815703,0.72348434,0.880163,0.5777632,0.8178571,0.9463185,0.5504056,0.3936036,0.95450693,0.57373106,0.39368185,0.953606,0.546282,0.3938844,0.798656,0.5816421,0.39883673,0.944591,0.5817485,0.84919614,0.86704266,0.59346795,0.84395343,0.78155994,0.57379514,0.82316047,0.72627556,0.55024034,0.8492531,0.8636235,0.54226774,0.84915465,0.8063537,0.5462253,0.82829195,0.78085077
2023:03:04:19:56:01,up_90_1t_,25.87663245201111,72.99,77.94,177.71,89.72,0.55813944,0.39886424,0.9262165,0.55815434,0.44617206,0.88126105,0.51888525,0.4459918,0.9291229,0.4638977,0.4411491,0.89030737,0.42073873,0.46694311,0.8988315,0.60513324,0.4461564,0.88966954,0.6562255,0.46167248,0.8108716,0.7072108,0.47741517,0.9291568,0.5581198,0.6033419,0.89185244,0.5423227,0.60329926,0.90119326,0.5461018,0.7183001,0.8418288,0.54616696,0.81795365,0.9279793,0.58163613,0.60333383,0.9341063,0.58157647,0.723498,0.8816209,0.57775706,0.817882,0.94573283,0.55039895,0.39360225,0.95551,0.57372475,0.39368376,0.95358574,0.5462808,0.39387769,0.78790545,0.58163774,0.3988356,0.94244915,0.5817627,0.84921664,0.86533296,0.59346867,0.84397244,0.7807084,0.5737849,0.82318914,0.72364545,0.550264,0.84927225,0.85577637,0.5422952,0.84918725,0.80312735,0.5462204,0.82834375,0.77752066
2023:03:04:19:56:01,up_90_1t_,25.93447732925415,72.99,77.95,177.73,89.75,0.5581331,0.39885584,0.92689735,0.5581216,0.44617763,0.88340193,0.5188654,0.44599625,0.92933476,0.46388432,0.44598067,0.8882453,0.42072737,0.46693906,0.8981332,0.60511005,0.44614777,0.88657683,0.65627056,0.45658863,0.8119613,0.707215,0.47739157,0.9254748,0.5581213,0.6033246,0.88984466,0.5423241,0.6032761,0.89974856,0.5460931,0.71827334,0.8386429,0.5461601,0.81795055,0.9254321,0.5816397,0.6033229,0.9316633,0.581559,0.7234903,0.8778496,0.57775664,0.81788707,0.943476,0.5503992,0.3935947,0.955104,0.57371575,0.39368257,0.9526664,0.54627943,0.39387554,0.79843247,0.5816169,0.39885,0.939952,0.5817185,0.8492241,0.8601424,0.59342736,0.8439994,0.77634215,0.5737929,0.8231961,0.725836,0.55022407,0.8492596,0.862555,0.54225487,0.8491597,0.8028486,0.5462318,0.8283476,0.77210885
2023:03:04:19:56:01,up_90_1t_,25.99323081970215,72.99,77.96,177.71,89.75,0.55812347,0.39885703,0.9273693,0.55811226,0.44616404,0.884504,0.51886433,0.44598097,0.9306462,0.46387348,0.4459752,0.8877699,0.42072183,0.46691957,0.8962645,0.6050875,0.44613874,0.8857099,0.6562483,0.45660865,0.8119347,0.7072247,0.47738168,0.9234385,0.55811924,0.60330766,0.89132255,0.54232603,0.6032627,0.90063214,0.54609895,0.7182667,0.8386238,0.54616463,0.81794864,0.9260118,0.58163655,0.60330546,0.9323552,0.58157194,0.7234806,0.8765924,0.57775086,0.81787795,0.9433492,0.5503951,0.39359587,0.9549066,0.57370657,0.3936849,0.95124274,0.5462815,0.3938671,0.7881979,0.58161104,0.3988469,0.9395198,0.5817202,0.84921306,0.8592884,0.59342426,0.8439845,0.7750097,0.5737825,0.8231752,0.7241613,0.5502504,0.8492535,0.85939324,0.54228055,0.84916365,0.80469745,0.5462244,0.82833916,0.7725869
2023:03:04:19:56:01,up_90_1t_,26.05706000328064,72.99,77.96,177.71,89.71,0.55809945,0.39885828,0.93018866,0.55813175,0.44616726,0.8833743,0.5188819,0.4459922,0.92954886,0.46389303,0.4460033,0.8834852,0.42074555,0.46691453,0.89730227,0.6050961,0.44613084,0.8877313,0.6562583,0.45657408,0.81463176,0.7072313,0.47737724,0.9247639,0.5581289,0.6033192,0.8913707,0.54232824,0.6032746,0.90080345,0.5461067,0.71828896,0.8409921,0.5461632,0.8179355,0.9261812,0.5816486,0.6033188,0.93272054,0.5815695,0.7234956,0.87861073,0.5777406,0.81786466,0.9444587,0.5503777,0.39360052,0.95642483,0.57368916,0.39368665,0.94951874,0.5462763,0.39386857,0.75972366,0.58160925,0.39884114,0.9400789,0.5817388,0.84918314,0.8537673,0.59343064,0.84394294,0.773442,0.5737642,0.82316184,0.72404337,0.55025035,0.8492385,0.85980666,0.5422804,0.84914577,0.8059605,0.546215,0.82832146,0.7750054
2023:03:04:19:56:01,up_90_1t_,26.118894815444946,73.00,77.96,177.71,89.70,0.5580984,0.39885506,0.93014956,0.5581267,0.4461612,0.88420045,0.5188761,0.44597968,0.93107367,0.46388367,0.44600636,0.88430095,0.42074648,0.46690297,0.8957383,0.6050958,0.44613716,0.8875409,0.6600458,0.45652878,0.8168395,0.7072472,0.4773776,0.92429644,0.55811924,0.6033346,0.89155304,0.54231405,0.60329014,0.89872134,0.5461075,0.7183103,0.84179497,0.5461686,0.8179341,0.92589253,0.581644,0.60333294,0.9326273,0.58156794,0.72350746,0.8791428,0.5777388,0.8178621,0.94362825,0.5503781,0.3935965,0.9559864,0.5736878,0.39368373,0.9491061,0.5462747,0.39386132,0.76101255,0.58160627,0.39883673,0.93949705,0.5817511,0.84918123,0.85463893,0.593444,0.8439355,0.77458656,0.57376224,0.823154,0.7251466,0.5502575,0.849232,0.852994,0.5422917,0.8491423,0.8012978,0.5462196,0.82831675,0.7744554
2023:03:04:19:56:01,up_90_1t_,26.178734302520752,72.99,77.96,177.72,89.67,0.5580762,0.3988352,0.9325542,0.5581204,0.4461642,0.8849016,0.5188721,0.44597816,0.93172777,0.46389613,0.44600517,0.8833875,0.42075616,0.4669062,0.8965945,0.60509205,0.44614464,0.8872745,0.6562561,0.45657045,0.8162996,0.7072373,0.4773902,0.9249774,0.5581195,0.60335046,0.8920168,0.54231286,0.60330683,0.8998821,0.5461053,0.71831596,0.8411418,0.54617167,0.8179371,0.92659163,0.58164567,0.6033498,0.93343747,0.5815586,0.723509,0.8788407,0.5777408,0.81787306,0.9423338,0.55036503,0.39357817,0.95588017,0.5736708,0.39366525,0.9457876,0.5462707,0.39384583,0.7469852,0.5815981,0.39882243,0.9433747,0.5817348,0.84919363,0.8593919,0.59343046,0.84395885,0.7779259,0.57377356,0.823172,0.7244223,0.55023843,0.84924304,0.85611945,0.5422715,0.84914577,0.800635,0.5462335,0.82832295,0.7749052
2023:03:04:19:56:01,up_90_1t_,26.23658013343811,73.00,77.94,177.73,89.63,0.5580383,0.39882505,0.9354889,0.55812013,0.44614786,0.8865096,0.51887316,0.4459648,0.9306259,0.46389976,0.44597435,0.8872525,0.42073447,0.4669168,0.8972532,0.60508543,0.44613788,0.8872396,0.6562684,0.45650235,0.818384,0.7072501,0.4773886,0.9281706,0.5581024,0.6033581,0.8912264,0.5422993,0.6033144,0.89754605,0.54610324,0.7183251,0.84209275,0.5461641,0.81793463,0.9254108,0.5816301,0.60335296,0.9321271,0.58154213,0.7235269,0.8804693,0.577738,0.81786954,0.9419135,0.55034626,0.39356753,0.95703906,0.5736437,0.39366177,0.9410252,0.5462705,0.3938434,0.7016429,0.58158886,0.39882383,0.9449233,0.58173025,0.8491911,0.8538552,0.5934288,0.8439529,0.7729413,0.57376826,0.82317,0.72345054,0.5502293,0.8492355,0.85950917,0.5422588,0.84913856,0.80232084,0.54622245,0.8283241,0.7728863
2023:03:04:19:56:01,up_90_1t_,26.297964334487915,72.99,77.94,177.73,89.62,0.5580215,0.39882255,0.93606883,0.5581159,0.44614553,0.8871136,0.5188749,0.44596478,0.9308335,0.4639052,0.44597515,0.8870869,0.42073277,0.4669237,0.89900935,0.6050831,0.4461325,0.8875342,0.6562793,0.45647734,0.81962496,0.7072506,0.47738937,0.9293109,0.55810124,0.60334903,0.8912386,0.5422987,0.6033045,0.8975607,0.54609895,0.7183226,0.8409701,0.5461684,0.817933,0.92582774,0.5816303,0.60334605,0.9319774,0.5815425,0.7235263,0.8805412,0.5777394,0.8178665,0.94231147,0.55033845,0.39356315,0.95768976,0.5736281,0.39366052,0.9390302,0.5462678,0.39384198,0.68620074,0.58158344,0.39882588,0.94676566,0.5817306,0.8491898,0.8543583,0.5934313,0.8439488,0.7732076,0.57377154,0.82316595,0.72449726,0.5502339,0.84923905,0.8596448,0.54226595,0.84914374,0.80379546,0.5462275,0.82832164,0.77349675
2023:03:04:19:56:01,up_90_1t_,26.361793518066406,73.00,77.93,177.74,85.12,0.55429524,0.39879376,0.9404803,0.55811495,0.44616142,0.8873889,0.5188825,0.4459768,0.92902815,0.4639173,0.4459826,0.88628113,0.42074522,0.46695453,0.9008269,0.60507697,0.44614944,0.88685167,0.6562596,0.45649463,0.8213934,0.7072542,0.4773955,0.9333901,0.5581012,0.60335064,0.8920721,0.54230124,0.60330814,0.898914,0.54609627,0.7183117,0.84084386,0.54616594,0.81793773,0.92578495,0.5816267,0.60334754,0.9327256,0.5815385,0.7235068,0.87894994,0.57773846,0.81785876,0.94213283,0.5503202,0.39354193,0.9578952,0.56990045,0.3936448,0.93493736,0.5462648,0.3938392,0.63946855,0.5815643,0.39882436,0.9493722,0.5817506,0.8491794,0.85563356,0.59345347,0.8439305,0.7743691,0.57376707,0.82316387,0.7221712,0.5502466,0.8492424,0.8564822,0.54227734,0.8491552,0.80287236,0.54622215,0.82832813,0.77488846
2023:03:04:19:56:01,up_90_1t_,26.419638872146606,73.00,77.93,177.74,85.12,0.5542858,0.39878508,0.94181556,0.55811226,0.44616225,0.88762236,0.51888597,0.44598067,0.9281549,0.46392798,0.44599372,0.8859397,0.42075345,0.4669496,0.9003921,0.6050678,0.44615024,0.8858414,0.6562496,0.45645958,0.8248275,0.70725644,0.4773984,0.9366516,0.55809885,0.60335106,0.89175475,0.54229724,0.6033079,0.89845663,0.54609776,0.71830446,0.840801,0.5461644,0.8179399,0.92482543,0.5816252,0.6033503,0.9322961,0.5815364,0.72350055,0.87798774,0.57773924,0.81785864,0.94224596,0.5503167,0.3935329,0.95729756,0.5698916,0.39363953,0.93413126,0.54626614,0.3938326,0.62860584,0.58155906,0.39882568,0.9508873,0.5817595,0.84917504,0.85169053,0.5934581,0.8439244,0.77131885,0.57376444,0.82316256,0.72068745,0.5502666,0.84923863,0.85411966,0.54229724,0.8491584,0.8038778,0.54621345,0.8283329,0.7735266
2023:03:04:19:56:01,up_90_1t_,26.477483987808228,73.02,77.94,177.74,85.12,0.5542889,0.39877522,0.942333,0.55811673,0.44617334,0.88727117,0.5188857,0.44599104,0.92629397,0.46393102,0.44598788,0.8858514,0.42073724,0.46695843,0.9010214,0.6050731,0.44615933,0.8856622,0.6562499,0.45144212,0.82591987,0.70725363,0.47737715,0.934904,0.5581041,0.6033533,0.8916407,0.5423049,0.60331357,0.89981735,0.5461011,0.7183116,0.84114295,0.5461604,0.81793714,0.9236352,0.58162576,0.60335004,0.9323838,0.58153975,0.72351366,0.87950003,0.57774395,0.81787556,0.94264287,0.55031884,0.39352822,0.957232,0.56989264,0.39363143,0.93392396,0.5462686,0.39384407,0.6270169,0.5815578,0.39882421,0.94934195,0.58174706,0.8491959,0.8540491,0.59344435,0.8439578,0.7739027,0.5737738,0.82318187,0.7216472,0.5502453,0.8492373,0.85387397,0.54227585,0.8491474,0.7999139,0.54621583,0.8283278,0.7707646
2023:03:04:19:56:01,up_90_1t_,26.539318799972534,73.02,77.94,177.74,85.12,0.5542889,0.39877522,0.942333,0.55811673,0.44617334,0.88727117,0.5188857,0.44599104,0.92629397,0.46393102,0.44598788,0.8858514,0.42073724,0.46695843,0.9010214,0.6050731,0.44615933,0.8856622,0.6562499,0.45144212,0.82591987,0.70725363,0.47737715,0.934904,0.5581041,0.6033533,0.8916407,0.5423049,0.60331357,0.89981735,0.5461011,0.7183116,0.84114295,0.5461604,0.81793714,0.9236352,0.58162576,0.60335004,0.9323838,0.58153975,0.72351366,0.87950003,0.57774395,0.81787556,0.94264287,0.55031884,0.39352822,0.957232,0.56989264,0.39363143,0.93392396,0.5462686,0.39384407,0.6270169,0.5815578,0.39882421,0.94934195,0.58174706,0.8491959,0.8540491,0.59344435,0.8439578,0.7739027,0.5737738,0.82318187,0.7216472,0.5502453,0.8492373,0.85387397,0.54227585,0.8491474,0.7999139,0.54621583,0.8283278,0.7707646
2023:03:04:19:56:01,up_90_1t_,26.603147983551025,73.01,77.93,177.73,85.11,0.5542878,0.39874974,0.9436261,0.55811614,0.4461689,0.8878536,0.5188768,0.44598082,0.9282257,0.4639371,0.446018,0.88173807,0.42074695,0.46696272,0.89973104,0.6050805,0.44616768,0.8860165,0.6562528,0.45142695,0.8273534,0.70724285,0.47738084,0.93232775,0.5581128,0.60336626,0.8901125,0.5423013,0.60332644,0.89816415,0.54610115,0.71835434,0.84146816,0.5461608,0.81794745,0.9237467,0.5816393,0.60336155,0.93133706,0.58154166,0.7235531,0.88362396,0.57773054,0.8178767,0.94191,0.5503202,0.39350653,0.9553069,0.5698941,0.3936124,0.9331419,0.5462688,0.39383748,0.62643003,0.58155483,0.39881825,0.9485022,0.58175373,0.8491956,0.8549755,0.5934413,0.8439493,0.7748757,0.5737516,0.8231819,0.7185945,0.5502587,0.8492432,0.85307944,0.54228866,0.84915966,0.8020735,0.54620445,0.82833934,0.77261984
2023:03:04:19:56:02,up_90_1t_,26.66298747062683,73.01,77.92,177.73,85.12,0.55430174,0.39875287,0.9422017,0.55812204,0.44616565,0.88712335,0.51887584,0.44597724,0.9288366,0.46393418,0.44601625,0.88168746,0.4207339,0.46697855,0.9004216,0.60508794,0.4461638,0.88680243,0.6562752,0.4514224,0.8263652,0.7072471,0.47738078,0.9305956,0.5581219,0.6033647,0.89010066,0.54230994,0.6033239,0.89992636,0.5461054,0.7183506,0.8409792,0.5461652,0.8179433,0.9226908,0.5816479,0.60336196,0.9311836,0.58155173,0.72355664,0.88259554,0.5777312,0.8178762,0.940723,0.55032676,0.39351058,0.95545256,0.5699096,0.3936129,0.9338169,0.54627067,0.39383727,0.64682686,0.5815618,0.39881578,0.9471919,0.5817447,0.84919643,0.8525889,0.5934351,0.84395933,0.7744246,0.57375765,0.82317716,0.71975714,0.5502448,0.8492419,0.85420173,0.54227513,0.8491505,0.8001815,0.5462189,0.82833225,0.77010727
2023:03:04:19:56:02,up_90_1t_,26.72083282470703,73.01,77.92,177.74,85.07,0.5542606,0.39874455,0.9472045,0.5581185,0.44617397,0.8876135,0.51887965,0.4459837,0.9287032,0.46393672,0.4460159,0.883743,0.42073664,0.46699035,0.90081406,0.60508484,0.44617996,0.88601327,0.6562701,0.45144367,0.825319,0.7072427,0.47738782,0.93240213,0.55811733,0.6033539,0.8904997,0.5423021,0.60331315,0.8996968,0.54609567,0.71832615,0.8387282,0.5461696,0.81794643,0.9234331,0.58164537,0.60335356,0.9310918,0.58154166,0.72353584,0.88213587,0.5777292,0.81788164,0.9400012,0.55030364,0.393504,0.95687705,0.56986225,0.39360762,0.9311041,0.5462583,0.3938435,0.59864664,0.58154476,0.39881283,0.95093393,0.5817324,0.84920335,0.85362417,0.5934239,0.8439738,0.7744874,0.57375616,0.82318646,0.71874005,0.5502414,0.8492481,0.85611033,0.542272,0.8491565,0.8019813,0.54622555,0.828343,0.770263
2023:03:04:19:56:02,up_90_1t_,26.782668113708496,73.01,77.91,177.74,85.06,0.5542441,0.39874768,0.95019287,0.5581183,0.4461706,0.88790345,0.51887894,0.44598284,0.9299454,0.46394125,0.44602564,0.88178384,0.42074513,0.46701136,0.9018601,0.60508794,0.4461661,0.886605,0.66005594,0.45138606,0.82951134,0.70724815,0.47737667,0.9319802,0.55812013,0.6033605,0.8888658,0.5423029,0.6033218,0.89900506,0.546098,0.7183397,0.83951163,0.5461649,0.8179487,0.9233165,0.58164877,0.60335624,0.92922384,0.58154017,0.7235475,0.8820565,0.5777291,0.8178808,0.9403124,0.550295,0.39350882,0.96019506,0.5698422,0.39361173,0.93132424,0.54625297,0.39383668,0.5774902,0.5815395,0.39880842,0.9528218,0.5817356,0.8492066,0.8564753,0.5934266,0.84397346,0.77626604,0.57375765,0.82318634,0.7191523,0.5502557,0.8492471,0.8531261,0.54228497,0.84916407,0.8006605,0.5462191,0.8283438,0.76962286
2023:03:04:19:56:02,up_90_1t_,26.844502925872803,73.01,77.90,177.72,85.02,0.55422205,0.39873827,0.95407194,0.558126,0.4461649,0.8875613,0.51888365,0.44597644,0.93104976,0.4639297,0.44603452,0.8815005,0.42072952,0.46700668,0.90176654,0.6050931,0.44617105,0.8870906,0.660051,0.45141912,0.82573897,0.70724875,0.4773832,0.9338039,0.5581179,0.60334796,0.88890207,0.54230505,0.6033079,0.90001225,0.5460936,0.7183286,0.83770794,0.5461628,0.81793994,0.9228411,0.5816431,0.6033441,0.9294119,0.5815481,0.72354376,0.882776,0.5777224,0.81786996,0.9406633,0.5502849,0.3934994,0.9611851,0.5698182,0.39360577,0.93009204,0.5462498,0.3938164,0.53863513,0.58153766,0.39880407,0.9565575,0.58173627,0.84921384,0.8573842,0.59343654,0.8439742,0.77638996,0.5737436,0.82316965,0.71636236,0.5502689,0.84924436,0.85191387,0.5422923,0.8491621,0.8019384,0.5462061,0.82833725,0.7667111
2023:03:04:19:56:02,up_90_1t_,26.903897047042847,73.01,77.91,177.72,85.02,0.5542187,0.3987433,0.9545626,0.55812645,0.4461503,0.8882173,0.5188824,0.44596526,0.93110365,0.46393877,0.44602865,0.8815982,0.42073604,0.4669784,0.9014758,0.6050936,0.44615972,0.88751256,0.6600594,0.4513919,0.8276433,0.7072456,0.4773674,0.93254685,0.5581244,0.6033332,0.8885019,0.5423067,0.6032905,0.90050703,0.5460941,0.718318,0.8363147,0.54616356,0.81793934,0.9231471,0.5816517,0.6033336,0.9287092,0.5815499,0.7235392,0.8825629,0.5777214,0.81786525,0.94139904,0.5502839,0.39350665,0.96204567,0.56981254,0.3936121,0.9305841,0.5462507,0.3938167,0.52864885,0.5815369,0.39880517,0.9561505,0.58173335,0.8492084,0.85749644,0.59343135,0.84396386,0.7754798,0.57373893,0.82315975,0.7160357,0.5502747,0.84924215,0.8511872,0.54230046,0.8491623,0.80211693,0.54620254,0.82833153,0.76771116
2023:03:04:19:56:02,up_90_1t_,26.961742639541626,73.00,77.91,177.74,85.06,0.5542476,0.3987266,0.95155096,0.5581121,0.44615343,0.8896525,0.51887447,0.4459638,0.93343055,0.4639191,0.44605023,0.88142294,0.42073208,0.46699244,0.90083164,0.6050864,0.44615215,0.88891286,0.6562549,0.4513727,0.8290623,0.70720506,0.47737068,0.93524224,0.5581198,0.6033184,0.88912636,0.54230297,0.6032786,0.8999269,0.5460788,0.71829635,0.83273005,0.5461669,0.81793475,0.9230977,0.5816487,0.60331446,0.9277909,0.5815453,0.72351915,0.8804935,0.57773703,0.8178627,0.9410785,0.5502977,0.39349118,0.9603576,0.56984454,0.39359242,0.9307145,0.5462551,0.39382917,0.59378386,0.5815321,0.39879158,0.9541732,0.58173597,0.8491991,0.85835636,0.5934521,0.8439562,0.7766432,0.5737637,0.82316345,0.7189005,0.5502543,0.8492487,0.8546845,0.5422778,0.84915817,0.80264574,0.5462225,0.82833004,0.7665457
2023:03:04:19:56:02,up_90_1t_,27.025129318237305,73.00,75.25,177.74,78.06,0.5542435,0.3987138,0.9519336,0.5581155,0.44615057,0.8895964,0.5188776,0.44114292,0.9335166,0.463921,0.44604534,0.8819273,0.42073372,0.4669785,0.90109146,0.60508895,0.44615468,0.8891184,0.65625083,0.45140088,0.82658064,0.70719963,0.47737426,0.9369993,0.5581198,0.60331434,0.8897612,0.5423023,0.6032748,0.90109503,0.5460676,0.7182762,0.8308854,0.54617006,0.8179195,0.9248086,0.581647,0.6033108,0.92842144,0.58154494,0.7235173,0.8808846,0.57774013,0.81786364,0.9410336,0.5502962,0.3934769,0.9586595,0.56984025,0.39358103,0.9294702,0.5462537,0.3938214,0.5910356,0.5815301,0.3987862,0.9553959,0.58173317,0.8492034,0.86063415,0.59345806,0.8439651,0.77899337,0.5737733,0.8231703,0.7199237,0.55024976,0.84923935,0.8555298,0.5422713,0.84914607,0.8027011,0.5462309,0.82830995,0.7666267
2023:03:04:19:56:02,up_90_1t_,27.088958263397217,72.98,75.26,177.75,78.05,0.5542418,0.3987256,0.9510617,0.55812234,0.44615212,0.8878062,0.5188732,0.44114023,0.93304837,0.46392632,0.44606465,0.87920535,0.4207492,0.46696523,0.90814936,0.6051071,0.44616047,0.88808763,0.6600507,0.45145053,0.8189841,0.70719767,0.47738487,0.9393282,0.5581491,0.60330576,0.88481396,0.54231715,0.603257,0.9038607,0.5424433,0.71821725,0.82122654,0.5461613,0.8178619,0.92444855,0.58167493,0.6033099,0.9224583,0.5815467,0.7235346,0.88280594,0.57773525,0.8178377,0.9395649,0.55029386,0.39348733,0.9580039,0.5698387,0.3935933,0.93076354,0.54625094,0.39381963,0.5768311,0.5815334,0.3987889,0.9535106,0.5817058,0.8491947,0.8625586,0.59345263,0.84395856,0.78061265,0.5737738,0.8231317,0.7232089,0.550198,0.8492041,0.8563867,0.5422177,0.8490826,0.7941072,0.5462389,0.8282244,0.7657886
2023:03:04:19:56:02,up_90_1t_,27.146804332733154,72.98,75.26,177.75,78.05,0.5542418,0.3987256,0.9510617,0.55812234,0.44615212,0.8878062,0.5188732,0.44114023,0.93304837,0.46392632,0.44606465,0.87920535,0.4207492,0.46696523,0.90814936,0.6051071,0.44616047,0.88808763,0.6600507,0.45145053,0.8189841,0.70719767,0.47738487,0.9393282,0.5581491,0.60330576,0.88481396,0.54231715,0.603257,0.9038607,0.5424433,0.71821725,0.82122654,0.5461613,0.8178619,0.92444855,0.58167493,0.6033099,0.9224583,0.5815467,0.7235346,0.88280594,0.57773525,0.8178377,0.9395649,0.55029386,0.39348733,0.9580039,0.5698387,0.3935933,0.93076354,0.54625094,0.39381963,0.5768311,0.5815334,0.3987889,0.9535106,0.5817058,0.8491947,0.8625586,0.59345263,0.84395856,0.78061265,0.5737738,0.8231317,0.7232089,0.550198,0.8492041,0.8563867,0.5422177,0.8490826,0.7941072,0.5462389,0.8282244,0.7657886
2023:03:04:19:56:02,up_90_1t_,27.204649448394775,72.99,75.26,177.78,78.04,0.5542467,0.39873195,0.95070964,0.55811757,0.44615132,0.88752466,0.5188687,0.44113138,0.935076,0.46391085,0.4460457,0.8815006,0.42073974,0.46696872,0.9074811,0.60511106,0.44616038,0.88744324,0.66004986,0.45647368,0.8184138,0.7071815,0.47738045,0.9410204,0.5581379,0.6033085,0.885545,0.5423092,0.60325825,0.90445113,0.5424111,0.71818674,0.8186595,0.5461624,0.81780326,0.92678463,0.5816634,0.60331446,0.9226763,0.5815105,0.7235547,0.8843555,0.5777381,0.81780744,0.9374269,0.55029404,0.3934945,0.9600804,0.56984496,0.393598,0.9319539,0.54624856,0.39382258,0.58706623,0.58153874,0.39879015,0.95514965,0.58164847,0.8491689,0.865091,0.5934142,0.84394205,0.7813097,0.57379985,0.82309705,0.729828,0.5501345,0.84916514,0.8652112,0.5384503,0.84901047,0.7931129,0.5462757,0.82319367,0.7677727
2023:03:04:19:56:02,up_90_1t_,27.26807689666748,72.98,75.25,177.80,78.04,0.554244,0.398729,0.9511438,0.558109,0.44613993,0.8879744,0.51886666,0.44111562,0.93688536,0.4639094,0.4460253,0.88448226,0.42074144,0.4669525,0.9064169,0.6051067,0.44615188,0.8872654,0.6600628,0.45649526,0.81997657,0.70718074,0.47738925,0.94450784,0.5581187,0.603284,0.8861345,0.542302,0.6032299,0.90366626,0.54241186,0.71314013,0.82198495,0.54616386,0.8177932,0.9275769,0.58164036,0.6032925,0.92340815,0.5814838,0.72354263,0.8843646,0.5777458,0.8178012,0.9378063,0.55029106,0.39349213,0.96024257,0.5698422,0.39359653,0.93167967,0.5462407,0.39382094,0.59574306,0.58153546,0.3987887,0.9551203,0.58164275,0.8491693,0.86818564,0.593422,0.8439379,0.7831292,0.57381743,0.8230987,0.73256725,0.5501252,0.84916526,0.8711949,0.53843915,0.8490037,0.7961241,0.5462884,0.82318354,0.76935095
2023:03:04:19:56:02,up_90_1t_,27.33389949798584,72.98,75.25,177.82,78.07,0.55425894,0.3987168,0.95061445,0.55810237,0.44614437,0.8890129,0.518865,0.4411219,0.9367936,0.46390903,0.44604063,0.8839184,0.42075133,0.46695977,0.9050379,0.6051001,0.4461436,0.8873046,0.66005623,0.45645225,0.82238877,0.7071805,0.4773823,0.9448219,0.5581084,0.6032977,0.8876292,0.5422994,0.60324454,0.90478265,0.54240435,0.7131511,0.8219428,0.54615694,0.81780595,0.92666185,0.5816305,0.6033014,0.9225559,0.58145905,0.7235521,0.8848078,0.5777425,0.8178058,0.9388239,0.5503025,0.39348087,0.95848066,0.56985795,0.39358705,0.931914,0.5462505,0.39381582,0.61900425,0.5815339,0.3987854,0.95265275,0.5816417,0.8491667,0.8645145,0.5934075,0.8439313,0.7803591,0.57381505,0.8231067,0.73343897,0.55012846,0.8491588,0.86978936,0.5384459,0.8490045,0.7946859,0.546282,0.82320315,0.76741534
2023:03:04:19:56:02,up_90_1t_,27.39174509048462,72.99,75.24,178.32,78.04,0.55422246,0.39871016,0.9540308,0.5580945,0.4461396,0.89020336,0.5188622,0.4411216,0.93746835,0.46391016,0.44603592,0.88485104,0.42076075,0.46695888,0.907267,0.60508865,0.44613722,0.8862676,0.6600491,0.456485,0.8210728,0.7071888,0.4773851,0.94544137,0.5580713,0.6033152,0.88933134,0.5422801,0.6032601,0.90267015,0.54240125,0.7181915,0.8220239,0.5461523,0.81778246,0.9245192,0.5815879,0.6033188,0.9241216,0.57787573,0.72358614,0.88486516,0.57773256,0.81779426,0.93640834,0.55028105,0.3934754,0.95822686,0.5698135,0.39358103,0.9282982,0.54623556,0.39381135,0.5710553,0.5815195,0.39878085,0.9560109,0.5816161,0.8491519,0.8621079,0.5933794,0.8439164,0.7796824,0.57381177,0.82308346,0.7375967,0.55009407,0.8491511,0.8717869,0.53840107,0.8440579,0.7923547,0.54629177,0.8231671,0.76799595
2023:03:04:19:56:02,up_90_1t_,27.451584815979004,73.00,75.23,178.31,78.05,0.5542241,0.39869916,0.953913,0.5580915,0.4461422,0.8910689,0.5188602,0.44112098,0.9376563,0.46391863,0.4460335,0.8856698,0.42076766,0.46695176,0.90963084,0.6050824,0.44613662,0.88555604,0.6562793,0.45647067,0.82208997,0.70717895,0.47738078,0.94615686,0.55805296,0.60331655,0.8911222,0.5422729,0.60325766,0.90317345,0.5423817,0.71313804,0.8212493,0.5461484,0.81774706,0.92610955,0.58156663,0.6033253,0.9262291,0.5778567,0.7235788,0.8853312,0.57773125,0.81777745,0.9367415,0.5502835,0.39346352,0.9565057,0.56981456,0.3935707,0.9273367,0.5462396,0.39380658,0.57215345,0.5815192,0.39877674,0.95528626,0.5815858,0.8491367,0.86151457,0.5933567,0.84390527,0.7794948,0.5738213,0.8230661,0.743561,0.5500576,0.8491234,0.8764726,0.53835833,0.8440095,0.79310095,0.54630166,0.8231213,0.7724248
2023:03:04:19:56:02,up_90_1t_,27.51341938972473,73.02,75.23,178.31,78.47,0.55423677,0.39396977,0.9531402,0.5580956,0.44615543,0.89086926,0.5188669,0.44112825,0.93720496,0.46391708,0.4460269,0.8867971,0.4207599,0.46695936,0.9123994,0.6050827,0.44614643,0.88418806,0.6600493,0.4514504,0.824267,0.7071805,0.47736922,0.94899535,0.5580369,0.6033564,0.8913479,0.5422736,0.60329795,0.904568,0.5423893,0.71821004,0.82371515,0.5461502,0.81773704,0.9269925,0.5815449,0.60335934,0.92636865,0.57785237,0.7236177,0.88937426,0.57774544,0.8177832,0.93754005,0.5502957,0.39345172,0.95436823,0.569836,0.39356366,0.92782605,0.546252,0.39380872,0.58574104,0.58152777,0.39878362,0.9535453,0.58156294,0.84912753,0.8627491,0.5933414,0.84391046,0.78163624,0.5738524,0.82307136,0.7506325,0.5464476,0.8491048,0.87970465,0.53455716,0.8439607,0.7917726,0.5463266,0.8230986,0.7747942
2023:03:04:19:56:02,up_90_1t_,27.577248573303223,73.00,75.23,178.31,78.49,0.5542435,0.39394584,0.95288503,0.55809253,0.44614595,0.8920617,0.5188657,0.44112766,0.93697315,0.46391457,0.4460136,0.88835514,0.42074856,0.4669507,0.9084465,0.6050732,0.4461358,0.8849907,0.65628046,0.45143953,0.8278526,0.7071718,0.47738653,0.9554404,0.5580325,0.60334444,0.89255667,0.54227257,0.6032828,0.9062832,0.54238397,0.71317035,0.8223728,0.54615027,0.8177355,0.9271945,0.5815386,0.6033547,0.9269397,0.57785034,0.7236019,0.88797814,0.57774377,0.8177835,0.93748266,0.5503008,0.3934272,0.94958365,0.56984097,0.3935422,0.9248574,0.5462519,0.39380273,0.59945464,0.5815212,0.39878178,0.94710785,0.58154756,0.8491382,0.8636238,0.58957565,0.8439054,0.78142786,0.5738526,0.8230681,0.7489001,0.54645777,0.8491083,0.8795996,0.53456473,0.84396917,0.7921355,0.5463211,0.82309884,0.77326155
2023:03:04:19:56:02,up_90_1t_,27.635093927383423,73.01,75.23,178.31,78.44,0.55419475,0.3939349,0.9561803,0.5580979,0.44615707,0.8912591,0.5188806,0.44114313,0.93347716,0.4639146,0.44602254,0.88729596,0.42071566,0.4669703,0.9085707,0.6050684,0.44613338,0.8839832,0.66005707,0.45144543,0.82588863,0.7071998,0.47738865,0.95703423,0.5580246,0.6033561,0.8933288,0.54227835,0.6032966,0.9079751,0.54239213,0.7131695,0.82298505,0.5461469,0.8177231,0.9275472,0.5815241,0.6033636,0.92767596,0.5778476,0.7235858,0.88663816,0.5777452,0.8177715,0.9384059,0.5502761,0.39342725,0.94939953,0.5697802,0.39353833,0.9202777,0.54623455,0.39380556,0.5335733,0.5814999,0.39879206,0.9517492,0.5815416,0.8491247,0.8624346,0.58956987,0.8438924,0.78095603,0.5738572,0.8230566,0.7513676,0.5464406,0.849099,0.88085246,0.5345438,0.843953,0.79219943,0.5463221,0.8230828,0.7746757
2023:03:04:19:56:03,up_90_1t_,27.692939281463623,74.36,76.58,178.24,85.42,0.5541858,0.3939479,0.95579,0.55810565,0.44615722,0.89081514,0.5188656,0.44596264,0.93320835,0.4639082,0.44601715,0.8875736,0.42071924,0.46695164,0.9093473,0.6050829,0.44611612,0.8857733,0.6600907,0.4513148,0.83505136,0.7072567,0.47731873,0.9466194,0.55430394,0.60815763,0.8942441,0.5422583,0.6033514,0.9021634,0.5424193,0.71827203,0.8293244,0.546149,0.8177757,0.92704856,0.58149725,0.6081821,0.9290063,0.57783836,0.72364956,0.89029676,0.57774407,0.8178011,0.9374765,0.55026615,0.3934425,0.9512599,0.5697665,0.39354926,0.92027473,0.546222,0.3938151,0.51294756,0.5815022,0.39880604,0.9516538,0.58157176,0.84915,0.8628216,0.5933404,0.8439299,0.7800472,0.57384574,0.8230875,0.74609375,0.54647076,0.8491314,0.87959915,0.5345897,0.8440063,0.7931759,0.5463088,0.8231437,0.77173007
2023:03:04:19:56:03,up_90_1t_,27.752779245376587,74.39,76.58,178.32,85.40,0.55418235,0.39394918,0.95582736,0.5581106,0.44617432,0.88959605,0.51886547,0.44596705,0.93312466,0.4639103,0.44601664,0.8880857,0.42073387,0.46694222,0.9117721,0.60509986,0.446133,0.88508,0.6601694,0.45135513,0.8327067,0.7073162,0.47731483,0.9385958,0.55427766,0.60820556,0.8950422,0.54223794,0.6081485,0.8983318,0.54241455,0.71831703,0.8310378,0.5461445,0.81777376,0.92807305,0.58147204,0.60822755,0.9282136,0.5778321,0.72853655,0.8947233,0.57775056,0.8177965,0.9393197,0.55026114,0.39344352,0.9514183,0.56976265,0.39354634,0.9195417,0.5462196,0.39381525,0.50900614,0.58150285,0.3988034,0.9522918,0.5815707,0.849142,0.8653929,0.59334433,0.8439181,0.78238165,0.57385784,0.8230811,0.74837863,0.54645896,0.84913075,0.8818764,0.5345718,0.8440023,0.79437613,0.54630435,0.8231325,0.77400374
2023:03:04:19:56:03,up_90_1t_,27.816609621047974,74.41,76.55,179.99,85.40,0.5541866,0.3939472,0.9558482,0.5581082,0.44618568,0.8893436,0.5188686,0.445977,0.93171585,0.46392524,0.44602445,0.88799924,0.42071977,0.4669922,0.91566616,0.60509133,0.4461469,0.8822094,0.66014016,0.4513314,0.8329193,0.7073012,0.47730222,0.94215286,0.5542611,0.60816085,0.89546216,0.54223686,0.60334617,0.90084183,0.5424275,0.71827507,0.8324287,0.5461472,0.8177738,0.9285278,0.57787627,0.6081977,0.9269276,0.5778161,0.7236484,0.89235675,0.57775027,0.81778353,0.93874234,0.5502606,0.3934414,0.95059425,0.5697633,0.3935419,0.91939294,0.54621714,0.39382824,0.52740157,0.58149993,0.39880392,0.95218384,0.58157325,0.84914047,0.8649151,0.5933557,0.84390104,0.77970994,0.5738522,0.82306683,0.74399513,0.54647535,0.8491383,0.8831166,0.53458893,0.8440144,0.7976383,0.5462972,0.8231366,0.77449113
2023:03:04:19:56:03,up_90_1t_,27.876002073287964,74.40,76.55,180.00,84.98,0.5541942,0.39869657,0.95384043,0.55811536,0.44617516,0.88926196,0.5188706,0.44597343,0.9325695,0.46391585,0.44600612,0.89087754,0.4207204,0.46699083,0.91346776,0.6050953,0.44613567,0.8837369,0.6601378,0.45128715,0.8351131,0.70728654,0.47730818,0.9442525,0.55425775,0.6081506,0.89636767,0.5422412,0.6033333,0.9011919,0.54241145,0.7182299,0.8287076,0.5461493,0.8177543,0.92941517,0.5778713,0.6081901,0.927881,0.5778059,0.7236268,0.89062506,0.57775384,0.81778574,0.93971556,0.5502591,0.39347023,0.9533638,0.5697667,0.3935663,0.92166203,0.54620653,0.3938386,0.52523136,0.5815018,0.39881125,0.9489082,0.58156276,0.8491369,0.86449265,0.59335065,0.84390396,0.78007126,0.57746357,0.82308626,0.7476116,0.54646266,0.8491335,0.8873475,0.5345696,0.8440026,0.8003737,0.5463114,0.8231179,0.7760866
2023:03:04:19:56:03,up_90_1t_,27.933847665786743,74.37,76.54,180.00,85.00,0.5541755,0.39869964,0.9559356,0.55809844,0.44615015,0.8917477,0.51887345,0.445964,0.93122363,0.4639165,0.4460007,0.891709,0.4207109,0.46701536,0.9155737,0.60506475,0.44610336,0.88408154,0.66011256,0.45132092,0.8334311,0.7072532,0.4773143,0.9440187,0.55426,0.60812914,0.89704955,0.54224586,0.60330856,0.9039462,0.5424111,0.7182263,0.8294402,0.5461509,0.8177341,0.9312937,0.5778705,0.60817665,0.929519,0.5778008,0.72363275,0.8949635,0.5777502,0.817784,0.9407622,0.55024934,0.39347377,0.95399505,0.56600046,0.39357352,0.921166,0.54619426,0.39383402,0.5122308,0.58148974,0.39882264,0.95298564,0.58153474,0.8491471,0.87076104,0.58957815,0.84390193,0.7863673,0.5774698,0.8230828,0.7488344,0.5464375,0.8491253,0.889751,0.53453183,0.8439767,0.80029434,0.5463197,0.82308847,0.7778336
2023:03:04:19:56:03,up_90_1t_,27.993258476257324,74.39,76.54,179.99,84.97,0.55415964,0.3987277,0.95691615,0.5580991,0.4461636,0.8904669,0.5188756,0.44597238,0.93228203,0.4639433,0.44601,0.88917524,0.42073113,0.46699956,0.9144444,0.6050689,0.44612008,0.88398576,0.6601009,0.451329,0.8326503,0.70724636,0.47731462,0.9439403,0.55423874,0.60815996,0.8984423,0.5422231,0.60333866,0.89806545,0.54241717,0.7182415,0.8305518,0.54614884,0.8177425,0.93089813,0.57785946,0.60819966,0.930862,0.5777864,0.72363514,0.8929918,0.5777446,0.8177795,0.9406731,0.55023897,0.39350292,0.9579064,0.56597996,0.39359787,0.922796,0.546185,0.39382955,0.47872198,0.5814902,0.39883497,0.9531966,0.58154255,0.84913445,0.8652463,0.5895688,0.8438856,0.7818388,0.57385916,0.82307374,0.7486282,0.5464596,0.84912294,0.8867058,0.5345645,0.843989,0.7986547,0.5463082,0.82310146,0.7766576
2023:03:04:19:56:03,up_90_1t_,28.057087898254395,74.38,76.56,179.98,84.96,0.55414635,0.39873564,0.95747954,0.5580916,0.4461674,0.89106035,0.5188716,0.44596905,0.93355495,0.46392775,0.445994,0.89004385,0.42072535,0.46696198,0.9089154,0.60505974,0.44613048,0.88313335,0.66005117,0.4513263,0.8305739,0.7072208,0.4773329,0.9473576,0.55423236,0.6081351,0.9009495,0.5422253,0.6033146,0.8984893,0.5424224,0.71823335,0.83229184,0.546153,0.8177975,0.93013847,0.57785285,0.6081793,0.93409616,0.57777715,0.7236169,0.8918458,0.5777418,0.8178065,0.940146,0.5502286,0.39351025,0.9588401,0.56596005,0.39360133,0.92221916,0.54617214,0.39382893,0.47234827,0.58148175,0.3988335,0.95439136,0.5815743,0.8491641,0.8664959,0.59334344,0.84392583,0.7798999,0.57384694,0.82311815,0.7398564,0.5500751,0.84916764,0.88662755,0.5383841,0.8490011,0.8032303,0.5462959,0.82318217,0.771006
2023:03:04:19:56:03,up_90_1t_,28.1169273853302,74.38,73.90,179.98,77.90,0.5540928,0.39876777,0.9591608,0.55809325,0.44615337,0.89246416,0.51887316,0.441144,0.9347182,0.46392056,0.44599798,0.8893223,0.4207179,0.46695045,0.9075977,0.6050548,0.4461202,0.8835938,0.65627944,0.45130876,0.83174694,0.7072208,0.47732586,0.94729805,0.5542253,0.60814637,0.90064013,0.5422185,0.6033234,0.8969014,0.5424061,0.7182332,0.8303374,0.54615,0.8177761,0.93006706,0.57784706,0.6081911,0.93306696,0.57777375,0.7236135,0.89069974,0.57774526,0.8178036,0.94065446,0.55019385,0.39354154,0.9613267,0.5658921,0.39362606,0.9216977,0.5461453,0.39380023,0.38637784,0.5814699,0.39884213,0.95702493,0.58155185,0.8491708,0.8707429,0.58958054,0.8439295,0.78453463,0.5738625,0.8231149,0.7474764,0.54647344,0.8491637,0.8890769,0.534584,0.84404695,0.80066204,0.5463137,0.82315487,0.772237
2023:03:04:19:56:03,up_90_1t_,28.1747727394104,74.39,76.57,179.98,84.90,0.55409104,0.39875782,0.95945,0.5580868,0.4461603,0.8926036,0.51887316,0.4459687,0.93318504,0.4639294,0.44599974,0.8897412,0.42071313,0.4669333,0.9077459,0.60503995,0.4461337,0.8807602,0.6562535,0.45131546,0.83208776,0.707208,0.47733572,0.95049113,0.5542125,0.6081809,0.90185976,0.5385237,0.60334915,0.893415,0.5424383,0.7182741,0.8350233,0.54615515,0.8177986,0.9301377,0.57784086,0.6082213,0.93486136,0.577767,0.7236545,0.89237463,0.577732,0.8178127,0.9396509,0.5501934,0.39352888,0.9599792,0.56589186,0.3936182,0.9208201,0.54614186,0.39378822,0.3858079,0.5814641,0.39883652,0.95717,0.5815897,0.8491643,0.86608654,0.5933451,0.8439233,0.7809505,0.57383156,0.82312,0.73915404,0.55009097,0.84916174,0.88579774,0.53840435,0.84900206,0.80527294,0.54628664,0.8231838,0.7721752
2023:03:04:19:56:03,up_90_1t_,28.23663640022278,74.38,76.57,179.97,80.60,0.5504709,0.3987582,0.9607268,0.55808336,0.44616163,0.89262897,0.5188673,0.44597018,0.93437135,0.46392965,0.44599676,0.8890233,0.42071885,0.4669373,0.90629935,0.6050358,0.4461363,0.88070905,0.6562406,0.45131823,0.8337645,0.7072003,0.47734237,0.9506966,0.55421084,0.6081773,0.90308255,0.53852034,0.6033456,0.89285684,0.5424305,0.7182671,0.8335042,0.54615444,0.8177928,0.9301847,0.57784206,0.608221,0.9351135,0.57775897,0.7236551,0.8880863,0.57773584,0.81781226,0.9383845,0.5501794,0.39352977,0.9618001,0.5658681,0.39361632,0.9196614,0.5461314,0.39377925,0.37959784,0.58145475,0.3988314,0.9607667,0.5815618,0.84916794,0.8644898,0.58957446,0.8439249,0.7792753,0.5738415,0.8231109,0.74223876,0.5500681,0.849155,0.8867059,0.5383732,0.844065,0.8032439,0.5462977,0.8231741,0.77109396
2023:03:04:19:56:03,up_90_1t_,28.29728102684021,74.39,73.90,179.97,73.60,0.55046594,0.39872086,0.96178436,0.55807334,0.44615385,0.8935848,0.51886886,0.4411417,0.93548095,0.46393245,0.44599748,0.8881172,0.42070797,0.46694997,0.9058637,0.605024,0.44614354,0.8787749,0.65621716,0.4513244,0.8316069,0.7072059,0.4773416,0.94725466,0.5542094,0.6081369,0.9035737,0.5385227,0.6033092,0.89414597,0.5424332,0.7182214,0.8328783,0.5461546,0.817764,0.93131536,0.5778364,0.60818374,0.9346816,0.5777566,0.72362053,0.8849571,0.57773453,0.8177962,0.93919677,0.5501765,0.39349315,0.9584962,0.5658626,0.39358118,0.91685677,0.5461268,0.3937565,0.38482636,0.5814476,0.3988082,0.96293926,0.58154666,0.84915507,0.86431813,0.5895627,0.84391606,0.7806561,0.5738474,0.82309157,0.7458888,0.5464908,0.84913033,0.88670623,0.5383501,0.8440248,0.80203825,0.54630494,0.82313836,0.7729153
2023:03:04:19:56:03,up_90_1t_,28.357120513916016,74.39,73.90,179.98,73.60,0.5504596,0.39871773,0.96336794,0.55806977,0.4461539,0.8935008,0.5188682,0.44113886,0.9360308,0.4639356,0.44598275,0.88922125,0.42071667,0.46696058,0.9098442,0.6050224,0.44615814,0.8767132,0.656216,0.45135134,0.8277955,0.70719784,0.4773413,0.9460976,0.5542121,0.6081317,0.90284216,0.5385267,0.60330343,0.89447415,0.54243416,0.71821105,0.8323046,0.54615754,0.8177379,0.92997605,0.57783735,0.60817856,0.93419933,0.5777632,0.7236066,0.8854293,0.57774085,0.8177855,0.9393536,0.5501694,0.39349025,0.9597559,0.5658567,0.39357617,0.91634524,0.546123,0.39374974,0.3814446,0.5814485,0.39879802,0.96361476,0.5815388,0.849144,0.86271095,0.5895627,0.8439047,0.7795084,0.5738607,0.8230744,0.750953,0.54647136,0.84911823,0.8850412,0.5345818,0.8439911,0.79891354,0.54631746,0.82310236,0.7731867
2023:03:04:19:56:03,up_90_1t_,28.414965867996216,74.40,73.90,179.97,73.58,0.5504507,0.3987134,0.96424997,0.55807745,0.44614345,0.89350533,0.518874,0.44112933,0.9371782,0.4639478,0.44597346,0.88945407,0.42073965,0.46692726,0.90933865,0.6050256,0.44615594,0.87756205,0.65622103,0.45136297,0.8274778,0.70720744,0.47734514,0.9462575,0.55420476,0.6081464,0.903034,0.5385165,0.60331535,0.892861,0.5424285,0.7182172,0.8304087,0.54615706,0.8177197,0.92947155,0.5778343,0.6081935,0.93452704,0.5777621,0.7236154,0.8837143,0.5777455,0.81778467,0.9407877,0.5501657,0.39348623,0.95901173,0.56208605,0.39357573,0.91625744,0.5461271,0.39373007,0.3615523,0.58144635,0.3987928,0.9642764,0.58152527,0.8491335,0.8629552,0.58954805,0.843904,0.7815033,0.5774709,0.82307625,0.75633085,0.5464589,0.8491031,0.8858752,0.53456634,0.84396625,0.7985067,0.54632574,0.82307565,0.7737296
2023:03:04:19:56:03,up_90_1t_,28.474806308746338,74.38,73.90,179.98,73.56,0.55043226,0.3987278,0.96567935,0.5580746,0.4461433,0.89296794,0.5188725,0.441131,0.9360928,0.46393222,0.4459857,0.8896168,0.42072517,0.46695617,0.9106562,0.6050267,0.44614834,0.8770801,0.65625316,0.45136684,0.8264151,0.7072066,0.47734892,0.94633746,0.55422246,0.60814613,0.9011252,0.53852856,0.60331535,0.89425653,0.5424286,0.7182339,0.82999283,0.5461599,0.81772393,0.93045187,0.5778508,0.6081953,0.9333773,0.5777788,0.7236475,0.88844717,0.57774794,0.81778914,0.94006,0.55014837,0.3935019,0.9608822,0.5620586,0.39358595,0.91790664,0.54612017,0.39373112,0.34304464,0.5778892,0.39878908,0.9660187,0.58152986,0.84913725,0.8653757,0.5895616,0.84390587,0.783007,0.5774755,0.8230809,0.753453,0.54645884,0.84910434,0.8899015,0.534564,0.84396446,0.80207014,0.5463282,0.82307976,0.77504814
2023:03:04:19:56:03,up_90_1t_,28.536641120910645,74.38,76.58,179.99,80.53,0.5504095,0.39874887,0.96725124,0.5580837,0.4461608,0.8913612,0.51887774,0.44597045,0.93173045,0.46395576,0.44598868,0.8883723,0.4207477,0.4669323,0.9109194,0.6050339,0.44615582,0.8772216,0.66006154,0.4513868,0.82204366,0.7072286,0.47735626,0.94126177,0.5542321,0.608141,0.8990897,0.5422188,0.60331565,0.89554155,0.5424327,0.718233,0.83209515,0.5461608,0.8177306,0.9306405,0.5778573,0.6081904,0.9308711,0.57778275,0.72365344,0.88986874,0.5777439,0.8177895,0.940097,0.55012923,0.3935217,0.9626806,0.5620246,0.39360026,0.919968,0.5461128,0.39374906,0.32978392,0.5778767,0.3988014,0.9670241,0.581543,0.8491373,0.86628276,0.5895693,0.84389865,0.78323674,0.57746464,0.8230819,0.7510795,0.5464733,0.84910315,0.8878803,0.5345862,0.8439694,0.80199105,0.5463212,0.8230904,0.77596456
2023:03:04:19:56:03,up_90_1t_,28.594485759735107,74.38,76.59,180.00,80.53,0.55040985,0.3987549,0.96666175,0.5580851,0.4461622,0.89113635,0.5188809,0.44597387,0.9314058,0.4639531,0.4459788,0.8889904,0.42074025,0.46692845,0.9094078,0.60503244,0.4461578,0.87720674,0.6600525,0.45139065,0.8210853,0.70722365,0.47736192,0.94105715,0.5542332,0.60815,0.89904076,0.5422204,0.6033242,0.89500153,0.5424294,0.7182345,0.83072484,0.5461601,0.8177363,0.9303079,0.5778588,0.6081968,0.93080306,0.5777954,0.72851807,0.89050895,0.57774794,0.8177967,0.9406817,0.55012804,0.39352885,0.9628525,0.56202334,0.39360508,0.9198253,0.5461089,0.39375836,0.33342654,0.5778752,0.39880738,0.9668077,0.58155507,0.8491369,0.86419564,0.5895761,0.84389925,0.78129303,0.57746613,0.8230923,0.7515294,0.5464853,0.8491053,0.8854008,0.5346005,0.8439768,0.8002198,0.5463186,0.823097,0.7752951
2023:03:04:19:56:04,up_90_1t_,28.65233087539673,74.38,76.58,179.99,80.56,0.55043393,0.3987427,0.9656843,0.5580781,0.44616422,0.89165336,0.5188749,0.44597355,0.9322487,0.463972,0.44600502,0.8865186,0.42075765,0.46694618,0.9102401,0.60503834,0.44615045,0.8783045,0.6600614,0.4513685,0.8240578,0.7072285,0.47735885,0.9416161,0.554239,0.6081404,0.89817923,0.5422289,0.6033202,0.898057,0.5424241,0.71823454,0.8296131,0.5461562,0.8177375,0.9303001,0.5778574,0.6081837,0.9287191,0.57778823,0.7236479,0.88891757,0.57775366,0.8177877,0.94082355,0.5501429,0.39351866,0.96397793,0.562058,0.39359587,0.9190388,0.54610634,0.39375895,0.36801165,0.57788306,0.3987957,0.965759,0.5815609,0.8491383,0.8649912,0.5933399,0.8439127,0.78095317,0.5774696,0.8230863,0.75012016,0.5464865,0.8491187,0.88674885,0.5345975,0.84399194,0.8007723,0.5463138,0.82309896,0.77592516
2023:03:04:19:56:04,up_90_1t_,28.71217155456543,74.38,76.58,179.99,80.56,0.55043393,0.3987427,0.9656843,0.5580781,0.44616422,0.89165336,0.5188749,0.44597355,0.9322487,0.463972,0.44600502,0.8865186,0.42075765,0.46694618,0.9102401,0.60503834,0.44615045,0.8783045,0.6600614,0.4513685,0.8240578,0.7072285,0.47735885,0.9416161,0.554239,0.6081404,0.89817923,0.5422289,0.6033202,0.898057,0.5424241,0.71823454,0.8296131,0.5461562,0.8177375,0.9303001,0.5778574,0.6081837,0.9287191,0.57778823,0.7236479,0.88891757,0.57775366,0.8177877,0.94082355,0.5501429,0.39351866,0.96397793,0.562058,0.39359587,0.9190388,0.54610634,0.39375895,0.36801165,0.57788306,0.3987957,0.965759,0.5815609,0.8491383,0.8649912,0.5933399,0.8439127,0.78095317,0.5774696,0.8230863,0.75012016,0.5464865,0.8491187,0.88674885,0.5345975,0.84399194,0.8007723,0.5463138,0.82309896,0.77592516
2023:03:04:19:56:04,up_90_1t_,28.774006128311157,74.40,76.56,180.00,80.56,0.5504358,0.39874923,0.9658368,0.5580809,0.44616994,0.89097625,0.5188787,0.44597405,0.931758,0.4639685,0.44600743,0.8868314,0.42075047,0.46697247,0.91503334,0.6050416,0.44615656,0.87711793,0.66008997,0.45134157,0.8301207,0.70724756,0.47732887,0.9417388,0.5542303,0.608152,0.8969819,0.5422275,0.6033292,0.89877176,0.54242444,0.71825194,0.8297407,0.54616123,0.81776154,0.930245,0.5778409,0.6081917,0.926664,0.57779634,0.7236476,0.8916669,0.5777532,0.81779337,0.93925667,0.55014354,0.39352605,0.96445245,0.56206137,0.39360234,0.9198811,0.5461098,0.39377046,0.3690328,0.57788527,0.3988011,0.96654296,0.5815888,0.8491491,0.8647028,0.5933676,0.8439065,0.7799066,0.57386154,0.8230918,0.74236286,0.5500813,0.8491339,0.88338697,0.538386,0.8440328,0.8022654,0.54630214,0.82312757,0.77445513
2023:03:04:19:56:04,up_90_1t_,28.83185076713562,74.39,76.57,179.98,80.58,0.55044687,0.39875904,0.9646268,0.55807394,0.44616646,0.89125896,0.5188679,0.44597363,0.9318346,0.4639499,0.44601566,0.8862601,0.4207468,0.46696615,0.914449,0.6050437,0.44613504,0.8777069,0.6600636,0.45131192,0.830734,0.70723295,0.4773139,0.9472227,0.55424404,0.6081567,0.8964509,0.54222775,0.60333574,0.89965165,0.5424205,0.7182578,0.82981884,0.54615873,0.8177383,0.9307997,0.5778567,0.6081982,0.9270086,0.57781225,0.7285233,0.8952999,0.5777463,0.8177867,0.93894935,0.55014616,0.39353278,0.9667382,0.5620732,0.39360872,0.92011917,0.5461016,0.39377707,0.3913024,0.57788503,0.39880097,0.96621394,0.5815786,0.84914184,0.86582035,0.59335965,0.84389997,0.7827443,0.5738551,0.82307655,0.7443253,0.546489,0.8491184,0.8837003,0.5383506,0.8439984,0.8008469,0.546307,0.8230952,0.7779362
2023:03:04:19:56:04,up_90_1t_,28.889310598373413,74.40,76.57,179.97,80.57,0.55043674,0.3987267,0.96478254,0.558081,0.44616783,0.8908843,0.51887894,0.44598016,0.93075454,0.463975,0.4460269,0.88368624,0.4207725,0.46696344,0.9174001,0.6050366,0.4461366,0.87743133,0.660059,0.451297,0.83188117,0.70722586,0.47729978,0.94677454,0.55424535,0.60817605,0.8968735,0.54222876,0.60335463,0.89898425,0.5424334,0.7182849,0.8335018,0.5461566,0.8177812,0.9277933,0.57786065,0.60821235,0.9280416,0.5778113,0.7285376,0.8973321,0.5777343,0.8177999,0.9377066,0.55014426,0.39350528,0.9608892,0.5620645,0.39358354,0.91801894,0.54611117,0.3937556,0.36549324,0.57788783,0.39880094,0.96694225,0.58159727,0.84915435,0.86260456,0.59335953,0.8439036,0.77984935,0.57382524,0.82308644,0.737653,0.55008835,0.8491431,0.8808577,0.53839916,0.84404725,0.8019245,0.54628855,0.82315576,0.772197
2023:03:04:19:56:04,up_90_1t_,28.950809478759766,74.43,76.52,179.98,80.59,0.55045277,0.39873692,0.96247923,0.5580866,0.44617018,0.8897832,0.5188794,0.44598693,0.9293643,0.46396843,0.44603494,0.88481295,0.4207579,0.46700427,0.9192867,0.60504794,0.44612816,0.8785967,0.66007173,0.45126787,0.8335037,0.7072145,0.4772878,0.9460717,0.5542646,0.6033805,0.8959222,0.5422468,0.60331166,0.9041306,0.54240113,0.7182116,0.8269078,0.5461592,0.8177609,0.9291692,0.5778718,0.6081613,0.9251757,0.5778175,0.7235947,0.88983303,0.5777452,0.81779206,0.9388673,0.5501545,0.39351466,0.96193266,0.5620831,0.39359322,0.91812885,0.54610497,0.39377362,0.3912554,0.57788444,0.39880744,0.9631576,0.5815779,0.8491544,0.865808,0.59336007,0.8439199,0.78100616,0.57384914,0.8230949,0.7425089,0.5500604,0.8491332,0.8792461,0.5383614,0.8440284,0.79740274,0.54630816,0.8231373,0.7723639
2023:03:04:19:56:04,up_90_1t_,29.014255046844482,74.43,76.52,179.98,80.59,0.55045277,0.39873692,0.96247923,0.5580866,0.44617018,0.8897832,0.5188794,0.44598693,0.9293643,0.46396843,0.44603494,0.88481295,0.4207579,0.46700427,0.9192867,0.60504794,0.44612816,0.8785967,0.66007173,0.45126787,0.8335037,0.7072145,0.4772878,0.9460717,0.5542646,0.6033805,0.8959222,0.5422468,0.60331166,0.9041306,0.54240113,0.7182116,0.8269078,0.5461592,0.8177609,0.9291692,0.5778718,0.6081613,0.9251757,0.5778175,0.7235947,0.88983303,0.5777452,0.81779206,0.9388673,0.5501545,0.39351466,0.96193266,0.5620831,0.39359322,0.91812885,0.54610497,0.39377362,0.3912554,0.57788444,0.39880744,0.9631576,0.5815779,0.8491544,0.865808,0.59336007,0.8439199,0.78100616,0.57384914,0.8230949,0.7425089,0.5500604,0.8491332,0.8792461,0.5383614,0.8440284,0.79740274,0.54630816,0.8231373,0.7723639
2023:03:04:19:56:04,up_90_1t_,29.07210087776184,74.39,76.57,178.25,80.58,0.5504545,0.39874202,0.96167326,0.5581019,0.44618025,0.8885447,0.518889,0.44599986,0.92850965,0.46396786,0.44603616,0.88564116,0.42075273,0.46700463,0.9195839,0.60506403,0.44613892,0.8786764,0.6600972,0.45129162,0.83673644,0.7072202,0.47730246,0.9445137,0.55428183,0.6081691,0.892537,0.5422553,0.60335296,0.9034523,0.5423967,0.7182827,0.82756525,0.54616004,0.817765,0.9288212,0.5814525,0.60819703,0.9230055,0.577826,0.72363144,0.8915682,0.57774246,0.8178023,0.937396,0.5501583,0.39352068,0.9606814,0.56208825,0.39360029,0.91846573,0.546111,0.39377892,0.3827464,0.57788694,0.3988216,0.9617983,0.58156407,0.8491665,0.86685973,0.59334904,0.8439395,0.78243923,0.5738495,0.8230965,0.7427975,0.5464739,0.84913325,0.8783261,0.53459114,0.8440095,0.79475665,0.5463148,0.8231341,0.7720643
2023:03:04:19:56:04,up_90_1t_,29.129945993423462,74.40,76.54,178.24,80.58,0.5504534,0.39875004,0.96117216,0.55810237,0.44617358,0.8891043,0.5188852,0.44599733,0.9283505,0.46394765,0.4460395,0.8848774,0.42073438,0.46700993,0.91823816,0.6050671,0.4461311,0.8799203,0.66010904,0.4512881,0.8379126,0.70722234,0.4773161,0.9434155,0.5543158,0.60337687,0.8899646,0.54228055,0.60331124,0.9089911,0.54240227,0.7182655,0.8275077,0.5461583,0.81777465,0.9284311,0.5814824,0.6081516,0.9223372,0.57783,0.72362417,0.89142424,0.5777432,0.81780463,0.93754745,0.55015844,0.3935304,0.9608619,0.56208336,0.3936082,0.9191338,0.5461103,0.39379367,0.38565007,0.57788336,0.39882916,0.9610806,0.581569,0.8491754,0.86528796,0.593354,0.8439463,0.7815547,0.5738427,0.82310116,0.7417924,0.54646945,0.84914607,0.88078964,0.5345852,0.84401953,0.79691833,0.54630965,0.8231477,0.77181137
2023:03:04:19:56:04,up_90_1t_,29.19178009033203,74.41,76.53,178.24,80.56,0.5504351,0.3987669,0.9623355,0.55810386,0.44617152,0.88971233,0.5188792,0.44599703,0.92763835,0.4639479,0.44604003,0.88343227,0.42073023,0.46701282,0.91538393,0.6050704,0.44612902,0.88103193,0.660139,0.451314,0.8379873,0.70723855,0.47731006,0.9393054,0.55431294,0.6033684,0.8909278,0.54227775,0.6033044,0.9086062,0.5424087,0.7182776,0.8297708,0.54616153,0.8177855,0.92921275,0.58148056,0.60814273,0.9226521,0.5778241,0.72362727,0.8921797,0.577742,0.8178134,0.93665147,0.5501491,0.39354175,0.9615102,0.56206036,0.3936235,0.920776,0.54611546,0.39378443,0.35624605,0.5778826,0.39884993,0.96101564,0.58158404,0.84918916,0.8642896,0.59337175,0.8439619,0.780981,0.5738411,0.8231137,0.74004215,0.54648733,0.8491491,0.8796754,0.5383554,0.8440418,0.7970559,0.54631,0.8231632,0.7713094
2023:03:04:19:56:04,up_90_1t_,29.25315546989441,74.39,76.55,178.22,80.58,0.550455,0.39874625,0.96168244,0.5581102,0.44618627,0.8895569,0.51888627,0.44601598,0.9275083,0.46394977,0.44604298,0.8843117,0.42074484,0.46700054,0.91600764,0.60507303,0.44614094,0.8822098,0.6601149,0.45135525,0.8347695,0.7072041,0.47734696,0.94307077,0.55431354,0.6033761,0.8907385,0.54227823,0.6033147,0.9074407,0.54241294,0.7182804,0.8304311,0.54615694,0.8177773,0.92909056,0.5814859,0.6081471,0.9233261,0.57782346,0.7236248,0.8898264,0.57775563,0.81782556,0.93713427,0.55016434,0.39352584,0.96075946,0.5620912,0.39360607,0.9190463,0.5461278,0.39378938,0.37394893,0.5814483,0.39883894,0.96126336,0.58156496,0.84918433,0.86807966,0.593355,0.8439779,0.7847187,0.5774708,0.823139,0.7440492,0.546469,0.8491433,0.88013494,0.53457993,0.84401625,0.79465103,0.54632145,0.82315046,0.7709879
2023:03:04:19:56:04,up_90_1t_,29.31100058555603,74.39,76.55,178.22,80.58,0.550455,0.39874625,0.96168244,0.5581102,0.44618627,0.8895569,0.51888627,0.44601598,0.9275083,0.46394977,0.44604298,0.8843117,0.42074484,0.46700054,0.91600764,0.60507303,0.44614094,0.8822098,0.6601149,0.45135525,0.8347695,0.7072041,0.47734696,0.94307077,0.55431354,0.6033761,0.8907385,0.54227823,0.6033147,0.9074407,0.54241294,0.7182804,0.8304311,0.54615694,0.8177773,0.92909056,0.5814859,0.6081471,0.9233261,0.57782346,0.7236248,0.8898264,0.57775563,0.81782556,0.93713427,0.55016434,0.39352584,0.96075946,0.5620912,0.39360607,0.9190463,0.5461278,0.39378938,0.37394893,0.5814483,0.39883894,0.96126336,0.58156496,0.84918433,0.86807966,0.593355,0.8439779,0.7847187,0.5774708,0.823139,0.7440492,0.546469,0.8491433,0.88013494,0.53457993,0.84401625,0.79465103,0.54632145,0.82315046,0.7709879
2023:03:04:19:56:04,up_90_1t_,29.368845462799072,73.02,77.89,178.24,80.59,0.550465,0.39874628,0.9614828,0.5580999,0.4461824,0.8903752,0.51888144,0.44600192,0.92874396,0.46395263,0.44606268,0.88263154,0.4207383,0.46700153,0.91695833,0.60506564,0.44614613,0.87927485,0.6562785,0.4514276,0.82790124,0.70714396,0.47738132,0.9508755,0.55801743,0.6033683,0.88967395,0.54228175,0.60331005,0.9099766,0.5424023,0.71829224,0.8307992,0.5461537,0.817779,0.92922443,0.5815017,0.6081425,0.9231294,0.5778413,0.7236288,0.894232,0.5777572,0.8178156,0.93981504,0.55016977,0.39352158,0.9617578,0.5658664,0.39360648,0.9198899,0.546122,0.39377272,0.38521665,0.58145505,0.3988312,0.95929605,0.58156586,0.8491766,0.8700665,0.59335995,0.8439587,0.7861044,0.57746893,0.82312566,0.743669,0.5464558,0.84914184,0.8827733,0.5345633,0.84400976,0.7974895,0.5463167,0.8231511,0.7723845
2023:03:04:19:56:04,up_90_1t_,29.428685903549194,73.01,77.89,178.30,84.94,0.55410874,0.39875352,0.95930076,0.55809104,0.44617414,0.89064276,0.5188787,0.44599327,0.9306904,0.46392766,0.4460303,0.8872831,0.42072913,0.46699953,0.9147956,0.6050617,0.4461326,0.8810136,0.6600571,0.4514223,0.8275181,0.7071489,0.4773738,0.9481325,0.5580151,0.60335815,0.8899485,0.5422839,0.60329884,0.90950286,0.5423923,0.7182688,0.82877195,0.54615474,0.8177745,0.92964983,0.5815036,0.6033605,0.92324233,0.5778396,0.7236174,0.8913115,0.57776254,0.81781507,0.9395117,0.5501955,0.39352572,0.9625421,0.5659107,0.39360875,0.921662,0.5461386,0.39380676,0.44430038,0.58145815,0.39882606,0.9565081,0.58157647,0.84917355,0.870759,0.5933734,0.8439531,0.785576,0.5774743,0.82312554,0.74473554,0.5464723,0.84914434,0.8804911,0.53458416,0.8440205,0.794899,0.5463166,0.82314116,0.7741615
2023:03:04:19:56:04,up_90_1t_,29.490520477294922,74.36,76.56,178.24,84.93,0.55411994,0.39874527,0.95874107,0.55809253,0.44617292,0.8904002,0.51887316,0.44597661,0.9342064,0.4639214,0.44602817,0.88761544,0.4207564,0.46695057,0.9143125,0.6050672,0.4461438,0.8796201,0.6600672,0.45144594,0.8248106,0.70715594,0.47738543,0.9493921,0.5543119,0.6033789,0.89215434,0.54226166,0.6033195,0.90707475,0.54239213,0.71827835,0.82972956,0.546153,0.8177706,0.9298609,0.5814899,0.60814726,0.9247778,0.57783914,0.7236345,0.8943007,0.57775575,0.8178081,0.9402214,0.55020607,0.39351526,0.96180874,0.5659264,0.39360544,0.9224,0.54614747,0.39379063,0.44761455,0.5814633,0.3988227,0.95541227,0.5815719,0.84917635,0.86847436,0.5933616,0.84394985,0.7826288,0.573857,0.823109,0.74261457,0.5464869,0.8491339,0.87982666,0.5383498,0.84402424,0.79679793,0.5463033,0.82313806,0.7749244
2023:03:04:19:56:04,up_90_1t_,29.548365354537964,74.36,73.87,178.25,77.92,0.5541052,0.3987402,0.9607486,0.55808276,0.4461501,0.8920411,0.5188626,0.44113645,0.936906,0.46392575,0.4460252,0.8883404,0.4207575,0.46695474,0.91526324,0.60506684,0.44614133,0.8789543,0.6600595,0.45645148,0.8246359,0.7071587,0.47738582,0.950971,0.5542918,0.6033717,0.8938432,0.5422463,0.6033113,0.90491205,0.5423924,0.7182977,0.8309007,0.5461604,0.81777525,0.93083435,0.5814685,0.60814124,0.9240057,0.5778324,0.7236348,0.8949927,0.57775265,0.8178011,0.9389687,0.5501972,0.39350814,0.9626603,0.5659134,0.39360136,0.9219164,0.5461392,0.3937659,0.4270754,0.5814666,0.39881608,0.9561411,0.58156925,0.8491765,0.8724998,0.59336305,0.84394586,0.78572005,0.5738583,0.8230949,0.7419376,0.5464796,0.84914064,0.8791084,0.53459936,0.8440195,0.79537994,0.5463172,0.8231418,0.77534866
2023:03:04:19:56:04,up_90_1t_,29.606210708618164,74.36,73.90,178.31,77.92,0.5541055,0.39873558,0.96219844,0.5580763,0.44614616,0.8923586,0.51886386,0.44112682,0.9387626,0.46391815,0.4460118,0.8896795,0.42076066,0.46691653,0.91378385,0.60505843,0.44614485,0.87719935,0.65627795,0.45645106,0.8228491,0.7071575,0.4773938,0.9516428,0.55430096,0.60335654,0.8930521,0.5422543,0.60329413,0.9066101,0.54238594,0.7182632,0.8294486,0.5461599,0.8177498,0.93165153,0.58147985,0.6033605,0.9238928,0.5778356,0.723618,0.89426154,0.5777572,0.8177931,0.9405268,0.55019814,0.3935018,0.96484256,0.56591433,0.39359868,0.92205393,0.5461436,0.39375287,0.43288094,0.58146423,0.3988082,0.9581564,0.5815583,0.84916973,0.87525237,0.5933623,0.84394234,0.78890014,0.57747006,0.8230937,0.74581337,0.5464542,0.84913176,0.88379097,0.53456175,0.8439954,0.7985095,0.546328,0.82311416,0.77768713
2023:03:04:19:56:05,up_90_1t_,29.666050672531128,74.37,73.88,178.31,77.92,0.55410814,0.398739,0.9632302,0.55807865,0.44613674,0.8921279,0.5188659,0.44111723,0.94115067,0.4639154,0.4460143,0.8893025,0.42075348,0.46692047,0.9132512,0.60505575,0.44614333,0.8770591,0.6562782,0.45145038,0.8220319,0.70715886,0.4773895,0.9504441,0.55427355,0.6033517,0.8966902,0.54223555,0.60328984,0.9044432,0.54238933,0.7182503,0.82936454,0.54616266,0.81771535,0.9328035,0.581452,0.603356,0.9241313,0.5778269,0.72361445,0.8934103,0.57777363,0.81778467,0.9418341,0.55020416,0.3935074,0.9653642,0.56592107,0.39360496,0.92295754,0.54615915,0.39374954,0.418607,0.58147365,0.39880434,0.9604688,0.58153474,0.8491559,0.8757791,0.5933491,0.84394485,0.7908189,0.57750624,0.8230845,0.75611544,0.5464191,0.8491097,0.8847268,0.5345177,0.8439534,0.79581743,0.5463524,0.82306564,0.7810958
2023:03:04:19:56:05,up_90_1t_,29.731874704360962,74.39,73.87,180.00,77.93,0.5541167,0.39873478,0.9633204,0.5580711,0.4461356,0.8921756,0.5188588,0.44110885,0.9431399,0.46390158,0.44599935,0.8905126,0.42073926,0.46692926,0.91184425,0.60504806,0.44615325,0.87630653,0.6562519,0.45144722,0.82110864,0.7071457,0.47736558,0.9488498,0.55426514,0.6033502,0.8973943,0.5422261,0.6032894,0.90142846,0.54238254,0.7182535,0.82965136,0.5461581,0.8177363,0.930819,0.57789046,0.6033578,0.92458665,0.5778255,0.7236186,0.8927445,0.5777692,0.81779957,0.93989885,0.55021125,0.3935005,0.9661143,0.56593454,0.39360172,0.9236605,0.5461649,0.3937467,0.42708018,0.5814825,0.3988051,0.96178424,0.58152866,0.8491644,0.87266934,0.58958054,0.84394276,0.7880284,0.5775017,0.8230993,0.75491977,0.5464286,0.8491242,0.8828538,0.53453195,0.84397715,0.79364043,0.54634804,0.8230929,0.7761423
2023:03:04:19:56:05,up_90_1t_,29.78972029685974,74.40,73.86,180.00,77.91,0.55411375,0.3987308,0.9641479,0.5580791,0.44613642,0.8918449,0.51886356,0.44110397,0.9434793,0.4639178,0.4460257,0.8873162,0.4207541,0.466934,0.91092116,0.6050562,0.44616628,0.87623954,0.65626353,0.4514427,0.8226348,0.70715433,0.47737145,0.9498887,0.55426127,0.60334724,0.8981743,0.54222155,0.6032833,0.9021975,0.5423808,0.7182144,0.8272846,0.54614884,0.81769484,0.93068844,0.5778853,0.6033577,0.9255488,0.5778207,0.7236177,0.8933686,0.57777065,0.81778497,0.9419172,0.55021155,0.39349547,0.9656291,0.56593436,0.3936006,0.92383105,0.5461677,0.39373368,0.41847456,0.5814857,0.39880186,0.96169347,0.58150417,0.84913915,0.8684161,0.58955544,0.84392846,0.7890991,0.5775121,0.82308596,0.7613768,0.5463959,0.8490931,0.88672304,0.53448075,0.84392667,0.79486185,0.5463489,0.823036,0.7799533
2023:03:04:19:56:05,up_90_1t_,29.847565174102783,74.39,73.87,178.30,77.90,0.55410594,0.39873898,0.96391004,0.55807936,0.44613078,0.8920096,0.5188633,0.4411024,0.9440862,0.46390873,0.44601116,0.8896853,0.42074355,0.4669184,0.90939647,0.60504985,0.44615924,0.8771703,0.65625226,0.4564449,0.8216561,0.7071541,0.47736937,0.9483894,0.55427647,0.60335374,0.89466465,0.54222804,0.60329044,0.90074766,0.5423947,0.7182437,0.8286366,0.5461619,0.81772995,0.93112344,0.58146375,0.60335785,0.9241243,0.5778266,0.7236216,0.8920904,0.57776755,0.8177901,0.9399215,0.55020684,0.39350304,0.96608853,0.5659235,0.393608,0.92392784,0.5461646,0.39373156,0.4087609,0.58147824,0.39880455,0.96111685,0.58154106,0.8491536,0.86837184,0.59334695,0.8439352,0.78400713,0.5774936,0.8230882,0.75154316,0.5464446,0.8491218,0.88222706,0.53454596,0.843978,0.7938232,0.5463445,0.82308656,0.77591133
2023:03:04:19:56:05,up_90_1t_,29.90907859802246,74.39,73.88,178.23,77.90,0.5541066,0.39874405,0.9639301,0.55808705,0.44613457,0.8912094,0.5188663,0.4411091,0.94251305,0.46390557,0.44601345,0.88876194,0.42073917,0.46691373,0.90940493,0.60505646,0.44615778,0.8782965,0.6562741,0.45142522,0.8247935,0.70715684,0.4773629,0.947912,0.55427504,0.6033777,0.89417094,0.5422232,0.60331476,0.8986294,0.54239935,0.7182856,0.82998574,0.54616344,0.81774795,0.9317437,0.58146656,0.6081502,0.92482406,0.5778289,0.7236556,0.8932439,0.57776606,0.8178034,0.93906194,0.5502076,0.39350805,0.9664948,0.5659261,0.39361334,0.92447734,0.54616654,0.3937352,0.4039384,0.58148277,0.39880803,0.9607866,0.58153176,0.8491625,0.86881936,0.5895806,0.8439358,0.78502285,0.5774938,0.82309735,0.75098926,0.54644036,0.84912914,0.88237214,0.5345496,0.8439871,0.7933437,0.5463458,0.8231043,0.77639836
2023:03:04:19:56:05,up_90_1t_,29.97202777862549,74.34,73.94,178.33,77.89,0.554109,0.39873606,0.96385074,0.55808413,0.44614935,0.89059424,0.51886475,0.44111198,0.94333994,0.4639069,0.44601923,0.8876245,0.4207369,0.4669119,0.90866756,0.60505694,0.44617164,0.87710834,0.6562709,0.4564554,0.82291484,0.7071606,0.47736925,0.9499252,0.55431753,0.6081668,0.88938344,0.5422494,0.6033575,0.90082586,0.5424215,0.7183716,0.8354339,0.54614973,0.81776565,0.9268765,0.58151364,0.608188,0.92474335,0.57785857,0.7285533,0.8998002,0.57775456,0.8178074,0.93936193,0.5502075,0.39350158,0.9663696,0.5659289,0.39360553,0.92354476,0.5461669,0.39374182,0.4181143,0.5814822,0.39880967,0.96531993,0.581547,0.8491601,0.8723378,0.5933344,0.8439522,0.7897413,0.57747436,0.82309306,0.74873364,0.5464367,0.8491256,0.88025254,0.5345456,0.8439839,0.7916597,0.54632545,0.823121,0.77090245
2023:03:04:19:56:05,up_90_1t_,30.031867027282715,74.39,73.88,178.33,77.88,0.5541029,0.39874625,0.9643429,0.5580959,0.44613746,0.8901982,0.5188765,0.44111216,0.942308,0.46391025,0.44601497,0.8884274,0.4207426,0.46692833,0.911084,0.6050594,0.44616017,0.87767804,0.6600477,0.4514507,0.82354486,0.7071608,0.4773651,0.9486402,0.5543083,0.60336906,0.89070344,0.5422446,0.60330516,0.9020647,0.5424103,0.7183015,0.83108395,0.5461537,0.8177439,0.9280558,0.5814986,0.6033699,0.92355204,0.5778624,0.72364855,0.8948432,0.57776564,0.8177879,0.9416998,0.5502049,0.39351168,0.9671031,0.56591994,0.39361665,0.924924,0.54616696,0.39373788,0.39993843,0.58148193,0.39881095,0.9649707,0.581536,0.8491247,0.8682334,0.5895721,0.8438888,0.78514683,0.5774904,0.82307607,0.75165135,0.5464434,0.84909225,0.8773127,0.5345543,0.8439461,0.7893192,0.5463335,0.8230914,0.77301663
2023:03:04:19:56:05,up_90_1t_,30.089712619781494,74.34,73.92,178.33,77.88,0.5541034,0.39874992,0.9637735,0.558108,0.44614723,0.888767,0.5188848,0.44112805,0.93993527,0.46391714,0.44602507,0.88717407,0.4207496,0.46694997,0.91508436,0.60506594,0.44615763,0.87808,0.66005385,0.45144916,0.8235123,0.7071642,0.47736633,0.9496888,0.5543245,0.6081474,0.88807803,0.5422605,0.6033294,0.90432364,0.54241306,0.71834236,0.8312734,0.5461514,0.81774926,0.9277232,0.58151513,0.6081766,0.923536,0.5778663,0.72855425,0.9001261,0.57776415,0.81780016,0.9419405,0.5502042,0.3935151,0.9669358,0.56592345,0.39361885,0.92464876,0.546168,0.39374328,0.39717272,0.581486,0.39881477,0.9633785,0.5815298,0.8491404,0.8698416,0.5895679,0.8439107,0.7878934,0.57748944,0.82308906,0.7510897,0.5464411,0.84910595,0.88223004,0.534547,0.8439613,0.7933631,0.5463289,0.82309663,0.7731118
2023:03:04:19:56:05,up_90_1t_,30.147557735443115,74.38,73.89,178.33,77.88,0.5541015,0.39875504,0.96396357,0.5581018,0.44614163,0.8893792,0.5188825,0.44112068,0.9409817,0.46392754,0.44602868,0.88668317,0.42076027,0.46693063,0.9154536,0.6050602,0.44615123,0.87862766,0.6562674,0.45645294,0.821802,0.70715946,0.4773698,0.9501496,0.55432075,0.6033713,0.88904613,0.54225916,0.6033012,0.90446174,0.5423859,0.7182858,0.827302,0.54615146,0.81773496,0.93013835,0.5815061,0.6081464,0.92276496,0.577866,0.72851455,0.89397,0.57776946,0.817791,0.94140327,0.55020285,0.39351982,0.9681974,0.5659195,0.39362317,0.92487496,0.54616815,0.39374453,0.39740807,0.5814829,0.39881644,0.96396065,0.58152115,0.8491367,0.871899,0.5895711,0.84391606,0.7894127,0.57750154,0.82308537,0.7532298,0.5464232,0.84910774,0.8844348,0.5345194,0.8439535,0.7937108,0.5463407,0.8230826,0.7766049
2023:03:04:19:56:05,up_90_1t_,30.211387157440186,74.37,73.89,178.33,77.89,0.55410665,0.39874172,0.9638901,0.5581024,0.4461437,0.8890919,0.51888615,0.44112602,0.9390037,0.46393764,0.44601828,0.88696635,0.42077687,0.46692893,0.91621494,0.6050619,0.44614726,0.8791556,0.6600559,0.45644963,0.82190394,0.70717144,0.47738603,0.9515183,0.55432427,0.60333794,0.8901272,0.5422579,0.60327065,0.90479213,0.5423847,0.7182726,0.82761425,0.54614776,0.8177851,0.9294363,0.5815135,0.6033451,0.9229126,0.57786316,0.72364056,0.89184535,0.5777529,0.81780154,0.9395236,0.550207,0.39350894,0.9668021,0.5659259,0.39361334,0.9244466,0.546171,0.39374197,0.40603673,0.5814813,0.39881048,0.9644052,0.5815712,0.8491616,0.8737154,0.5933663,0.84394026,0.78856957,0.5738597,0.8230987,0.7430719,0.5464674,0.8491408,0.87895805,0.5345795,0.8440151,0.7924893,0.5463136,0.82315797,0.77307755
2023:03:04:19:56:05,up_90_1t_,30.26876926422119,73.02,75.24,178.33,77.90,0.5541112,0.3987376,0.96349716,0.55809206,0.4461504,0.8890279,0.51888114,0.44112697,0.93845063,0.46394172,0.44602317,0.8856,0.4207679,0.4669345,0.91568065,0.6050572,0.44615567,0.8772959,0.6562789,0.45646757,0.8217688,0.70716774,0.47738674,0.9520203,0.5580248,0.60330266,0.88950145,0.5422666,0.6032398,0.9056437,0.54238474,0.7182104,0.82456255,0.54615015,0.8177658,0.92943084,0.5815255,0.60331035,0.9224163,0.5778694,0.72360164,0.888243,0.57775515,0.8177822,0.9403346,0.5502099,0.39350477,0.96646416,0.56593245,0.39361084,0.9243164,0.54617167,0.3937442,0.41473508,0.58148164,0.39880916,0.96401864,0.58157223,0.84914184,0.8683486,0.5933668,0.84391505,0.78380495,0.5738597,0.82307667,0.7432922,0.5464782,0.8491186,0.874186,0.53459156,0.84399045,0.7894216,0.5463117,0.823138,0.7735398
2023:03:04:19:56:05,up_90_1t_,30.324620008468628,73.01,75.25,178.33,77.89,0.55410135,0.39874482,0.9646424,0.5580951,0.44614524,0.88931125,0.5188869,0.4411278,0.9380061,0.46395114,0.44601512,0.8867974,0.42079398,0.46690878,0.91640484,0.6050548,0.44614276,0.87803924,0.65627754,0.45645908,0.8233627,0.7071623,0.4773845,0.9540309,0.55803055,0.60329556,0.8891205,0.5422675,0.6032326,0.9051909,0.54239,0.71821797,0.82519853,0.5461476,0.8177707,0.9292362,0.58153224,0.60330397,0.92254674,0.5778708,0.7236087,0.8886678,0.5777578,0.8177949,0.93846434,0.55020535,0.39351323,0.96768165,0.56592,0.39361745,0.92462873,0.5461734,0.39375058,0.40473765,0.5814779,0.39881313,0.9651721,0.5815614,0.8491612,0.87241125,0.5933582,0.84394586,0.78746694,0.57746786,0.82309365,0.74378633,0.54645145,0.84913594,0.8759874,0.5345609,0.8439983,0.788286,0.54631966,0.82314086,0.77512896
2023:03:04:19:56:05,up_90_1t_,30.384459495544434,73.00,75.26,178.33,77.90,0.5541022,0.39874434,0.96491957,0.5580909,0.44615152,0.89014447,0.5188897,0.44113305,0.93703157,0.46396208,0.446017,0.8847199,0.42081782,0.4668989,0.91923696,0.6050511,0.44614714,0.8778805,0.6600528,0.45648992,0.82324165,0.70717454,0.47739792,0.95340896,0.5580489,0.603287,0.8886148,0.54227114,0.6032309,0.905542,0.5423991,0.71822333,0.8262465,0.546154,0.8177866,0.93109787,0.5815529,0.60328996,0.92293143,0.57789063,0.7235909,0.8897989,0.5777644,0.8177998,0.9401535,0.55020475,0.39351353,0.9682964,0.5659193,0.39361718,0.92449224,0.5461725,0.39375618,0.4172589,0.58147234,0.39881483,0.96540076,0.58157873,0.8491686,0.875208,0.5933752,0.84395176,0.788394,0.577471,0.8231047,0.74235415,0.5464788,0.8491483,0.87567747,0.5345989,0.8440245,0.7899827,0.5463166,0.8231612,0.77494514
2023:03:04:19:56:05,up_90_1t_,30.448289155960083,73.00,75.27,178.32,77.89,0.55410033,0.39874798,0.9640918,0.5580953,0.44615027,0.89016646,0.5188871,0.441133,0.93611795,0.46396202,0.44601762,0.8843703,0.42079905,0.46690032,0.91632944,0.60505366,0.44614834,0.8789118,0.65626395,0.45650852,0.82291853,0.7071649,0.47739878,0.95393217,0.558051,0.60328513,0.8881656,0.54226846,0.6032286,0.90374255,0.54239726,0.71819043,0.8243761,0.5461519,0.81776345,0.9326325,0.58155817,0.6032889,0.9227659,0.5778908,0.72355753,0.8849736,0.5777733,0.8177939,0.9405404,0.5502057,0.39351675,0.9673444,0.5659155,0.39362103,0.924393,0.54617405,0.39375955,0.40786105,0.58147055,0.39882192,0.9644598,0.5815617,0.84917665,0.8799693,0.5933732,0.8439729,0.7917352,0.5774882,0.823098,0.7468441,0.54645467,0.84914184,0.8757903,0.5345618,0.84400314,0.78778297,0.5463254,0.82313025,0.7776886
2023:03:04:19:56:05,up_90_1t_,30.506134033203125,73.01,75.24,178.34,77.90,0.5541112,0.39874083,0.9631726,0.55809504,0.44615874,0.89028084,0.5188886,0.44113818,0.9353439,0.4639651,0.4460375,0.88078135,0.42080006,0.46694642,0.917387,0.60505295,0.44614968,0.8778715,0.65625274,0.4565059,0.8232094,0.70715857,0.4773871,0.9519233,0.55803853,0.6033007,0.8876979,0.5422601,0.60325104,0.9032855,0.54239404,0.71821135,0.82464325,0.5461523,0.81777936,0.93184066,0.58154225,0.6032968,0.92236173,0.5778757,0.72356635,0.88615596,0.5777414,0.81778044,0.9386967,0.55021304,0.39351124,0.96564317,0.5659253,0.39361626,0.9242399,0.54617846,0.39376387,0.42211163,0.58146757,0.39882421,0.9633404,0.5815806,0.84917885,0.8769556,0.59337896,0.8439496,0.7892655,0.57382953,0.8230723,0.736893,0.55006653,0.8491523,0.87580895,0.5383652,0.8440473,0.79351336,0.54629546,0.8231597,0.7751267
2023:03:04:19:56:05,up_90_1t_,30.563979387283325,73.00,77.92,178.33,84.92,0.554122,0.3987439,0.96185625,0.5580902,0.44616804,0.889974,0.51888293,0.4459663,0.9343679,0.46395218,0.44603547,0.8807503,0.42077053,0.4669584,0.9147163,0.6050519,0.44615108,0.8782244,0.6562624,0.45648554,0.825114,0.70716023,0.47738126,0.9505167,0.5580803,0.60329247,0.8862195,0.5422862,0.60324395,0.9066212,0.5424027,0.71819144,0.82379925,0.54614794,0.81775206,0.93171245,0.5815828,0.60328954,0.92120886,0.57789683,0.72357535,0.887441,0.57774895,0.8177757,0.939066,0.5502168,0.39351422,0.9651741,0.5659325,0.39361578,0.92389435,0.54617846,0.39378417,0.44847816,0.5814612,0.39882585,0.96148103,0.5815741,0.84916764,0.8765882,0.59337354,0.84394616,0.79025304,0.57384026,0.8230605,0.7399839,0.54647964,0.8491234,0.87275743,0.53458923,0.84399056,0.7888557,0.54629636,0.82311696,0.77925664
2023:03:04:19:56:05,up_90_1t_,30.625813961029053,73.00,77.91,178.33,84.93,0.5541329,0.39873713,0.9611732,0.55808973,0.44616646,0.89042866,0.5188838,0.44596216,0.9338215,0.46396792,0.44602388,0.8810653,0.42078978,0.4669577,0.9153801,0.60505164,0.4461514,0.8792898,0.6562742,0.45647654,0.8241517,0.70716184,0.47739142,0.95165193,0.5580727,0.603312,0.8862293,0.5422805,0.603262,0.90422904,0.5424156,0.7181881,0.8241022,0.54614776,0.81775963,0.930486,0.58158,0.60331017,0.9215311,0.57789093,0.7235771,0.8874195,0.5777467,0.81777763,0.93937147,0.55022436,0.3935062,0.96476686,0.5659457,0.3936111,0.92376125,0.54618484,0.39379314,0.46990985,0.5814599,0.3988284,0.9611952,0.5816001,0.8491642,0.8734915,0.59339184,0.84393203,0.787457,0.5738318,0.8230721,0.7378584,0.5500653,0.84913427,0.87258863,0.5383608,0.84402233,0.7907573,0.54628664,0.8231335,0.77773654
2023:03:04:19:56:06,up_90_1t_,30.689643383026123,72.99,75.26,178.34,77.95,0.5541396,0.39873004,0.96072197,0.5580854,0.4461624,0.89079016,0.51888084,0.44114217,0.9348606,0.46396026,0.4460452,0.8800611,0.42077652,0.46694818,0.9149573,0.60505104,0.44614178,0.87989914,0.6562811,0.45646974,0.8242385,0.70716023,0.4773864,0.95085704,0.55808103,0.6033138,0.8858165,0.5422805,0.60326296,0.90531325,0.54240674,0.71824276,0.8252938,0.5461516,0.8178034,0.9292368,0.5815881,0.60331595,0.9212104,0.57789665,0.7236045,0.89057624,0.57774115,0.81778973,0.938539,0.55022866,0.3934988,0.96337163,0.56595415,0.39360487,0.92354906,0.5461882,0.3937984,0.4851141,0.5814601,0.39882678,0.9601882,0.5816104,0.8491736,0.8751962,0.593392,0.8439314,0.7885286,0.5738176,0.82307994,0.7319026,0.55009836,0.84916854,0.8716493,0.5384123,0.8490024,0.7936858,0.54628086,0.823188,0.7728098
2023:03:04:19:56:06,up_90_1t_,30.747488975524902,72.99,77.93,177.83,84.96,0.5541514,0.3987233,0.9595328,0.5580886,0.4461688,0.89015555,0.5188806,0.44596416,0.93262833,0.4639678,0.44605127,0.8787775,0.42078805,0.46692848,0.9127356,0.6050528,0.44614148,0.8798849,0.6562809,0.4564743,0.8240358,0.7071634,0.47738433,0.94960564,0.5580822,0.60332173,0.8860843,0.5422716,0.60327137,0.90439165,0.5423944,0.7182309,0.8229179,0.54615086,0.8178049,0.9281944,0.5815989,0.6033252,0.92081785,0.581438,0.7236004,0.88887227,0.577743,0.81779444,0.9372526,0.5502358,0.39349425,0.96183085,0.56596905,0.3935991,0.9229429,0.54619575,0.39381546,0.50781,0.5814603,0.39882547,0.958315,0.5815974,0.8491773,0.87559277,0.59338063,0.8439466,0.78845656,0.5738245,0.82308286,0.7328334,0.55008507,0.84916514,0.8682649,0.53840154,0.8489961,0.7893476,0.54628724,0.82318646,0.77156395
2023:03:04:19:56:06,up_90_1t_,30.805333852767944,72.98,77.93,177.83,84.99,0.5541755,0.3987116,0.957855,0.55808115,0.44617406,0.89018816,0.51887065,0.44596332,0.931983,0.46395984,0.44605318,0.87923837,0.420779,0.46696565,0.9135952,0.6050519,0.4461492,0.8791336,0.6562778,0.45646098,0.82527447,0.7071555,0.4773762,0.9490852,0.5581097,0.6033154,0.88385737,0.54228127,0.60326564,0.9059669,0.542387,0.7182129,0.8201931,0.54615074,0.81780076,0.9296867,0.5816308,0.60331863,0.91809475,0.5814602,0.72359556,0.8910049,0.57775563,0.8178003,0.9398078,0.5502515,0.39348263,0.96019506,0.56600255,0.39359125,0.9230558,0.54621047,0.3938315,0.5508535,0.5814666,0.39882404,0.9564289,0.58159685,0.8491874,0.8788871,0.59338677,0.84396154,0.7909229,0.5738417,0.8231039,0.7342014,0.5500656,0.8491735,0.8730573,0.5383758,0.8489936,0.79195064,0.5462933,0.8231848,0.7737624
2023:03:04:19:56:06,up_90_1t_,30.865174293518066,72.97,77.93,177.82,85.04,0.55421174,0.39870465,0.95450103,0.558081,0.4461776,0.88993347,0.5188659,0.4459728,0.9307333,0.46396676,0.44606218,0.8786122,0.42079762,0.46696728,0.9157945,0.6050593,0.44613892,0.88100016,0.6600513,0.45645532,0.8259599,0.70715976,0.4773711,0.9482733,0.5581309,0.60330236,0.8822483,0.5422922,0.6032548,0.90804195,0.5423885,0.71822554,0.82079893,0.5461567,0.8178092,0.9305099,0.5816537,0.6033076,0.91543233,0.58147717,0.7235826,0.8921597,0.57775307,0.8178064,0.9392395,0.55026996,0.39347485,0.95734954,0.56978846,0.3935831,0.9243775,0.5462224,0.3938493,0.6119695,0.5814753,0.398819,0.9519121,0.58161235,0.84919626,0.8791672,0.59340376,0.84396136,0.7912023,0.5738319,0.82310814,0.73032457,0.5500766,0.84918004,0.8718006,0.53839284,0.8490053,0.7934747,0.5462901,0.823196,0.7742347
2023:03:04:19:56:06,up_90_1t_,30.928592205047607,73.00,75.24,177.83,78.01,0.55420995,0.3987176,0.9552996,0.5581066,0.44617105,0.8882795,0.51887715,0.441147,0.93098766,0.46395755,0.44605684,0.8767989,0.42079604,0.46700567,0.914352,0.6050885,0.4461584,0.88418347,0.66007555,0.4564524,0.8229405,0.70717216,0.47736105,0.9440963,0.55812293,0.60326505,0.88325393,0.54229534,0.6032125,0.9056529,0.5423962,0.71314967,0.82023394,0.54615754,0.8178331,0.9316139,0.581644,0.6032762,0.91865706,0.58146644,0.72352225,0.88486767,0.57775664,0.81780636,0.9403568,0.5502722,0.39348724,0.96089244,0.5697954,0.39359367,0.9276192,0.54623336,0.39383888,0.57116807,0.5815008,0.3988143,0.9567681,0.5816306,0.8491994,0.87408733,0.59342307,0.8439705,0.78524053,0.5738311,0.82312155,0.73089534,0.55010426,0.84920967,0.87625897,0.5384213,0.8490504,0.80065393,0.5462868,0.82818466,0.773129
2023:03:04:19:56:06,up_90_1t_,30.985996961593628,73.01,77.90,177.82,85.00,0.5542082,0.3987212,0.95603025,0.55810386,0.4461712,0.88793755,0.518877,0.4459642,0.93139577,0.46395156,0.44606104,0.8777224,0.4207919,0.46698907,0.91285527,0.60508263,0.4461569,0.8846253,0.660062,0.45646963,0.82147694,0.7071725,0.4773576,0.94519126,0.558106,0.60325867,0.8845283,0.5422959,0.60320604,0.905784,0.54239404,0.7131593,0.82035595,0.54615587,0.8178037,0.9314857,0.58162445,0.60326564,0.9205895,0.5814629,0.7235269,0.8857326,0.5777483,0.8177954,0.9406876,0.55027145,0.3934918,0.9618455,0.56979567,0.39359856,0.9284859,0.54623413,0.3938402,0.5666839,0.5815016,0.39882067,0.9555587,0.5816079,0.84918773,0.87218815,0.5933955,0.8439644,0.78490907,0.5738241,0.8231008,0.735568,0.55008394,0.8491806,0.8772571,0.53839916,0.8490115,0.7979976,0.54629105,0.82319427,0.77434045
2023:03:04:19:56:06,up_90_1t_,31.04384207725525,73.00,77.92,177.82,85.00,0.5542034,0.3987152,0.9566447,0.55810004,0.44617635,0.88784695,0.51886755,0.4459682,0.9308478,0.4639563,0.4460485,0.87765235,0.42081237,0.46696636,0.91216254,0.6050813,0.44616163,0.8849736,0.6600573,0.4514288,0.82346857,0.70717263,0.47736394,0.9468673,0.5581163,0.6032645,0.8851031,0.5423022,0.6032134,0.90533364,0.5423984,0.7131554,0.82154053,0.5461539,0.8178184,0.9315322,0.58163637,0.60326934,0.9220907,0.5814634,0.72350335,0.88274497,0.57773346,0.8177976,0.94018006,0.5502682,0.39348507,0.9616635,0.5697913,0.39359313,0.92769575,0.54623276,0.3938345,0.56039107,0.5815031,0.39881623,0.95402443,0.58161396,0.84918386,0.87194705,0.59339434,0.8439609,0.78449804,0.57380354,0.8231067,0.73000145,0.5501028,0.8491955,0.8774059,0.5384108,0.8490395,0.80115914,0.5462759,0.8281709,0.77102727
2023:03:04:19:56:06,up_90_1t_,31.103682041168213,73.01,77.92,177.82,84.99,0.5542045,0.39872292,0.95630187,0.5581015,0.44618377,0.887528,0.51886773,0.44596934,0.93033236,0.46396518,0.44604534,0.8772371,0.42080024,0.46696138,0.91185516,0.6050837,0.44617575,0.88414425,0.6562651,0.45645607,0.8195212,0.7071735,0.47737166,0.9469615,0.55810857,0.6032649,0.8856046,0.5422965,0.60320985,0.90278774,0.5424043,0.7131181,0.82285434,0.5461537,0.81780297,0.9319625,0.58163196,0.6032733,0.9231912,0.5814537,0.7234805,0.8801981,0.5777249,0.8177878,0.93990093,0.55026704,0.39349335,0.96258324,0.56979316,0.393599,0.9283036,0.54623204,0.393837,0.5587995,0.5815057,0.39881673,0.95358014,0.5816116,0.8491794,0.86995405,0.59339106,0.84395176,0.7832281,0.573791,0.8230903,0.7304565,0.55010146,0.8491796,0.8744679,0.5384097,0.84902096,0.798119,0.54627484,0.8232071,0.7720116
2023:03:04:19:56:06,up_90_1t_,31.167510986328125,73.01,77.93,177.83,84.99,0.55420077,0.39872018,0.9569636,0.55810344,0.44618204,0.88785326,0.5188705,0.4459695,0.9303306,0.46395773,0.4459975,0.88471335,0.42078233,0.46695015,0.9130141,0.60507584,0.4461794,0.8831909,0.6562286,0.45646128,0.8185642,0.7071716,0.47736534,0.94490457,0.55810297,0.6032605,0.88637555,0.54230696,0.60320544,0.9026084,0.5424218,0.7131182,0.82543117,0.54615647,0.8178145,0.932909,0.5816169,0.6032663,0.9253484,0.58144075,0.7234593,0.8762335,0.57772416,0.81779236,0.9394369,0.5502665,0.39349124,0.9619229,0.5697883,0.3935961,0.92770535,0.5462322,0.39383262,0.5431563,0.5815094,0.3988123,0.9530016,0.5816199,0.8491861,0.87283176,0.59339684,0.84396136,0.78529495,0.57379085,0.82309806,0.727619,0.5501241,0.84918576,0.87361836,0.5384309,0.84903485,0.799416,0.54626954,0.8281727,0.7699592
2023:03:04:19:56:06,up_90_1t_,31.225356817245483,73.03,77.91,177.80,84.97,0.5541819,0.39871672,0.9594113,0.5581045,0.44619936,0.8864041,0.51887125,0.44598824,0.92852336,0.46397412,0.44598612,0.8839328,0.42079318,0.46697482,0.9140091,0.6050829,0.44620097,0.88177717,0.65624386,0.45645916,0.8165902,0.70718485,0.477367,0.944494,0.558084,0.6033081,0.88875127,0.542274,0.60325915,0.8979231,0.5424392,0.71824014,0.82883704,0.5461609,0.8178779,0.9312681,0.5816185,0.6033094,0.92672753,0.5814676,0.72350526,0.88071376,0.5777265,0.81782556,0.9408041,0.5502589,0.39348617,0.96146494,0.5697736,0.39359438,0.9272229,0.5462292,0.39381146,0.49146274,0.5815235,0.39881793,0.955796,0.5816619,0.84920573,0.87142265,0.59341925,0.8439711,0.78385967,0.5737772,0.8231309,0.72350514,0.55017024,0.8492288,0.86975646,0.5384889,0.8490992,0.80251145,0.54625356,0.8282548,0.7710962
2023:03:04:19:56:06,up_90_1t_,31.282759189605713,73.03,77.91,177.80,84.97,0.5541842,0.39872277,0.9595516,0.55810416,0.4461979,0.8867537,0.51888114,0.4459874,0.92923844,0.46397698,0.44597805,0.8856024,0.42079526,0.46698418,0.91376615,0.60507315,0.4462006,0.88140315,0.6562283,0.45650667,0.81402194,0.7071939,0.4773765,0.94252586,0.55807716,0.6032879,0.8912353,0.5422869,0.60324067,0.9003563,0.54244334,0.71819144,0.82855296,0.54615945,0.8178595,0.9329931,0.5816023,0.6032888,0.92964643,0.5814664,0.7234646,0.87670505,0.57773846,0.8178268,0.9419157,0.55026156,0.39348873,0.96199316,0.5697808,0.39360037,0.92810905,0.5462309,0.39380392,0.4878776,0.58153075,0.3988191,0.95703024,0.5816369,0.8492078,0.87105924,0.5933972,0.84399503,0.78290725,0.5738024,0.82313424,0.7293648,0.5501411,0.84921795,0.8732723,0.53845865,0.84907603,0.8013327,0.5462688,0.82822436,0.771706
2023:03:04:19:56:06,up_90_1t_,31.34459376335144,73.04,77.90,177.80,84.97,0.55418205,0.39872664,0.95938385,0.55810356,0.44619715,0.88695884,0.5188825,0.44598687,0.92829823,0.4639872,0.44596323,0.8861147,0.4208033,0.46699044,0.91456825,0.60506964,0.44620606,0.87965137,0.6562261,0.45648602,0.81419986,0.7071852,0.47737336,0.9416685,0.5580749,0.6032784,0.890962,0.5422964,0.60322994,0.9009546,0.54244465,0.71315,0.82964635,0.54615575,0.8178407,0.93318444,0.5815933,0.60327935,0.9296324,0.5814616,0.7234465,0.8754572,0.57773334,0.8178203,0.94172406,0.55026126,0.3934923,0.9621977,0.56977844,0.39360526,0.92837477,0.5462259,0.39379832,0.47813898,0.5815331,0.39882272,0.9567832,0.58162886,0.84920156,0.87177867,0.59338677,0.8439899,0.7839705,0.57379854,0.8231237,0.7310551,0.55012757,0.84919935,0.87194395,0.5384435,0.84905005,0.7980804,0.5462691,0.8281963,0.77300924
2023:03:04:19:56:06,up_90_1t_,31.41041851043701,73.04,77.90,177.80,84.98,0.5541909,0.3987429,0.9583829,0.5581182,0.44619858,0.8847798,0.5188946,0.44599998,0.9267394,0.46399102,0.44114634,0.8880286,0.4207954,0.46699983,0.91414666,0.60507715,0.44620526,0.88010216,0.6562254,0.45650277,0.81283516,0.70720476,0.47736773,0.9393955,0.558082,0.60328424,0.891188,0.54230887,0.6032364,0.90298975,0.54245603,0.7182041,0.83124864,0.5461589,0.8178569,0.9331174,0.5815938,0.6032852,0.92997444,0.5814589,0.723476,0.8770254,0.5777303,0.81783205,0.9404512,0.5502651,0.39350712,0.96349126,0.56979,0.3936193,0.9300748,0.54623395,0.39380684,0.4830511,0.5815424,0.3988294,0.9579364,0.5816418,0.8492024,0.8688768,0.5933901,0.8439848,0.7824906,0.5737926,0.8231348,0.72773767,0.55014545,0.8492112,0.87154746,0.53846127,0.8490688,0.80004644,0.5462644,0.8282163,0.7730401
2023:03:04:19:56:06,up_90_1t_,31.468262910842896,73.04,77.92,177.80,85.00,0.5542116,0.39878443,0.9538818,0.5581429,0.44618613,0.8827224,0.5189135,0.44600645,0.9261334,0.46775433,0.4411235,0.89166754,0.4208289,0.4669659,0.91160494,0.6050929,0.44619352,0.88244534,0.6562542,0.45652434,0.8127138,0.7072242,0.47737432,0.93658304,0.5580897,0.6033092,0.89278567,0.5423053,0.60326487,0.90296125,0.5460591,0.7182692,0.8365437,0.54616207,0.8178816,0.9330711,0.5816104,0.60330623,0.93080974,0.5814744,0.72349197,0.87968385,0.57774454,0.8178424,0.94127446,0.5502724,0.39353964,0.9661802,0.5698147,0.39364982,0.9328759,0.54624,0.39381844,0.50198156,0.58156097,0.39883822,0.95762944,0.58163935,0.84922016,0.87603164,0.5933919,0.84401536,0.78735816,0.5738094,0.8231411,0.730929,0.5501302,0.849237,0.87256885,0.53845006,0.84909177,0.7989491,0.5462769,0.82824075,0.7747903
2023:03:04:19:56:06,up_90_1t_,31.526108264923096,73.04,77.91,177.78,85.01,0.55421716,0.39878955,0.95329344,0.5581443,0.44617525,0.8836684,0.5189174,0.44600463,0.9256083,0.4677806,0.44112775,0.89240223,0.4208481,0.46697187,0.91330135,0.6050883,0.44616958,0.8841244,0.6562559,0.45652735,0.81493807,0.707226,0.4773627,0.9332546,0.55808103,0.6033156,0.89400834,0.54230106,0.6032789,0.902169,0.54607457,0.7182954,0.84124476,0.54616,0.8178917,0.93306077,0.5816039,0.6033073,0.9321697,0.58150274,0.72347265,0.8789837,0.5777666,0.8178512,0.94268703,0.5502772,0.39354467,0.96665746,0.56981856,0.39365384,0.93339825,0.54624856,0.39382246,0.5057696,0.5815669,0.39884043,0.9573967,0.58165455,0.84922224,0.87668705,0.5934083,0.84402275,0.7871056,0.57383627,0.8231561,0.73393106,0.55012494,0.8492403,0.8712207,0.53844583,0.84909433,0.796802,0.5462771,0.828251,0.776043
2023:03:04:19:56:06,up_90_1t_,31.587943077087402,73.04,77.90,177.76,85.02,0.5542233,0.39880118,0.9526866,0.55816704,0.4461565,0.8831257,0.5189343,0.4460047,0.92506194,0.46779102,0.44112408,0.89314973,0.42084804,0.46698982,0.9142167,0.6051034,0.44614878,0.88814944,0.66006625,0.45649686,0.81355226,0.7072532,0.4773453,0.92669654,0.55809456,0.6033197,0.8942689,0.5423079,0.6032809,0.90306276,0.54608595,0.7183409,0.8441234,0.54616356,0.8179307,0.9312391,0.5816166,0.6033157,0.9343719,0.58151454,0.72348833,0.881999,0.5777476,0.8178599,0.943681,0.55027795,0.3935543,0.9680961,0.56982195,0.39365706,0.93364775,0.5462498,0.3938225,0.5093341,0.5815756,0.39882946,0.9605054,0.5816788,0.8492329,0.8745207,0.59341395,0.8440109,0.78508633,0.5737964,0.8231556,0.72557575,0.5501886,0.8492658,0.8673183,0.53851336,0.84914523,0.8003396,0.5462498,0.82831234,0.7752184
2023:03:04:19:56:07,up_90_1t_,31.651772260665894,73.04,77.88,177.76,85.01,0.5542162,0.39880478,0.95383936,0.55817264,0.44612858,0.88429636,0.51894,0.44598448,0.9257375,0.4678099,0.44111913,0.89380884,0.4208534,0.46699128,0.9147867,0.6051067,0.44613296,0.889813,0.660078,0.45648298,0.8150088,0.7072614,0.47733998,0.9263689,0.5580976,0.6032908,0.89481986,0.54231995,0.6032509,0.9054613,0.5460808,0.7183032,0.84319335,0.5461604,0.8179238,0.9335627,0.58161104,0.60328764,0.9351461,0.58151853,0.72344804,0.87968504,0.5777536,0.8178537,0.9440466,0.55027497,0.393557,0.96880114,0.56981134,0.39365926,0.9335531,0.5462445,0.39380553,0.48992324,0.58157706,0.39882264,0.9621352,0.58169323,0.84922665,0.8770173,0.5934399,0.84399915,0.78593314,0.57380056,0.82315814,0.724053,0.550194,0.8492612,0.86847293,0.53851557,0.84914196,0.8026721,0.5462436,0.82830364,0.7784008
2023:03:04:19:56:07,up_90_1t_,31.709617853164673,73.03,77.88,177.74,85.00,0.5542118,0.39880422,0.9549885,0.55819064,0.44611272,0.88289666,0.5189525,0.44598114,0.9251692,0.46782425,0.44114062,0.8913317,0.42086023,0.46700922,0.91534066,0.60511196,0.44612864,0.8895527,0.660085,0.4564841,0.8139113,0.70726013,0.47733977,0.926447,0.55812216,0.6032142,0.89341044,0.54234767,0.60317016,0.9088876,0.5460848,0.71823114,0.84153754,0.5461658,0.81790876,0.93546104,0.5816267,0.60321355,0.9347616,0.58155036,0.7233747,0.87699974,0.57776535,0.817842,0.9460219,0.55027544,0.39355627,0.96867657,0.56980896,0.39366287,0.93422043,0.5462435,0.39379635,0.47437346,0.5815817,0.39883152,0.96494603,0.58168024,0.8492124,0.8790944,0.5934333,0.8439858,0.78661966,0.57381827,0.8231432,0.72610605,0.5501814,0.84924865,0.86883396,0.5385036,0.8491195,0.8004935,0.546258,0.82828,0.7775276
2023:03:04:19:56:07,up_90_1t_,31.76546883583069,74.42,76.52,177.74,80.55,0.55421436,0.39881456,0.95410484,0.5619507,0.4461216,0.8818963,0.5189604,0.4459982,0.92282957,0.46782836,0.44114506,0.88929236,0.42085776,0.46700463,0.9144213,0.60513204,0.44613802,0.8900858,0.6601131,0.456491,0.8148654,0.7072856,0.4773314,0.9227327,0.5581205,0.60325813,0.8947232,0.5423462,0.6032111,0.90879214,0.54610974,0.71833026,0.8477923,0.5461607,0.81793743,0.9315182,0.5816282,0.603264,0.935778,0.58155054,0.72344464,0.8821625,0.5777572,0.81786513,0.9450463,0.5502767,0.393563,0.9685614,0.56981355,0.3936689,0.93473804,0.5462452,0.39380038,0.46483195,0.58159167,0.39884207,0.9683433,0.5816949,0.84922075,0.8772328,0.593431,0.8440002,0.78809226,0.57380193,0.8231561,0.72643363,0.55018395,0.8492516,0.866874,0.5385101,0.84912413,0.8000784,0.54624337,0.82831234,0.778457
2023:03:04:19:56:07,up_90_1t_,31.82530903816223,74.42,76.53,177.74,80.53,0.5542253,0.39883626,0.95205426,0.5619833,0.44613245,0.8806456,0.51898414,0.44601452,0.91929895,0.46785048,0.4411468,0.8886602,0.4208543,0.4669886,0.91172725,0.6051493,0.44615567,0.8906474,0.6600971,0.45655203,0.8132565,0.7072699,0.47733837,0.9222982,0.55813074,0.60323715,0.8952904,0.54235506,0.60318184,0.91134995,0.54612106,0.7183163,0.8488399,0.5461714,0.8179269,0.93386996,0.5816361,0.60325193,0.93625283,0.5815492,0.7234562,0.8852027,0.57775575,0.8178428,0.9452203,0.55028254,0.39358008,0.96858567,0.5698265,0.3936858,0.9364706,0.54625213,0.39381257,0.46436834,0.58160174,0.39885357,0.9707762,0.5816723,0.84921557,0.8813107,0.5934162,0.84399027,0.7894719,0.57380545,0.82312185,0.7260694,0.55018663,0.8492516,0.8710061,0.5385152,0.84912044,0.80237615,0.5462551,0.82829356,0.7780977
2023:03:04:19:56:07,up_90_1t_,31.88671636581421,74.43,76.53,177.74,80.51,0.5542292,0.39880854,0.95314157,0.56200534,0.44614017,0.880852,0.5190106,0.44601834,0.9164455,0.46785673,0.4411364,0.8910562,0.42086467,0.46698982,0.912265,0.6051496,0.44616956,0.8908557,0.6601012,0.45656654,0.81486255,0.7072749,0.47733796,0.9224988,0.5581467,0.6032429,0.89554894,0.5423731,0.60317814,0.91451234,0.5461287,0.71834004,0.85245246,0.5461751,0.81792766,0.9348738,0.5816475,0.6032686,0.9366399,0.58156043,0.723476,0.889461,0.5777644,0.8178408,0.94743353,0.5502905,0.39355996,0.96557933,0.56983316,0.39366493,0.93573546,0.54625744,0.39381802,0.46780443,0.5816042,0.39885277,0.9706987,0.5816756,0.84920144,0.87854886,0.59341466,0.84397393,0.787833,0.57381666,0.8231183,0.72809833,0.55018926,0.8492339,0.8715073,0.5385225,0.8491033,0.8024555,0.5462578,0.8282865,0.7795461
2023:03:04:19:56:07,up_90_1t_,31.946598291397095,74.44,76.53,177.73,80.54,0.5542641,0.39880773,0.94935673,0.5620127,0.44614667,0.8797945,0.51901495,0.4460262,0.9157676,0.4678523,0.4411392,0.88916284,0.42085627,0.4669993,0.9115031,0.6051567,0.44617757,0.8904991,0.6601185,0.45654508,0.8158807,0.7072968,0.4773435,0.9207462,0.55814433,0.60321975,0.89472497,0.54238504,0.60315514,0.9145256,0.5461337,0.7183066,0.8516822,0.54615587,0.8179329,0.93486714,0.5816396,0.60324335,0.93680286,0.5815756,0.7234395,0.88368523,0.57777727,0.8178446,0.949957,0.5503108,0.39356026,0.96557355,0.5698712,0.3936617,0.93763447,0.5462824,0.39384043,0.50983983,0.58161515,0.39884517,0.9684687,0.58168817,0.8492159,0.8812823,0.59343624,0.8439963,0.7889955,0.57382697,0.8231306,0.7309542,0.5501787,0.8492311,0.8693285,0.53850615,0.84910154,0.79819924,0.54623926,0.8282872,0.7818198
2023:03:04:19:56:07,up_90_1t_,32.00397491455078,74.44,76.53,177.72,80.58,0.5542886,0.398816,0.9454948,0.5620075,0.44615376,0.87934375,0.5190109,0.44603148,0.9153813,0.4678486,0.4411435,0.8879441,0.4208555,0.46700916,0.9108622,0.6051546,0.44617796,0.8907018,0.6601142,0.4565578,0.8177073,0.7072775,0.4773361,0.9222999,0.5581427,0.6032202,0.8959639,0.5423881,0.60315645,0.9150412,0.5461426,0.718296,0.8525376,0.54615164,0.817939,0.93338126,0.58163506,0.6032414,0.9381655,0.58157766,0.7234175,0.8831485,0.5777697,0.8178336,0.9511294,0.55032265,0.3935666,0.9640671,0.5699019,0.3936662,0.93880665,0.5462889,0.39385712,0.5483706,0.5816238,0.39884615,0.9649525,0.581717,0.8491895,0.8754239,0.5934582,0.84395003,0.78481054,0.573806,0.8231216,0.72780895,0.55020386,0.8492283,0.86762106,0.5422223,0.84912133,0.8004957,0.5462191,0.8282991,0.7814161
2023:03:04:19:56:07,up_90_1t_,32.063815116882324,74.43,76.53,177.71,80.62,0.554312,0.39881265,0.94246083,0.5619954,0.44615328,0.87945324,0.51900464,0.4460321,0.916326,0.4678501,0.44114244,0.8884337,0.4208631,0.4669991,0.9106906,0.6051412,0.44616398,0.8898716,0.66008806,0.45656425,0.8156921,0.70726776,0.4773381,0.92320603,0.55813825,0.6031804,0.896276,0.54238814,0.6031154,0.9143478,0.54613507,0.7182251,0.84884435,0.5461554,0.81792545,0.93498075,0.5816362,0.6032038,0.9379667,0.5815897,0.72337496,0.879704,0.5777814,0.81783795,0.9514559,0.5503344,0.39356655,0.96307224,0.569929,0.3936641,0.93986946,0.5462902,0.39386252,0.59517395,0.581625,0.39884517,0.96283466,0.58169305,0.8492033,0.8793897,0.59344673,0.843979,0.7867883,0.57382846,0.8231267,0.7299995,0.550183,0.84921944,0.8678348,0.53850985,0.8490924,0.7974231,0.5462367,0.8282806,0.7808209
2023:03:04:19:56:07,up_90_1t_,32.127644538879395,74.45,76.52,177.71,80.61,0.5543077,0.39879033,0.9441323,0.5619944,0.4461672,0.8793345,0.51900214,0.44603798,0.91644925,0.46783772,0.44113174,0.8909454,0.4208608,0.46701735,0.9113996,0.60514194,0.4461728,0.88998,0.6600872,0.45657626,0.81569386,0.7072661,0.47732565,0.92323285,0.5581279,0.6031982,0.89910185,0.542381,0.6031417,0.91652024,0.5461359,0.7182248,0.84987414,0.5461619,0.8179327,0.9357801,0.581627,0.6032142,0.9404293,0.581586,0.7233792,0.8806479,0.57778025,0.81783766,0.9516095,0.5503344,0.39354855,0.9620472,0.56992596,0.39364794,0.93815565,0.5462929,0.39386153,0.5955193,0.5816217,0.39884812,0.964455,0.58169895,0.8492098,0.8822665,0.59345514,0.8439791,0.78926915,0.5738287,0.82313216,0.7281994,0.5501978,0.84922785,0.8684456,0.54221743,0.84911287,0.79938316,0.546242,0.8282938,0.78159434
2023:03:04:19:56:07,up_90_1t_,32.185489654541016,74.45,76.08,177.71,80.59,0.554296,0.39879048,0.9460243,0.56199884,0.44617158,0.8791983,0.5190061,0.4460426,0.9159863,0.46786657,0.4411494,0.88828564,0.42447892,0.46701357,0.9103898,0.6051456,0.44617417,0.8899,0.6600909,0.45656306,0.8169608,0.70726055,0.47732067,0.9225234,0.55812466,0.603201,0.89866114,0.54237276,0.60314566,0.91477215,0.54613227,0.71821415,0.8491746,0.54615957,0.81792194,0.9375946,0.581627,0.6032179,0.9394908,0.58159256,0.72336274,0.87970936,0.57778436,0.81782734,0.9530874,0.5503292,0.393549,0.96300364,0.5699133,0.39364994,0.93797624,0.5462914,0.39386097,0.5761303,0.5816207,0.39885038,0.96485156,0.58169216,0.84920096,0.88355035,0.5934532,0.84397167,0.7892355,0.57383114,0.82312095,0.7307168,0.5501835,0.8492204,0.87075865,0.5385141,0.84909105,0.799947,0.5462422,0.82827747,0.7834681
2023:03:04:19:56:07,up_90_1t_,32.243335485458374,74.46,76.11,177.71,80.60,0.5543026,0.39879575,0.94510144,0.56200665,0.44618434,0.878241,0.51900715,0.44605625,0.91520196,0.46785724,0.44113234,0.89067394,0.42448723,0.466965,0.9076132,0.6051514,0.4461816,0.88981754,0.6600847,0.45657468,0.81620866,0.70724934,0.47732094,0.92297536,0.5581195,0.6032224,0.8992489,0.5423694,0.6031705,0.9148596,0.54613703,0.71822065,0.850785,0.5461634,0.81793034,0.93720007,0.58162135,0.60323673,0.9400612,0.58158535,0.7233884,0.8819629,0.57777995,0.81782585,0.9529881,0.550332,0.39355356,0.96272445,0.56992215,0.39365464,0.9383537,0.54629004,0.3938672,0.5831734,0.58162445,0.39885703,0.9626077,0.58168167,0.8491972,0.88576925,0.59343207,0.8439644,0.79067254,0.57382715,0.8231182,0.7302294,0.5501837,0.84922916,0.87200075,0.53851706,0.8491011,0.8002912,0.5462477,0.82829255,0.7835225
2023:03:04:19:56:07,up_90_1t_,32.30475425720215,74.46,76.09,177.69,80.60,0.55430627,0.3987949,0.9446972,0.56200534,0.4461817,0.8781615,0.5190069,0.4460556,0.9152989,0.46785238,0.44112417,0.89125156,0.42448393,0.46699512,0.9068155,0.60515183,0.4461817,0.8894004,0.6600852,0.45655382,0.81924284,0.7072461,0.47732472,0.9251102,0.55811274,0.60321254,0.8994581,0.5423592,0.6031648,0.9141121,0.5461303,0.7182236,0.84955996,0.5461657,0.8179091,0.93772185,0.5816171,0.6032232,0.93978894,0.58160335,0.7233844,0.8823755,0.57778674,0.81780815,0.95441663,0.55033445,0.39355418,0.9626479,0.5699269,0.3936559,0.9386949,0.5462914,0.39386883,0.58399165,0.5816266,0.39886236,0.96337664,0.58168644,0.8491738,0.8847375,0.59344417,0.84394264,0.7911874,0.57383776,0.8230925,0.7371565,0.5501629,0.8492091,0.87122273,0.5385008,0.8490714,0.7972361,0.54626,0.8282591,0.78308815
2023:03:04:19:56:07,up_90_1t_,32.3705780506134,74.45,76.08,177.67,80.63,0.5543177,0.39879784,0.94252884,0.5620009,0.44618818,0.87767583,0.5189958,0.44606593,0.91645986,0.4678753,0.4411327,0.88957673,0.4244921,0.46702558,0.9086938,0.60516113,0.44617522,0.8903803,0.66009253,0.45655954,0.8191265,0.7072383,0.47732118,0.9254445,0.5581226,0.60324514,0.9005493,0.54236174,0.6032029,0.9168565,0.54613376,0.7182508,0.85157704,0.54616857,0.8179098,0.93785745,0.58162427,0.6032479,0.9414972,0.5816259,0.7234047,0.884871,0.5777911,0.81782126,0.955141,0.5503378,0.39355654,0.9617005,0.573626,0.39365384,0.93899727,0.5462889,0.39386877,0.6091485,0.581626,0.39886054,0.96122813,0.58170265,0.8491792,0.8864547,0.5934584,0.84395874,0.7945209,0.5738418,0.82311565,0.73718005,0.5501696,0.84920704,0.87167823,0.53850603,0.84907085,0.79923415,0.5462585,0.82826304,0.78253865
2023:03:04:19:56:07,up_90_1t_,32.42845797538757,74.46,76.07,177.68,80.63,0.5543226,0.3987936,0.9420995,0.56199986,0.44618988,0.87757313,0.51900035,0.4460656,0.9163968,0.467887,0.44115195,0.8874096,0.42450222,0.46703014,0.90955675,0.6051561,0.44618553,0.88971895,0.6600905,0.45655286,0.8192264,0.7072364,0.4773159,0.924687,0.55811226,0.60323423,0.9009317,0.54236186,0.60318935,0.9169266,0.54613465,0.71821797,0.8517585,0.5461672,0.81790936,0.93840957,0.58160865,0.60324055,0.94239485,0.5816016,0.72339404,0.8852684,0.57777786,0.8178222,0.9543312,0.55034095,0.39355436,0.960843,0.5736294,0.39364997,0.93910295,0.54629326,0.39387402,0.6135175,0.5816252,0.39885935,0.96045417,0.58168966,0.84918505,0.88657606,0.5934432,0.8439625,0.793532,0.57382643,0.82311857,0.7345837,0.5501747,0.8492146,0.8766155,0.53850484,0.84907895,0.80420923,0.5462532,0.82827055,0.782529
2023:03:04:19:56:07,up_90_1t_,32.48629593849182,74.46,76.08,177.68,80.62,0.55431443,0.3988021,0.9426622,0.5620046,0.44617915,0.8779348,0.51900923,0.44605818,0.91598153,0.4678903,0.44113833,0.890101,0.42451686,0.46700975,0.90926474,0.6051542,0.44618315,0.8899792,0.66007733,0.45656836,0.818731,0.7072231,0.4773142,0.92471516,0.5581166,0.6032421,0.90008277,0.5423659,0.6032025,0.9173249,0.54613537,0.7182198,0.85181236,0.546173,0.817899,0.9389248,0.58161074,0.60324335,0.94118786,0.5816089,0.72338665,0.88337636,0.5777883,0.8178054,0.9540817,0.55033606,0.39356178,0.9624702,0.57362187,0.39365903,0.93865466,0.54629225,0.3938758,0.59960675,0.5816229,0.39886358,0.95932066,0.5816634,0.8491733,0.8865441,0.5934221,0.8439587,0.792615,0.57384443,0.82308894,0.73920214,0.55014896,0.84920156,0.87841845,0.5384833,0.8490573,0.80216414,0.5462728,0.828246,0.7824045
2023:03:04:19:56:07,up_90_1t_,32.548102617263794,74.45,76.09,177.68,80.63,0.55431294,0.39880034,0.94298047,0.5620056,0.44617653,0.8780437,0.5190103,0.44606626,0.9151627,0.46789014,0.44114098,0.8903998,0.42449778,0.46701008,0.90981615,0.60515213,0.44617194,0.8904906,0.66007966,0.45656216,0.8188521,0.7072293,0.4773109,0.92478347,0.55811614,0.60324514,0.9000973,0.5423705,0.6032094,0.9177598,0.54614216,0.7182257,0.852532,0.5461752,0.81790346,0.9385392,0.5816051,0.6032422,0.9412284,0.5816079,0.7233767,0.88130236,0.5777826,0.8177963,0.9537459,0.5503355,0.39356083,0.9627477,0.5736189,0.39365628,0.9381845,0.54629433,0.3938747,0.59950376,0.5816207,0.39885995,0.95918393,0.5816871,0.8491632,0.8838868,0.5934447,0.8439385,0.7915097,0.5738295,0.82308125,0.7369344,0.5501641,0.8492048,0.8745377,0.538502,0.84906614,0.80167246,0.5462649,0.82825804,0.78300685
2023:03:04:19:56:07,up_90_1t_,32.611932039260864,74.45,76.09,177.69,80.64,0.5543222,0.39879376,0.9419348,0.5620018,0.44618183,0.87768614,0.51900005,0.44606486,0.91690123,0.46786585,0.44113553,0.8909691,0.42448452,0.46700624,0.90993285,0.6051572,0.44618303,0.89007854,0.66007715,0.4565843,0.81767315,0.707238,0.47732502,0.92553806,0.55812013,0.6032455,0.89955765,0.54237485,0.60321224,0.9191731,0.54613787,0.7182307,0.85183924,0.5461726,0.81786436,0.93948936,0.5816069,0.6032394,0.940138,0.5816006,0.7233979,0.882573,0.57778686,0.8177851,0.9533084,0.5503392,0.39355457,0.9614884,0.573629,0.39364803,0.93879646,0.54629356,0.39387807,0.61720073,0.5816236,0.39886016,0.95807713,0.58163905,0.84914666,0.88542235,0.59339875,0.8439438,0.79336697,0.5738536,0.82305276,0.7444204,0.5501151,0.8491609,0.87556857,0.5384511,0.84900135,0.7968511,0.5462843,0.82818705,0.7826294
2023:03:04:19:56:08,up_90_1t_,32.669777393341064,74.44,76.08,177.69,80.64,0.55432117,0.39879236,0.94184303,0.56199545,0.44618097,0.8777632,0.5190025,0.44605908,0.9170345,0.4678678,0.44113246,0.8910707,0.42449573,0.46701437,0.9123245,0.6051509,0.4461947,0.8885342,0.6600595,0.45660776,0.81693816,0.7072344,0.47734976,0.93097746,0.5581152,0.6032441,0.89975166,0.5423717,0.603213,0.9193443,0.54614127,0.7182449,0.8546734,0.5461768,0.81786156,0.9395122,0.5816031,0.6032325,0.939762,0.58160317,0.7234096,0.8840462,0.57778865,0.81778365,0.953861,0.55033916,0.39355278,0.960428,0.5736268,0.39364836,0.9384555,0.5462931,0.39387855,0.61758596,0.5816177,0.39886397,0.9567646,0.5816346,0.8491461,0.89076006,0.59339213,0.84394705,0.7975684,0.5738587,0.8230517,0.74599975,0.5500985,0.84916615,0.87570673,0.53843826,0.84900075,0.794713,0.54629636,0.8281827,0.7834406
2023:03:04:19:56:08,up_90_1t_,32.727622747421265,74.44,76.08,177.69,80.61,0.55429626,0.39879084,0.9446095,0.56199706,0.44617274,0.8779608,0.51899445,0.44605246,0.9181253,0.46784583,0.44114035,0.88881123,0.42447624,0.46700656,0.9093228,0.6051541,0.4461853,0.89028794,0.65626746,0.45661575,0.817062,0.70720476,0.47735068,0.93138736,0.5581074,0.6032548,0.9010894,0.54236007,0.60322464,0.9181885,0.5461341,0.71820587,0.85261804,0.54617494,0.8178554,0.93875146,0.5815992,0.6032427,0.9410187,0.58160603,0.72340804,0.8829273,0.5777983,0.8177839,0.9542097,0.5503259,0.3935505,0.96103144,0.5699118,0.3936479,0.9362823,0.5462872,0.39387274,0.57897365,0.58161306,0.39885512,0.96117145,0.58161354,0.8491457,0.89237237,0.59337693,0.84395504,0.79785544,0.5774825,0.82305527,0.750781,0.5500696,0.8491599,0.877386,0.5384053,0.84406286,0.7921896,0.54631513,0.8232225,0.7824706
2023:03:04:19:56:08,up_90_1t_,32.78945779800415,74.43,76.09,177.68,80.64,0.55430573,0.39877316,0.94371665,0.56198174,0.4461729,0.8785369,0.5189831,0.44605163,0.92008007,0.46783933,0.44114235,0.8895186,0.42447448,0.46700856,0.9118641,0.6051495,0.44618112,0.8913676,0.65626436,0.45660296,0.8178353,0.7072117,0.47734737,0.93175685,0.5581099,0.60327023,0.9022301,0.5423598,0.60324097,0.9197976,0.5461329,0.71821904,0.85267824,0.54617655,0.8178715,0.93930894,0.58160436,0.6032591,0.9415127,0.58160913,0.72340983,0.88316154,0.5777866,0.81778,0.9548467,0.5503321,0.39353392,0.9585414,0.5699196,0.393633,0.93582785,0.54628754,0.3938614,0.6077385,0.5816024,0.39884806,0.9618491,0.5816324,0.84914404,0.89381933,0.59338677,0.8439415,0.7994197,0.5738543,0.8230499,0.7470199,0.5500912,0.84918237,0.87664086,0.53843373,0.84901595,0.7951039,0.5463021,0.8282002,0.78482974
2023:03:04:19:56:08,up_90_1t_,32.85528087615967,74.43,76.52,177.67,80.64,0.55430835,0.39878228,0.9421346,0.56196564,0.44616398,0.87889683,0.51896745,0.44603053,0.92289597,0.4678187,0.44113952,0.8890579,0.42087734,0.46701497,0.9092693,0.6051417,0.44617653,0.89084005,0.6562667,0.4565893,0.81756485,0.70721585,0.47734272,0.93185997,0.55810946,0.60326505,0.90239966,0.54235744,0.6032347,0.91949093,0.5461381,0.71824306,0.85491943,0.54617894,0.81788015,0.93895245,0.5816071,0.6032549,0.94148874,0.5816204,0.7234209,0.8851519,0.57779646,0.81777847,0.9557029,0.5503332,0.39353895,0.95810246,0.5699228,0.3936411,0.93595004,0.54628485,0.3938527,0.61751616,0.5815988,0.3988472,0.96062446,0.58164626,0.84914404,0.8925876,0.59340674,0.8439386,0.7986957,0.5738614,0.82304776,0.74776775,0.55009663,0.8491842,0.87468094,0.53844315,0.8490187,0.7941673,0.54630154,0.82820886,0.784838
2023:03:04:19:56:08,up_90_1t_,32.91468358039856,74.44,76.51,177.67,80.62,0.55430734,0.39879575,0.94208753,0.56197625,0.44617182,0.8784028,0.5189727,0.44603655,0.92150664,0.4678041,0.4411315,0.89026463,0.42086506,0.467042,0.9110788,0.6051452,0.4461834,0.8903703,0.6562662,0.456602,0.8165693,0.70721513,0.47733673,0.9306847,0.5581093,0.60327154,0.90394396,0.5423551,0.60324365,0.9200754,0.5461384,0.71825236,0.85564244,0.5461755,0.817892,0.937614,0.5816102,0.60326046,0.9430988,0.58163095,0.72342885,0.8849938,0.5778019,0.8177958,0.95642525,0.55033034,0.39355236,0.9597894,0.5699214,0.39365038,0.936484,0.5462834,0.39385995,0.61432993,0.58160114,0.39884806,0.9607439,0.58166313,0.8491587,0.889536,0.59342563,0.84395415,0.79708457,0.5738636,0.8230709,0.7477882,0.5501077,0.8491906,0.8740745,0.53845227,0.849029,0.7948178,0.5462933,0.82822526,0.7838966
2023:03:04:19:56:08,up_90_1t_,32.97212362289429,74.43,76.50,177.69,80.61,0.55427164,0.39875957,0.9471647,0.5619581,0.44616303,0.88047194,0.51895976,0.44602752,0.9227346,0.46781445,0.4411337,0.89158833,0.42085627,0.4670659,0.91313505,0.60513914,0.44618112,0.89083797,0.66005045,0.45655575,0.81994945,0.7072157,0.4773324,0.9304284,0.5581244,0.6032548,0.9023682,0.5423705,0.60323006,0.92124385,0.5461403,0.7182119,0.8545267,0.54616064,0.81787634,0.9366904,0.58161646,0.60323703,0.94188535,0.58160484,0.72340053,0.88313836,0.57778436,0.81779146,0.95512444,0.55031645,0.39351463,0.9565089,0.5698816,0.39362112,0.93254536,0.5462887,0.39383838,0.558151,0.58159006,0.39883512,0.9639954,0.5816581,0.84915245,0.8861754,0.59341455,0.84393984,0.79557407,0.5738441,0.8230669,0.7463817,0.55011135,0.8491789,0.8773341,0.5384457,0.8490186,0.79755884,0.5462731,0.8282127,0.7819102
2023:03:04:19:56:08,up_90_1t_,33.03196310997009,74.42,76.49,177.70,80.57,0.5542432,0.3987598,0.9514462,0.5619595,0.44614214,0.8811614,0.51896065,0.44600576,0.9240555,0.46780252,0.4411281,0.89065653,0.42084432,0.4670614,0.9133256,0.60513806,0.44617206,0.89125955,0.66005063,0.45660093,0.8181431,0.7072295,0.4773529,0.9335058,0.55811524,0.60325736,0.9035686,0.54236084,0.6032315,0.92041194,0.54612935,0.71820533,0.8527085,0.54616183,0.8178701,0.93768114,0.58161074,0.6032397,0.9421948,0.5815959,0.72338897,0.88182145,0.5777858,0.8177911,0.95501536,0.5503038,0.3935159,0.9579904,0.5698487,0.39362448,0.9320674,0.5462782,0.39380917,0.5000958,0.5815874,0.3988323,0.9666187,0.5816577,0.84915525,0.8848146,0.5934198,0.8439392,0.79378587,0.5738498,0.82306564,0.74709237,0.55011123,0.84917253,0.87607515,0.5384456,0.8490109,0.79570013,0.5462767,0.82820034,0.78188384
2023:03:04:19:56:08,up_90_1t_,33.095792293548584,74.42,76.49,177.81,80.56,0.55421793,0.3987604,0.95497155,0.56193924,0.4461484,0.88103324,0.51894957,0.44601038,0.9238436,0.46779594,0.44113532,0.88899136,0.4208394,0.46706355,0.9134296,0.6051218,0.44617102,0.89049006,0.66004723,0.45660505,0.8186343,0.707232,0.47734958,0.9339986,0.5581118,0.6032351,0.90307724,0.5423575,0.6032137,0.9179543,0.54612565,0.7131658,0.85147065,0.54615706,0.8178813,0.93632406,0.5816097,0.60321456,0.94220626,0.58159447,0.7184008,0.8775002,0.57778,0.817805,0.95448154,0.5502895,0.39351737,0.95921355,0.56982005,0.39362654,0.93117833,0.5462626,0.39379138,0.4690522,0.58158004,0.3988326,0.96933454,0.5816437,0.84917164,0.8850227,0.5934036,0.8439647,0.7928563,0.5738394,0.8230888,0.7453201,0.5501004,0.8491794,0.8773329,0.5384312,0.8490175,0.79661155,0.5462739,0.8282262,0.78014606
2023:03:04:19:56:08,up_90_1t_,33.15363812446594,74.42,76.51,177.68,80.56,0.55421585,0.39874467,0.9554948,0.56195974,0.4461474,0.8810539,0.51896304,0.4460227,0.92210853,0.46778083,0.44113213,0.8898937,0.42082924,0.46704996,0.9108602,0.605131,0.44616488,0.8935989,0.65627617,0.45659924,0.81952065,0.707242,0.4773449,0.9340755,0.55812263,0.6032591,0.90315664,0.5423626,0.60323733,0.9184612,0.5461349,0.71821135,0.8521312,0.5461652,0.81790525,0.9350264,0.5816216,0.60324,0.94302595,0.58160603,0.7233581,0.87823856,0.5777738,0.8178048,0.95450854,0.5502878,0.39350367,0.9584108,0.5698171,0.39360985,0.9297548,0.54626316,0.39378792,0.47103056,0.58158,0.398818,0.96897906,0.5816782,0.84916276,0.881043,0.5934261,0.8439367,0.7900545,0.5738159,0.82308733,0.73925215,0.5501503,0.84919095,0.87247634,0.53848827,0.8490487,0.7972801,0.5462604,0.82825917,0.7801065
2023:03:04:19:56:08,up_90_1t_,33.211483001708984,74.41,76.50,177.80,80.52,0.5541856,0.3987521,0.9591937,0.5619541,0.44614965,0.8810105,0.51895344,0.4460243,0.9228004,0.4677759,0.44114426,0.88616496,0.42082375,0.46706876,0.909029,0.6051264,0.4461612,0.89355147,0.6562656,0.45659268,0.8212586,0.70723855,0.47735253,0.9363157,0.55811876,0.6032532,0.9036286,0.5423549,0.6032335,0.91753566,0.5461254,0.71821046,0.84903383,0.5461657,0.8178946,0.937059,0.58162194,0.6032335,0.9426645,0.581605,0.71839935,0.8781729,0.57777506,0.81778884,0.954457,0.55027175,0.3935101,0.96020603,0.5697844,0.39362082,0.92952645,0.5462371,0.39375195,0.4145869,0.58157814,0.39882395,0.9728599,0.5816801,0.8491401,0.88077354,0.593434,0.8439098,0.7897454,0.5738204,0.82306594,0.73890394,0.55014867,0.849183,0.8718126,0.5384825,0.8490429,0.7975756,0.546259,0.82824165,0.78147554
2023:03:04:19:56:08,up_90_1t_,33.27288365364075,74.41,76.49,177.81,80.55,0.5542073,0.3987487,0.957008,0.5619537,0.4461514,0.8809284,0.5189506,0.44602224,0.92318386,0.4677615,0.4411433,0.88524455,0.4207985,0.46707135,0.90701324,0.6051228,0.44615975,0.89300466,0.6562537,0.4566145,0.8206449,0.7072251,0.47735918,0.9359388,0.55810654,0.60323983,0.90341616,0.54234856,0.6032214,0.91541827,0.54612106,0.7131475,0.8472193,0.5461686,0.8178882,0.9375919,0.58160794,0.6032173,0.94261825,0.5815887,0.71835697,0.87515783,0.57776845,0.8177759,0.9531371,0.5502848,0.39350802,0.95949006,0.5698073,0.3936175,0.93050635,0.5462558,0.39378053,0.4530542,0.5815778,0.39882484,0.9692097,0.5816796,0.84913033,0.87874866,0.5934375,0.84389436,0.7877691,0.573812,0.82305443,0.73531246,0.550158,0.849178,0.87000024,0.53848976,0.84904146,0.7974314,0.54625654,0.828239,0.78114665
2023:03:04:19:56:08,up_90_1t_,33.3367133140564,74.41,76.50,177.80,80.52,0.5541776,0.39874068,0.95983166,0.561964,0.44613945,0.881493,0.5189591,0.44602266,0.92183244,0.46775228,0.441145,0.88556784,0.4207829,0.46705443,0.90520775,0.60512865,0.44615117,0.8935182,0.660055,0.4565999,0.8183174,0.7072449,0.47735807,0.9317968,0.55810416,0.60321677,0.9023886,0.54234815,0.60318804,0.9136398,0.5461241,0.7131582,0.84575266,0.5461671,0.8179137,0.9345303,0.5816115,0.6032056,0.9413576,0.58159024,0.7183765,0.8759623,0.5777595,0.817808,0.95259786,0.5502682,0.39349985,0.95936114,0.56977373,0.39361095,0.92811,0.54623467,0.39374515,0.40587318,0.58157444,0.39881864,0.97118044,0.58171964,0.8491526,0.87426317,0.5934639,0.8439106,0.7863203,0.57379234,0.8231043,0.7310738,0.5501936,0.84920317,0.86510026,0.5422183,0.8490907,0.7987026,0.5462391,0.8282878,0.7798182
2023:03:04:19:56:08,up_90_1t_,33.394559144973755,74.41,76.49,177.82,80.50,0.55415195,0.39874196,0.9617959,0.5619543,0.44614664,0.8815339,0.5189551,0.44603413,0.92123187,0.46775132,0.4459934,0.8817447,0.4207959,0.4670871,0.9054924,0.60512656,0.44613945,0.8935545,0.6600679,0.45656303,0.8196562,0.70724136,0.477351,0.93134296,0.55809176,0.60319793,0.90268874,0.54233253,0.60316557,0.9108405,0.54612416,0.7131217,0.84606326,0.54617196,0.81787944,0.9383698,0.5816038,0.60319054,0.94208395,0.58157957,0.7183626,0.87605786,0.5777654,0.81779367,0.9521576,0.55025315,0.39350227,0.96082157,0.56599903,0.39361453,0.92720246,0.5462273,0.3937382,0.37216002,0.581569,0.39881626,0.9720352,0.581694,0.8491432,0.87633276,0.5934439,0.8439076,0.78719074,0.5738111,0.823084,0.7357579,0.55016774,0.8491809,0.86878175,0.5385001,0.8490451,0.79860055,0.54625845,0.82823175,0.78249395
2023:03:04:19:56:08,up_90_1t_,33.45040941238403,74.40,76.51,177.70,80.53,0.55415714,0.3987293,0.9614084,0.56194216,0.4461392,0.88342845,0.5189615,0.44603276,0.9214361,0.46778154,0.44600737,0.88017654,0.4207904,0.46704897,0.90009916,0.6051036,0.44611734,0.89409244,0.66005814,0.45653948,0.82011724,0.7072343,0.47734076,0.92910653,0.55809516,0.6032314,0.90204644,0.54234254,0.6031938,0.91096973,0.54613674,0.7181953,0.8460653,0.5461655,0.8179122,0.9341814,0.5816034,0.603231,0.9424705,0.5815622,0.72335637,0.8744422,0.57774055,0.8177949,0.94869083,0.5502575,0.3934905,0.9591424,0.56599975,0.3936036,0.9268971,0.5462294,0.39372903,0.38276428,0.581563,0.39879978,0.9719641,0.58171105,0.8491462,0.8725847,0.59343684,0.8438967,0.7852883,0.5737731,0.8230756,0.72725505,0.55021334,0.8492009,0.8606938,0.5422419,0.8490955,0.79804206,0.5462292,0.8282735,0.78144157
2023:03:04:19:56:08,up_90_1t_,33.510249376297,74.40,76.53,177.70,80.55,0.5541606,0.39871776,0.9606884,0.5619343,0.44615322,0.88330394,0.51896137,0.44604757,0.92025405,0.46778384,0.44603783,0.87623507,0.4207805,0.46704373,0.8968703,0.6050995,0.4461212,0.893871,0.65627706,0.45655254,0.81932354,0.70722675,0.4773424,0.9305169,0.5580856,0.6032331,0.902413,0.54233605,0.603193,0.9102092,0.54613245,0.7182176,0.8460289,0.54616404,0.81792617,0.93099016,0.58159614,0.60323614,0.9425542,0.5815543,0.72338355,0.8758537,0.57772946,0.8178006,0.9469996,0.55026084,0.39348143,0.9571562,0.5660027,0.39359438,0.9258189,0.54623175,0.39374092,0.39369148,0.5815567,0.39880133,0.9719928,0.5817134,0.8491465,0.86820114,0.59343076,0.8438937,0.7819721,0.5737578,0.82307994,0.7242227,0.5502277,0.8492012,0.8556885,0.5422564,0.8491056,0.7958616,0.5462217,0.8282953,0.77801216
2023:03:04:19:56:08,up_90_1t_,33.57407879829407,73.04,77.88,177.70,84.99,0.5541628,0.3987225,0.96093833,0.558176,0.4461452,0.884674,0.5189457,0.44602954,0.9215352,0.467764,0.44602564,0.87642986,0.4207609,0.46704844,0.8968798,0.6050909,0.44611785,0.89305353,0.660058,0.4565431,0.81857944,0.7072327,0.47733298,0.9284934,0.558083,0.6032762,0.90158004,0.5423298,0.60323495,0.90929604,0.5461261,0.7182806,0.8470546,0.5461696,0.81792486,0.9311045,0.5815952,0.6032778,0.9424301,0.5815604,0.7234062,0.87749165,0.5777371,0.8178046,0.9474453,0.5502624,0.39348522,0.95841897,0.56600386,0.39359945,0.9263632,0.5462313,0.39373633,0.39679915,0.58155364,0.3987997,0.9708573,0.5817194,0.8491442,0.8672155,0.5934375,0.8438898,0.7814474,0.57376677,0.82308257,0.7283064,0.55022657,0.8491983,0.85384786,0.5422626,0.849102,0.7953212,0.54623014,0.8282877,0.7781517
2023:03:04:19:56:08,up_90_1t_,33.63192367553711,73.05,77.89,177.71,84.99,0.55417013,0.3987089,0.95944786,0.5581859,0.4461498,0.8845236,0.51894164,0.44603205,0.9216336,0.4678057,0.44602302,0.8766256,0.42080942,0.467019,0.90124416,0.6051083,0.4461244,0.8946025,0.66007245,0.456504,0.8181528,0.7072341,0.47732264,0.9286982,0.5580843,0.6033061,0.9000577,0.54232866,0.603254,0.90845793,0.54611623,0.71832556,0.84643,0.54616314,0.8179368,0.9279975,0.58159584,0.6033177,0.94166815,0.5815412,0.72347844,0.88087344,0.57773,0.817828,0.94538975,0.550266,0.39347178,0.9559834,0.5697552,0.39358407,0.9255533,0.5462313,0.39372787,0.4013834,0.5815614,0.39878827,0.97081435,0.58172154,0.8491665,0.86635375,0.59343314,0.8439147,0.78139764,0.57375675,0.8231089,0.72387,0.55022395,0.8492252,0.8564062,0.54225343,0.84913176,0.7975122,0.5462203,0.8283122,0.7756173
2023:03:04:19:56:09,up_90_1t_,33.68976926803589,73.06,77.88,177.71,84.98,0.5541644,0.39871842,0.9598935,0.5581717,0.44612977,0.88602656,0.5189328,0.44600174,0.92413646,0.46781674,0.445993,0.8791615,0.4208234,0.46700633,0.9034035,0.6051077,0.44613263,0.8935816,0.66010875,0.45648357,0.81761277,0.70724595,0.47731516,0.9267813,0.5580822,0.6033045,0.8980198,0.5423287,0.60325074,0.9063139,0.5461201,0.7183164,0.8459735,0.5461713,0.8178895,0.9285666,0.581589,0.603316,0.9393594,0.5815428,0.7235002,0.8804951,0.5777375,0.8178185,0.9439353,0.5502602,0.39348164,0.9576885,0.56600404,0.3935939,0.926422,0.54622006,0.3937281,0.3948491,0.5815632,0.39878744,0.97141665,0.5816857,0.84916,0.86585927,0.59340173,0.84393466,0.7828514,0.5737764,0.8230825,0.7352314,0.55016416,0.8491961,0.8603445,0.53850776,0.84906423,0.7937376,0.5462539,0.8282424,0.77462465
2023:03:04:19:56:09,up_90_1t_,33.74960947036743,73.05,77.92,177.73,84.98,0.55417293,0.39874172,0.95940745,0.55816805,0.44612435,0.886338,0.518922,0.4459857,0.9263275,0.4677904,0.44114843,0.886268,0.42081508,0.46692938,0.9048016,0.6051172,0.44614083,0.8928991,0.6601263,0.4564874,0.8132924,0.70726067,0.47732317,0.92439204,0.5580902,0.60331875,0.89536583,0.5423236,0.6032643,0.9037106,0.54611593,0.7183019,0.84504575,0.54616475,0.8179059,0.9269449,0.58159804,0.6033316,0.9378196,0.58153176,0.7234945,0.87675995,0.5777328,0.81782407,0.9427921,0.550262,0.39350238,0.9607389,0.5697563,0.3936109,0.92839277,0.5462209,0.3937368,0.4075206,0.58156735,0.39879283,0.97113794,0.5816959,0.8491581,0.86109304,0.5934056,0.8439329,0.77943,0.5737682,0.8230983,0.7326515,0.55017626,0.84921014,0.8606087,0.538518,0.8490877,0.7965311,0.54624265,0.82827955,0.7733753
2023:03:04:19:56:09,up_90_1t_,33.811443567276,73.05,77.92,177.72,84.97,0.55416584,0.39875647,0.9598012,0.55816776,0.44612303,0.88572204,0.5189232,0.4459854,0.9259504,0.4677775,0.44115314,0.8862071,0.4208193,0.46692455,0.9067931,0.60511386,0.4461276,0.8923172,0.6601307,0.4564896,0.8111382,0.707275,0.47733146,0.9247751,0.55808383,0.60334456,0.89516,0.54231507,0.603291,0.9025485,0.54611313,0.7183375,0.84544414,0.5461677,0.8179072,0.9263186,0.5815936,0.6033545,0.93781435,0.58152956,0.7235268,0.87881446,0.5777249,0.8178268,0.94180804,0.5502573,0.3935136,0.9629298,0.5660077,0.39362395,0.92888945,0.54622185,0.39372855,0.39037287,0.5815754,0.39879647,0.9702621,0.58170325,0.84916764,0.8630179,0.5934077,0.84393835,0.7810923,0.5737561,0.8230983,0.7316493,0.55018204,0.8492171,0.85672414,0.54221946,0.84910494,0.79440755,0.5462421,0.8282801,0.77360153
2023:03:04:19:56:09,up_90_1t_,33.86928915977478,73.03,77.94,177.72,84.98,0.5541807,0.39876366,0.95891947,0.5581696,0.44613758,0.8845793,0.51892436,0.44599316,0.92573917,0.4639849,0.44114795,0.88680184,0.42079112,0.46690324,0.9036994,0.6051205,0.44613788,0.8918838,0.6601112,0.45651472,0.81098074,0.70729935,0.47737464,0.93028486,0.55809164,0.6033442,0.89313495,0.5423124,0.6032949,0.8998566,0.54610956,0.71834695,0.8432244,0.546173,0.8179159,0.92438656,0.5816041,0.60334617,0.93533134,0.5815333,0.7235216,0.87625504,0.57772523,0.81782377,0.94091415,0.550263,0.39352024,0.9643453,0.56976974,0.393625,0.9302131,0.5462268,0.39374465,0.4135043,0.58157915,0.39879763,0.9700829,0.58169925,0.849155,0.86045957,0.5933983,0.8439207,0.77820486,0.5737534,0.8230949,0.7301124,0.55019706,0.8492179,0.8538671,0.54223585,0.84910995,0.79342556,0.5462471,0.8282923,0.77204907
2023:03:04:19:56:09,up_90_1t_,33.92469835281372,73.00,77.94,177.75,84.99,0.5541892,0.39879408,0.95690864,0.55813944,0.44614944,0.88492423,0.5188831,0.44598654,0.93008906,0.4639145,0.44597656,0.8881022,0.42075187,0.46692985,0.90104795,0.60512894,0.44614458,0.89076865,0.66010046,0.45654422,0.80794233,0.7073008,0.47740325,0.9323221,0.55810845,0.60332966,0.8893713,0.54231113,0.6032768,0.89608574,0.5461007,0.71827555,0.8368342,0.5461698,0.81791085,0.9241379,0.5816266,0.6033362,0.93110394,0.58152187,0.72353387,0.8750947,0.57772726,0.817849,0.93981135,0.5502602,0.39354193,0.9677632,0.5697834,0.39364523,0.9328203,0.5462204,0.39375958,0.43557617,0.5815833,0.3988047,0.9670697,0.5816937,0.84917325,0.85789967,0.5933863,0.8439376,0.77611566,0.57376486,0.8231282,0.72656846,0.55021137,0.8492236,0.85409474,0.5422397,0.8491156,0.79447496,0.5462443,0.8282875,0.7704339
2023:03:04:19:56:09,up_90_1t_,33.98413395881653,73.00,77.93,177.76,84.99,0.55419177,0.39878073,0.9569753,0.55812764,0.44615048,0.88587457,0.51887584,0.44596905,0.93256915,0.4638889,0.44598702,0.8866828,0.42070907,0.4669337,0.89695513,0.6051229,0.4461584,0.88965815,0.6600633,0.45657954,0.80544156,0.707288,0.47741175,0.93375623,0.55809826,0.6033335,0.8895805,0.54230624,0.6032798,0.89563054,0.5461011,0.7182824,0.8383678,0.5461656,0.8179151,0.9238208,0.58161235,0.603339,0.9321499,0.581507,0.7235577,0.87769884,0.5777317,0.8178606,0.93910044,0.5502618,0.39353007,0.967535,0.56978726,0.393635,0.93231225,0.5462203,0.3937604,0.44985938,0.5815818,0.3987997,0.9681991,0.58172435,0.8491681,0.85321385,0.59341437,0.84392947,0.77387965,0.5737669,0.823148,0.724582,0.55023587,0.849217,0.8524187,0.542262,0.8491215,0.7963578,0.5462296,0.82829046,0.77136105
2023:03:04:19:56:09,up_90_1t_,34.04596829414368,73.00,75.30,177.77,77.99,0.5541836,0.3987816,0.9578173,0.5581211,0.4461437,0.88655967,0.51887554,0.44114304,0.933725,0.46386123,0.44600788,0.8849449,0.42067263,0.46690503,0.8889079,0.6051162,0.44615844,0.88944405,0.6600581,0.4565762,0.8045392,0.707284,0.47740176,0.9318025,0.55810624,0.6032993,0.8887181,0.54231083,0.603245,0.8954109,0.5460868,0.71822226,0.8350289,0.5461632,0.8178896,0.92472404,0.58161896,0.60330856,0.9306211,0.58149666,0.7235261,0.87567234,0.5777317,0.8178515,0.9381437,0.5502569,0.39352998,0.968047,0.569777,0.39363614,0.9318907,0.5462132,0.39375013,0.44016984,0.58157694,0.3987983,0.96926296,0.5816904,0.8491738,0.8563452,0.593394,0.8439491,0.7757623,0.5737767,0.8231361,0.7294431,0.55019605,0.84921044,0.8592498,0.54222095,0.84909767,0.7959238,0.5462442,0.82825917,0.770635
2023:03:04:19:56:09,up_90_1t_,34.10580778121948,73.00,75.29,177.77,78.00,0.55420464,0.3987824,0.95547503,0.55812556,0.44614524,0.88579464,0.51887715,0.44114044,0.93491304,0.46386856,0.44603306,0.8837296,0.4207011,0.4669087,0.8905781,0.60511947,0.44615823,0.8898649,0.6562725,0.45659927,0.80539495,0.70728,0.4774084,0.9340476,0.55810773,0.60328215,0.88795406,0.54230917,0.60323054,0.8955209,0.546091,0.71822053,0.83541405,0.54616743,0.8178994,0.92488587,0.58161914,0.6032872,0.92926145,0.5814996,0.7235077,0.87649107,0.5777292,0.8178509,0.94038934,0.55026513,0.3935329,0.96880037,0.5698009,0.39363277,0.9326869,0.5462259,0.39377907,0.48317504,0.5815753,0.3987938,0.965451,0.5817013,0.84918004,0.8615489,0.59340143,0.8439478,0.7791737,0.5737676,0.82314295,0.72637415,0.550222,0.8492263,0.85913366,0.5422454,0.8491216,0.8002604,0.5462337,0.82827866,0.7711177
2023:03:04:19:56:09,up_90_1t_,34.16365313529968,72.99,75.29,177.78,77.97,0.5541829,0.39877018,0.9590114,0.55812764,0.4461456,0.8859874,0.51887244,0.4411381,0.9361306,0.46385762,0.44603515,0.88328815,0.42070493,0.46690074,0.89039207,0.6051266,0.44616202,0.890825,0.6562767,0.45664167,0.8046994,0.7072786,0.47741958,0.9338144,0.55810803,0.60327435,0.8865772,0.54230255,0.6032215,0.89266825,0.54608357,0.7182052,0.83195794,0.546168,0.8178619,0.9263708,0.5816223,0.6032817,0.92822397,0.5814927,0.72351605,0.8757869,0.5777326,0.8178418,0.94081753,0.55025333,0.3935254,0.96950495,0.569774,0.39362353,0.93105185,0.54621404,0.39375886,0.45016718,0.581568,0.39878964,0.9666237,0.5816705,0.84916854,0.86091447,0.593376,0.8439441,0.7788618,0.5737809,0.8231307,0.7310593,0.55018324,0.8492038,0.8658068,0.5385135,0.84907097,0.80025274,0.54625165,0.8282203,0.77258205
2023:03:04:19:56:09,up_90_1t_,34.22548794746399,72.99,75.30,177.77,77.98,0.55419415,0.3987818,0.9574558,0.5581301,0.44613042,0.885718,0.51887935,0.4411213,0.9379412,0.46387538,0.44601312,0.88616407,0.42072287,0.46687862,0.89345545,0.60511684,0.44615266,0.89042187,0.6562584,0.45664328,0.80529535,0.7072793,0.4774123,0.93516755,0.55813277,0.60322815,0.8843585,0.5423195,0.60316956,0.8950148,0.5460714,0.7131126,0.8276785,0.54616237,0.8178559,0.9242062,0.58164376,0.603236,0.9254843,0.58150274,0.7234692,0.87208354,0.5777243,0.8178363,0.93905336,0.5502575,0.3935378,0.9709054,0.56978583,0.39363438,0.93234557,0.5462184,0.3937725,0.46411592,0.58156425,0.39879328,0.9630433,0.58167344,0.8491816,0.86290514,0.5933922,0.8439578,0.78021777,0.5737661,0.82312596,0.72696984,0.5501842,0.8492116,0.86207795,0.5385074,0.8490757,0.7979424,0.54624325,0.8282256,0.76924706
2023:03:04:19:56:09,up_90_1t_,34.28888511657715,73.00,75.29,177.77,77.97,0.55419064,0.39879143,0.957244,0.55813706,0.44612476,0.88514364,0.5188794,0.4411175,0.9387528,0.4638852,0.44602776,0.88267744,0.4207312,0.46688256,0.89684963,0.60512644,0.4461478,0.8904204,0.6600866,0.456572,0.8090868,0.70728,0.47738376,0.92986465,0.5581308,0.6032111,0.8826791,0.5423217,0.6031487,0.8954847,0.5460653,0.7130924,0.82579947,0.5461616,0.81786346,0.92438483,0.58163965,0.6032233,0.92343223,0.581515,0.7234382,0.8713124,0.5777361,0.81782454,0.940438,0.5502551,0.39354822,0.9722551,0.56978065,0.39364293,0.93265533,0.5462138,0.39377102,0.45626298,0.5815597,0.39879376,0.9616978,0.5816913,0.8491692,0.8645771,0.5934234,0.8439358,0.7803374,0.5737772,0.82311857,0.7259003,0.55019075,0.8492078,0.856755,0.53851515,0.84907633,0.79353255,0.5462429,0.8282331,0.76840127
2023:03:04:19:56:09,up_90_1t_,34.34673047065735,73.00,75.28,177.77,77.98,0.5541954,0.39877972,0.95689887,0.55812764,0.44612214,0.8861911,0.5188739,0.44111264,0.9384743,0.46388367,0.4460264,0.8826083,0.42071953,0.46688303,0.89701355,0.60511774,0.4461447,0.8903407,0.66005385,0.4565896,0.8089557,0.7072539,0.4773765,0.93055356,0.55811614,0.60319453,0.88358516,0.54230917,0.60313016,0.89444196,0.5460615,0.71306795,0.8251565,0.5461638,0.8178505,0.9255979,0.58162963,0.6032089,0.9244442,0.58150995,0.7234197,0.8697288,0.5777325,0.81781745,0.9396524,0.5502563,0.3935387,0.9712219,0.56978583,0.39363232,0.931882,0.5462155,0.39378145,0.47494972,0.5815569,0.39879137,0.9602598,0.5816662,0.8491736,0.86426365,0.5933977,0.84394675,0.779228,0.57377875,0.8231077,0.72805995,0.550176,0.8491958,0.86033833,0.53850275,0.84905785,0.79467756,0.5462537,0.828216,0.7688937
2023:03:04:19:56:09,up_90_1t_,34.402581214904785,72.99,75.27,177.78,77.99,0.55420536,0.39878157,0.955541,0.558127,0.4461109,0.88669956,0.51886934,0.44109908,0.93880343,0.4638897,0.44600865,0.88535476,0.42072675,0.46689484,0.9019116,0.6051163,0.44613954,0.89052886,0.6600658,0.45657986,0.81144583,0.70723635,0.4773811,0.93128335,0.5581254,0.6031909,0.88315356,0.5423166,0.6031241,0.8952174,0.54606134,0.71304226,0.8269762,0.5461573,0.8178373,0.92800844,0.5816391,0.6032089,0.9238214,0.58150434,0.7234124,0.8697934,0.57773995,0.8178085,0.9396748,0.55026364,0.39354065,0.97028947,0.5697959,0.39363605,0.9326124,0.54622173,0.39378634,0.4847303,0.58155555,0.3987936,0.95576525,0.5816562,0.8491641,0.86757284,0.5934038,0.8439351,0.7796634,0.5737872,0.8231005,0.72547156,0.5501694,0.84918964,0.8628194,0.5384901,0.84905005,0.7960316,0.54624695,0.8281991,0.7711459
2023:03:04:19:56:09,up_90_1t_,34.46242094039917,72.99,75.25,177.77,77.97,0.554193,0.3987905,0.9573532,0.55813354,0.4461267,0.886016,0.51888144,0.4411218,0.93377215,0.46389365,0.44600117,0.8859372,0.42072198,0.46695125,0.9052971,0.60511315,0.44613898,0.8906322,0.6600646,0.45655358,0.81316674,0.7072274,0.47739226,0.9341309,0.55811036,0.6032026,0.8833046,0.54229736,0.60313445,0.89239407,0.54246414,0.7130791,0.8238914,0.54616344,0.8178392,0.9272939,0.5816334,0.6032221,0.9230355,0.58150965,0.72344494,0.8727208,0.57773393,0.817822,0.9394368,0.5502585,0.39355358,0.97208005,0.56978095,0.39364854,0.93259203,0.54622006,0.39380118,0.47008258,0.5815475,0.39881462,0.95733213,0.5816838,0.84916914,0.867697,0.5934222,0.8439343,0.78183055,0.5737787,0.8231164,0.7224465,0.55020374,0.84918493,0.85361505,0.54221886,0.84906614,0.79244417,0.54623765,0.82819843,0.7707844
2023:03:04:19:56:09,up_90_1t_,34.52625036239624,72.99,75.25,177.77,77.99,0.55419075,0.39878178,0.95779985,0.5581315,0.44612688,0.8872956,0.5188803,0.44112888,0.9322324,0.4639047,0.44599855,0.8852592,0.42074084,0.46695137,0.90695906,0.6051108,0.4461282,0.8918628,0.6600593,0.45652705,0.81563306,0.70722055,0.4773826,0.9367595,0.55811,0.6032463,0.88295496,0.5422889,0.60318047,0.8913044,0.54246503,0.7131478,0.82319593,0.5461589,0.8178509,0.9247924,0.5816395,0.60326296,0.92269176,0.58150584,0.723494,0.8740902,0.5777232,0.8178245,0.9384566,0.55025685,0.393546,0.9716222,0.56977785,0.39364073,0.932034,0.5462228,0.39379466,0.46934348,0.5815478,0.3988092,0.957691,0.58168525,0.84917665,0.8663656,0.5934101,0.8439389,0.7817292,0.5737614,0.8231077,0.72186136,0.5502091,0.84918576,0.84881145,0.54223037,0.84907085,0.7888757,0.54622895,0.82820755,0.76888144
2023:03:04:19:56:09,up_90_1t_,34.58409547805786,72.99,77.90,177.78,84.98,0.554183,0.39877757,0.958343,0.55812865,0.44614652,0.88653994,0.51887906,0.44596955,0.9307099,0.46393114,0.446009,0.88436246,0.42078224,0.46697953,0.91035336,0.60509986,0.4461318,0.8910096,0.6600502,0.45651487,0.813861,0.7072279,0.4773866,0.93525696,0.5581027,0.6032359,0.8843883,0.54229844,0.60317665,0.8934667,0.5460641,0.7131527,0.8269065,0.54615957,0.8178492,0.92713016,0.58162385,0.60324645,0.9234082,0.58148974,0.72347534,0.8726599,0.57773054,0.8178275,0.9390548,0.5502529,0.3935444,0.97038925,0.56976914,0.39363804,0.9305053,0.54621834,0.3938063,0.4695155,0.58153707,0.3988176,0.95756364,0.58166254,0.8491802,0.8666136,0.5933903,0.8439532,0.7811384,0.5737774,0.8231127,0.7257824,0.55018294,0.84918916,0.8565618,0.5385108,0.84905595,0.7917246,0.54624116,0.82820445,0.77052706
2023:03:04:19:56:09,up_90_1t_,34.63994646072388,72.99,77.90,177.78,84.98,0.554183,0.39877757,0.958343,0.55812865,0.44614652,0.88653994,0.51887906,0.44596955,0.9307099,0.46393114,0.446009,0.88436246,0.42078224,0.46697953,0.91035336,0.60509986,0.4461318,0.8910096,0.6600502,0.45651487,0.813861,0.7072279,0.4773866,0.93525696,0.5581027,0.6032359,0.8843883,0.54229844,0.60317665,0.8934667,0.5460641,0.7131527,0.8269065,0.54615957,0.8178492,0.92713016,0.58162385,0.60324645,0.9234082,0.58148974,0.72347534,0.8726599,0.57773054,0.8178275,0.9390548,0.5502529,0.3935444,0.97038925,0.56976914,0.39363804,0.9305053,0.54621834,0.3938063,0.4695155,0.58153707,0.3988176,0.95756364,0.58166254,0.8491802,0.8666136,0.5933903,0.8439532,0.7811384,0.5737774,0.8231127,0.7257824,0.55018294,0.84918916,0.8565618,0.5385108,0.84905595,0.7917246,0.54624116,0.82820445,0.77052706
2023:03:04:19:56:10,up_90_1t_,34.69978666305542,72.99,77.90,177.77,84.98,0.5541755,0.39878482,0.95903224,0.55813515,0.44614977,0.88668543,0.51888335,0.44598353,0.9301147,0.46392983,0.4460095,0.8840171,0.42078716,0.46698684,0.910192,0.6051043,0.4461276,0.89171284,0.6600495,0.45648566,0.81517607,0.7072195,0.477385,0.935575,0.558105,0.60328317,0.8875295,0.54229844,0.6032333,0.8961195,0.5460798,0.71823895,0.83281255,0.54616827,0.81786,0.92873174,0.5816308,0.6032899,0.9261795,0.5815071,0.723526,0.8793099,0.577729,0.81784046,0.9396558,0.550249,0.39355138,0.97167116,0.5697578,0.39364395,0.9306629,0.5462156,0.39380133,0.45333385,0.58153784,0.39881858,0.9581695,0.5816465,0.8492029,0.87207437,0.59336907,0.843988,0.7859216,0.57378113,0.8231187,0.7277591,0.5501759,0.84920716,0.86013675,0.5385036,0.84906906,0.79367846,0.5462548,0.8282154,0.77070165
2023:03:04:19:56:10,up_90_1t_,34.76162075996399,72.99,77.92,177.74,85.01,0.5541963,0.3987639,0.9572861,0.5581319,0.44616017,0.88651884,0.51887774,0.4459917,0.92951894,0.46391863,0.4459904,0.88669956,0.42077592,0.46697944,0.9085282,0.6051079,0.446133,0.8923739,0.6600527,0.4564693,0.8160645,0.70721513,0.47738403,0.9351889,0.5581222,0.6033378,0.8890373,0.54230624,0.60329455,0.9002421,0.54608774,0.71830153,0.83760554,0.5461693,0.8179075,0.9281215,0.58165115,0.6033383,0.9283354,0.58153653,0.7235484,0.88413626,0.5777315,0.8178591,0.94171274,0.55026203,0.39353433,0.9689779,0.5697816,0.39362326,0.92996716,0.54623467,0.39381963,0.4861247,0.5815424,0.3988051,0.9569925,0.58169776,0.8492131,0.8714239,0.59341484,0.84398717,0.785888,0.57377166,0.82314074,0.7233068,0.55022407,0.8492255,0.8533314,0.54224795,0.84912026,0.79566735,0.54623395,0.82828134,0.7721086
2023:03:04:19:56:10,up_90_1t_,34.81946611404419,72.98,77.94,177.73,85.01,0.5541858,0.39873558,0.95911515,0.5581185,0.4461635,0.88817155,0.5188767,0.44598946,0.9309249,0.4639059,0.4459814,0.88864714,0.4207702,0.46696046,0.9058533,0.6050923,0.44613475,0.8921154,0.65627754,0.45650017,0.8174726,0.7072155,0.47738475,0.9354402,0.558121,0.60335153,0.89081216,0.5423127,0.6033092,0.9024401,0.54608667,0.71832174,0.83923346,0.5461692,0.8179168,0.92961353,0.58164746,0.60335124,0.9304327,0.5815475,0.7235374,0.8826856,0.5777366,0.81785846,0.9415493,0.5502587,0.39350677,0.9658104,0.56977004,0.39359823,0.92703974,0.54623264,0.39381462,0.48773244,0.58153296,0.3987948,0.9610194,0.58170396,0.8492124,0.871827,0.593424,0.84398675,0.7851798,0.57377404,0.82313925,0.72340655,0.5502261,0.84923285,0.8545984,0.5422516,0.84913033,0.7977177,0.54623294,0.82828933,0.77554846
2023:03:04:19:56:10,up_90_1t_,34.87731122970581,72.98,77.94,177.74,85.00,0.5541707,0.3987362,0.9608978,0.55810857,0.4461525,0.88971573,0.51887107,0.44597775,0.93267184,0.4638959,0.44599286,0.8864797,0.42077836,0.466951,0.90622365,0.6050865,0.44613615,0.89186525,0.65627277,0.45653766,0.8169662,0.7072046,0.47737336,0.9337372,0.5581309,0.60813,0.8906129,0.54231834,0.60334694,0.9032027,0.54609746,0.7183768,0.8430991,0.54617256,0.8179298,0.93012697,0.5816577,0.6081525,0.9323387,0.5815506,0.7235535,0.884891,0.5777406,0.81786096,0.9432486,0.5502524,0.39350155,0.965532,0.5697535,0.39359933,0.9265636,0.54622203,0.3937774,0.4598537,0.5815347,0.39879125,0.96220803,0.581712,0.8492052,0.8696949,0.59342813,0.843976,0.7839836,0.57377476,0.82314,0.72374403,0.55023396,0.8492358,0.8559702,0.5422598,0.84913945,0.7990625,0.54623365,0.828301,0.7779406
2023:03:04:19:56:10,up_90_1t_,34.940255880355835,72.99,77.93,177.75,85.00,0.5541526,0.39872056,0.9628364,0.558101,0.4461588,0.89009696,0.5188748,0.4459909,0.9298126,0.4639148,0.44598967,0.8852038,0.42076346,0.46698725,0.90618783,0.6050776,0.44614503,0.88981676,0.65626043,0.456544,0.8175965,0.70720506,0.47737762,0.93320763,0.5581209,0.60814077,0.8915717,0.5423114,0.6033588,0.9015353,0.54609925,0.7183327,0.8415798,0.5461771,0.81789017,0.9329617,0.5816482,0.60815966,0.9338047,0.5815508,0.72352964,0.8804631,0.57777137,0.81785357,0.942389,0.55024546,0.3934879,0.9640774,0.5659901,0.39359027,0.92591584,0.5462179,0.39374733,0.42602408,0.58153385,0.3987852,0.9648392,0.5816744,0.849209,0.8702995,0.5934203,0.84401107,0.7833681,0.57382745,0.82313854,0.7316351,0.55017835,0.84921515,0.86638427,0.53851146,0.8490841,0.7983571,0.54627526,0.8282412,0.7770395
2023:03:04:19:56:10,up_90_1t_,35.00365161895752,72.99,77.92,177.74,85.02,0.5541616,0.3987298,0.9615767,0.5581036,0.44615763,0.8896219,0.51888615,0.44600067,0.92682016,0.46394962,0.44598553,0.88214445,0.42077005,0.46701226,0.90582275,0.6050693,0.44613227,0.8894169,0.6562514,0.45654348,0.8175539,0.7071973,0.47735906,0.92981327,0.55811936,0.60814327,0.89196086,0.54231095,0.60335964,0.9012636,0.5460987,0.71839017,0.8428596,0.546177,0.8179132,0.93040806,0.5816485,0.60816467,0.9342618,0.58155614,0.7235545,0.88385415,0.57775265,0.8178467,0.94382757,0.550253,0.3934936,0.9634305,0.5660036,0.39360282,0.9271624,0.5462256,0.39374724,0.42574763,0.5815443,0.39879474,0.9630228,0.5816928,0.84920037,0.8701098,0.5934184,0.8439865,0.7830793,0.57379264,0.82312024,0.7287696,0.5502021,0.8492305,0.85951734,0.54223245,0.84911954,0.79716504,0.5462556,0.8282734,0.77795756
2023:03:04:19:56:10,up_90_1t_,35.06548619270325,73.01,77.91,177.74,85.01,0.5541609,0.39873165,0.9613343,0.5581055,0.44615623,0.88961357,0.51888853,0.44599694,0.92762536,0.46396312,0.44597498,0.88163894,0.42077833,0.4670036,0.90563697,0.60506916,0.44614002,0.88765025,0.65624297,0.45654774,0.81614953,0.7071916,0.47735006,0.9284885,0.5581059,0.60814154,0.89265496,0.54230046,0.6033562,0.89961296,0.54610205,0.71839225,0.8445163,0.54617083,0.8179186,0.92925644,0.5816381,0.6081658,0.9351193,0.5815433,0.72356546,0.88465273,0.5777494,0.8178626,0.9434067,0.5502518,0.3934953,0.9639183,0.5660029,0.39360482,0.9275032,0.5462219,0.39374325,0.4224193,0.5815483,0.39879563,0.9653679,0.58170104,0.84921074,0.8690219,0.59341973,0.8439937,0.7831101,0.57378817,0.8231486,0.7281244,0.55019206,0.849237,0.8608668,0.54222286,0.84912443,0.7970124,0.5462497,0.82828575,0.7777827
2023:03:04:19:56:10,up_90_1t_,35.12333154678345,73.01,77.91,177.73,85.02,0.5541868,0.39875835,0.95770854,0.558126,0.44614464,0.88799804,0.5189026,0.44599107,0.926783,0.4639815,0.44596228,0.8829143,0.4207723,0.46699482,0.9031235,0.605082,0.446131,0.8896094,0.65625083,0.45651305,0.81571436,0.7071915,0.4773327,0.9268874,0.558108,0.60336906,0.894017,0.5423077,0.6033231,0.90234,0.5460952,0.7183745,0.8434715,0.5461691,0.8179068,0.93218094,0.5816341,0.60814404,0.93538433,0.58154505,0.72356135,0.88565445,0.5777423,0.8178465,0.9445957,0.5502635,0.39352158,0.96491253,0.5697703,0.3936234,0.929825,0.5462375,0.39378038,0.45195198,0.58155394,0.39880222,0.9632072,0.5816888,0.8492024,0.87152445,0.59340906,0.8439776,0.7840343,0.57377994,0.8231279,0.72798693,0.55018896,0.8492312,0.86289054,0.54221946,0.84911644,0.7985406,0.5462453,0.82826793,0.7802908
2023:03:04:19:56:10,up_90_1t_,35.185166120529175,73.02,77.90,177.73,85.03,0.5542009,0.3987846,0.95624775,0.5581451,0.4461322,0.8862944,0.5189134,0.4459905,0.92675745,0.4677548,0.44596812,0.88161784,0.42079708,0.46701378,0.90661615,0.6050989,0.44611996,0.89201283,0.65627736,0.45651132,0.8152903,0.7072016,0.47731888,0.9247797,0.55811805,0.6033464,0.89552015,0.5423239,0.6032997,0.9057007,0.54610205,0.71837544,0.84387213,0.5461712,0.8179037,0.93145645,0.5816412,0.6033541,0.93712187,0.58155173,0.7235562,0.8863597,0.57774836,0.81783605,0.94518393,0.5502695,0.39354223,0.96809113,0.56978863,0.3936438,0.93255985,0.54623884,0.39378223,0.455939,0.5815714,0.39881086,0.96428794,0.58166945,0.8491787,0.8721216,0.59339195,0.8439578,0.78531647,0.57379234,0.82310516,0.7336208,0.55014867,0.8492094,0.8635086,0.53849405,0.84907025,0.792745,0.5462669,0.82825077,0.78019273
2023:03:04:19:56:10,up_90_1t_,35.24656343460083,73.02,77.90,177.73,85.02,0.5541931,0.39877585,0.9576191,0.558155,0.44613135,0.88575196,0.51892316,0.44599298,0.9264755,0.4677582,0.4459634,0.8817588,0.42079383,0.467012,0.9057342,0.6051013,0.4461229,0.891911,0.660047,0.45652434,0.8153086,0.707209,0.4773282,0.9257692,0.55811477,0.603325,0.89640945,0.5423253,0.60327625,0.90606296,0.54610467,0.7183693,0.8448786,0.5461729,0.81790423,0.9325076,0.58163744,0.60333383,0.9378257,0.58155835,0.7235386,0.8863126,0.5777555,0.81783724,0.9466396,0.5502668,0.39353496,0.96839243,0.56978035,0.39363876,0.9321086,0.5462379,0.39377493,0.4485311,0.58157045,0.39881304,0.9680126,0.5816793,0.84918207,0.87629914,0.5934077,0.8439621,0.7885222,0.57380146,0.8231116,0.73474705,0.55014724,0.84921724,0.8644439,0.5384901,0.849077,0.7940503,0.54626906,0.8282542,0.7810838
2023:03:04:19:56:10,up_90_1t_,35.30245280265808,73.02,77.86,177.72,85.05,0.5542403,0.39879835,0.9508688,0.5581717,0.44610828,0.8847016,0.5189306,0.44597077,0.9265611,0.4678016,0.44115448,0.88504416,0.4208156,0.4670271,0.9073206,0.60510796,0.4461111,0.89292973,0.6562777,0.4565246,0.81690156,0.7072202,0.47734162,0.92701495,0.5581082,0.60327774,0.89778376,0.54233027,0.60322905,0.90714145,0.5461167,0.7183407,0.8473792,0.5461668,0.8179087,0.9310632,0.5816263,0.6032876,0.9387031,0.5815583,0.72349817,0.884395,0.5777467,0.81783533,0.946171,0.55029154,0.39355114,0.9675927,0.5698348,0.39365682,0.93594027,0.54626316,0.39381245,0.5214912,0.581579,0.39882565,0.96402705,0.5816965,0.8491885,0.87650645,0.5934264,0.8439573,0.7888141,0.5737847,0.82310766,0.73046017,0.55017644,0.8492171,0.8595489,0.5385143,0.8490859,0.7928689,0.54624736,0.82826245,0.77829236
2023:03:04:19:56:10,up_90_1t_,35.36025881767273,73.05,77.86,177.71,85.08,0.5542911,0.39881846,0.94311976,0.55818236,0.44611987,0.882306,0.5189317,0.44597253,0.9256532,0.46778825,0.4411394,0.886285,0.4208004,0.46702582,0.9046,0.6051186,0.4461271,0.8919857,0.660058,0.45651436,0.8180268,0.70723605,0.4773233,0.9251903,0.5580873,0.6032693,0.89948666,0.54232144,0.6032258,0.90624714,0.54613286,0.71834034,0.85115373,0.54616827,0.81792855,0.93269145,0.58160436,0.6032735,0.94015455,0.5815645,0.72345304,0.88210297,0.57775813,0.8178473,0.9474566,0.550317,0.39356455,0.96543163,0.56989574,0.39366898,0.93881655,0.54627305,0.39382133,0.6049899,0.5815867,0.39882755,0.95992815,0.58173144,0.84920436,0.8803835,0.5934701,0.8439714,0.79085505,0.5737918,0.8231355,0.7272936,0.5502168,0.84922457,0.8571993,0.5422461,0.84911776,0.79728764,0.54623556,0.82829213,0.78209347
2023:03:04:19:56:10,up_90_1t_,35.42009902000427,74.45,76.49,177.71,80.64,0.5542981,0.39879325,0.94278866,0.56196207,0.44613937,0.8815115,0.5189652,0.4460143,0.9202133,0.4678142,0.44115385,0.88720363,0.42080608,0.46703923,0.9038281,0.6051441,0.44614288,0.89346254,0.6600864,0.45652747,0.8181217,0.70726085,0.47731566,0.92205155,0.5580628,0.6032756,0.9012177,0.5423068,0.6032378,0.90521157,0.54614186,0.7183318,0.8526143,0.546169,0.8179173,0.9349988,0.58158237,0.60327667,0.9412919,0.5815627,0.7234439,0.8807206,0.5777658,0.8178327,0.9485801,0.5503233,0.3935477,0.9613764,0.569905,0.39364645,0.93716675,0.5462811,0.3938455,0.6092646,0.5815935,0.39882863,0.9624774,0.5817104,0.8491826,0.8820206,0.5934489,0.8439533,0.7911037,0.57380456,0.82312024,0.7298289,0.550188,0.8492103,0.8648313,0.54222214,0.8490923,0.79915047,0.5462455,0.82826984,0.78505474
2023:03:04:19:56:10,up_90_1t_,35.483927965164185,74.47,76.48,177.73,80.62,0.5542937,0.39876375,0.94501156,0.5619914,0.44616422,0.88047826,0.5189794,0.44604433,0.9194067,0.467816,0.44114998,0.88949966,0.42081696,0.46707833,0.90685487,0.6051639,0.44617465,0.89370143,0.66010153,0.45651564,0.820209,0.7072741,0.4773033,0.92061114,0.5580748,0.6032762,0.90124327,0.5423233,0.6032392,0.90946543,0.54613894,0.71828365,0.85190105,0.54617107,0.8178826,0.9383794,0.58158606,0.603275,0.94193405,0.5815501,0.7234157,0.8790676,0.57777244,0.81780773,0.9503323,0.5503261,0.39352375,0.95869243,0.569904,0.39362475,0.93551326,0.546289,0.39385796,0.5873525,0.5815989,0.39883548,0.9639357,0.58164835,0.8491584,0.88622254,0.59339106,0.8439478,0.7930966,0.57383204,0.82308316,0.7407047,0.5501199,0.84918165,0.8732959,0.5384652,0.8490268,0.7976018,0.5462771,0.8282164,0.7862908
2023:03:04:19:56:10,up_90_1t_,35.54177379608154,74.46,76.50,177.71,80.65,0.55431885,0.39874738,0.942443,0.5619983,0.4461679,0.88084996,0.51898736,0.4460577,0.9176377,0.4678338,0.44115764,0.88928264,0.42083454,0.46706364,0.90658426,0.6051616,0.4461705,0.89382344,0.6600924,0.45652702,0.82167333,0.70726395,0.47730446,0.92150915,0.55810344,0.6032545,0.90017605,0.5423561,0.60322213,0.91538966,0.546138,0.718255,0.8517287,0.54616827,0.81787884,0.9390409,0.5815988,0.60324365,0.940714,0.5815706,0.72336084,0.87287587,0.57778,0.8177933,0.9523579,0.550339,0.39351037,0.95600533,0.5736185,0.39360738,0.93496317,0.54629093,0.39386308,0.6351428,0.58160406,0.39883843,0.9628145,0.5816464,0.84914964,0.8873583,0.59340113,0.8439402,0.7937935,0.57383776,0.8230659,0.7422099,0.5501175,0.84917736,0.8739168,0.53845936,0.8490202,0.7972399,0.54627526,0.8282102,0.78602755
2023:03:04:19:56:10,up_90_1t_,35.599618673324585,74.46,76.52,177.71,85.10,0.5580693,0.39877662,0.9365977,0.56201303,0.44620144,0.87780195,0.51899755,0.4460884,0.9149104,0.46784788,0.44114763,0.8905823,0.42087317,0.4670647,0.9107006,0.60517746,0.44619367,0.89241815,0.66010183,0.45651543,0.8241703,0.7072426,0.47731188,0.92370796,0.5581438,0.60329044,0.8998029,0.54238033,0.6032641,0.921301,0.54613644,0.7182718,0.8531996,0.5461652,0.8178737,0.93649024,0.5816303,0.603274,0.94081146,0.58158976,0.7233606,0.8748848,0.5777767,0.8177804,0.95429724,0.5503706,0.39353496,0.9547539,0.57367635,0.39362082,0.94219846,0.5462968,0.39387935,0.7055278,0.5816298,0.3988542,0.9556692,0.5816386,0.84913397,0.88688743,0.5933833,0.8439219,0.7939074,0.5738372,0.8230467,0.74708045,0.55010605,0.849166,0.8720362,0.5384496,0.84900594,0.79260284,0.54627794,0.82819796,0.78177446
2023:03:04:19:56:11,up_90_1t_,35.65945911407471,74.45,76.49,177.69,85.03,0.5580396,0.39874518,0.94083446,0.5620357,0.44618216,0.8785919,0.51901174,0.44606686,0.91542256,0.4678784,0.4411537,0.8891195,0.4208971,0.46707395,0.9136843,0.6051855,0.44618884,0.89237195,0.6600936,0.45652255,0.8223388,0.70721996,0.47733068,0.9286604,0.55814254,0.60323375,0.8976977,0.54238784,0.6032002,0.9205152,0.54615235,0.7182166,0.8564289,0.5461717,0.8178325,0.9398522,0.5816247,0.6032236,0.93771964,0.5816076,0.7233572,0.8756945,0.5777908,0.81777006,0.95554197,0.5503606,0.39350525,0.9547336,0.5736598,0.39359802,0.9387238,0.5463009,0.39386347,0.6417579,0.58164495,0.39884073,0.9591622,0.581619,0.84913695,0.8923981,0.5933774,0.8439456,0.7990049,0.5738618,0.8230386,0.7528645,0.5500666,0.84914136,0.8767358,0.5384025,0.84402925,0.79435194,0.54630023,0.82319903,0.78578913
2023:03:04:19:56:11,up_90_1t_,35.721293687820435,74.43,76.52,177.70,85.06,0.558067,0.39876607,0.93766403,0.56203365,0.44619423,0.87662846,0.5190094,0.44607252,0.91447365,0.46786278,0.4411208,0.89394987,0.4208826,0.46705744,0.91455156,0.6051891,0.44621038,0.8891592,0.6600713,0.45651,0.8203862,0.707224,0.47736347,0.9323813,0.55816305,0.60324776,0.8968741,0.54239964,0.6032142,0.9227289,0.5461533,0.7182247,0.8577737,0.546174,0.8178074,0.93826175,0.5816388,0.6032386,0.9363967,0.58161205,0.72335756,0.87595564,0.57780284,0.81774545,0.9557177,0.5503723,0.3935274,0.95528877,0.57368296,0.39361328,0.9425669,0.5463033,0.39387575,0.66594374,0.58165735,0.39884233,0.95527124,0.5816176,0.84910595,0.89254713,0.59338933,0.8439168,0.7991458,0.57748425,0.82300955,0.75672966,0.55005324,0.849122,0.8732016,0.53838503,0.8440009,0.79038966,0.5463104,0.8231641,0.7865872
2023:03:04:19:56:11,up_90_1t_,35.7791383266449,74.44,76.52,177.70,85.07,0.5580779,0.3987744,0.9360533,0.5620387,0.44621134,0.875909,0.5190101,0.44609153,0.9137513,0.46786952,0.4459901,0.88573354,0.4208842,0.46706188,0.90817374,0.60520643,0.44622844,0.8873005,0.66009295,0.4564787,0.82071215,0.7072332,0.47737697,0.9339885,0.5581574,0.60333383,0.89706177,0.5423789,0.60329956,0.9210121,0.5461566,0.7183347,0.86112446,0.5461831,0.81779146,0.9352353,0.58164346,0.6033247,0.93570685,0.58160406,0.72347015,0.88613224,0.5777828,0.81773573,0.95481575,0.5503738,0.39353356,0.9549824,0.5736927,0.3936165,0.9442337,0.5462999,0.39387912,0.67602897,0.5816682,0.39884177,0.95393354,0.58160883,0.84910166,0.8941263,0.5933682,0.84391654,0.8037084,0.5738516,0.82297766,0.75962293,0.5464789,0.8491081,0.8684728,0.5383774,0.8439773,0.7857274,0.546321,0.82314086,0.7874529
2023:03:04:19:56:11,up_90_1t_,35.836984157562256,74.40,76.55,177.69,85.06,0.5580711,0.39876994,0.9361941,0.56203514,0.4462245,0.87518597,0.5190016,0.4461012,0.9138756,0.4678382,0.44599172,0.8836927,0.42083648,0.46709603,0.90602034,0.6052144,0.44624278,0.8859944,0.66009957,0.4564759,0.8194544,0.707235,0.4773818,0.93561924,0.5581411,0.6081623,0.89582247,0.54235154,0.60337913,0.9158684,0.5461588,0.72336173,0.86516,0.5461884,0.8177914,0.934395,0.5816392,0.60818547,0.9362373,0.5816032,0.7235599,0.89384234,0.57777464,0.8177259,0.9545469,0.5503685,0.39352965,0.9548114,0.57368815,0.39361092,0.9433235,0.5462982,0.39387822,0.6641334,0.5816688,0.3988376,0.956064,0.58160084,0.84908104,0.89331996,0.59334505,0.84389234,0.8046472,0.57384264,0.82295287,0.76092523,0.5464697,0.84910643,0.86707944,0.5383727,0.84397197,0.78351974,0.5463275,0.8231332,0.7895745
2023:03:04:19:56:11,up_90_1t_,35.896361351013184,74.39,76.56,177.55,85.06,0.5580914,0.3987617,0.9333297,0.56207633,0.44622645,0.87476873,0.51901776,0.44612297,0.90924525,0.46786904,0.4459989,0.8832691,0.42082703,0.4671056,0.9019486,0.60525465,0.44623926,0.8879015,0.66014653,0.4564776,0.8174553,0.7072549,0.47741485,0.93867075,0.55816704,0.6082337,0.8929446,0.54235107,0.6081827,0.91574514,0.5461432,0.7234491,0.8671715,0.54618007,0.81779015,0.92968386,0.5816812,0.6082599,0.9323127,0.5816318,0.7285354,0.9084425,0.5777743,0.8177498,0.9541888,0.5503764,0.39352807,0.9506046,0.57369906,0.39359817,0.9429686,0.5462985,0.39390358,0.6770685,0.5816781,0.3988337,0.95543164,0.58160263,0.84910583,0.89093256,0.59333533,0.8439282,0.80613506,0.57384306,0.8229703,0.7653263,0.54644597,0.8491108,0.86867964,0.53834707,0.8439655,0.7829716,0.54632676,0.82311976,0.7890561
2023:03:04:19:56:11,up_90_1t_,35.95819592475891,72.46,75.16,177.56,85.08,0.55811185,0.39876673,0.9303563,0.56209016,0.4462524,0.8726339,0.51900756,0.4461503,0.90590626,0.4678386,0.4460134,0.8770344,0.4208204,0.47207785,0.9015485,0.6088986,0.446256,0.88575584,0.6601824,0.45650497,0.81391656,0.7072588,0.47743174,0.94318044,0.5619527,0.60822606,0.8887967,0.5423647,0.6081738,0.91666096,0.54613304,0.72345275,0.8627932,0.546168,0.8177761,0.92673546,0.58174187,0.6082611,0.9254495,0.58164203,0.7285755,0.91938436,0.5777601,0.81775546,0.95537573,0.5503817,0.39353475,0.9491149,0.5737162,0.39359635,0.9442344,0.54629654,0.3939289,0.6928741,0.581693,0.3988346,0.95357454,0.58159703,0.8491286,0.89177006,0.5933405,0.84393626,0.8073454,0.5738286,0.8229831,0.7627571,0.54642934,0.849097,0.8744034,0.5345656,0.8439327,0.7869973,0.5463103,0.8231125,0.7844933
2023:03:04:19:56:11,up_90_1t_,36.017600297927856,73.77,73.84,177.55,80.62,0.55813867,0.3987683,0.92779064,0.56589144,0.44624567,0.87392545,0.5190361,0.44615844,0.9008731,0.46785557,0.44602302,0.8757889,0.42082363,0.47208565,0.90000206,0.6089221,0.4462417,0.8906242,0.6601916,0.45648357,0.8160089,0.70725536,0.4774384,0.9441586,0.5620086,0.6082414,0.887526,0.5423876,0.60818017,0.91804004,0.5461325,0.7234665,0.8627292,0.54617476,0.81778,0.9269693,0.5817956,0.60828793,0.9187957,0.581669,0.72860885,0.92180276,0.57775337,0.8177722,0.95551085,0.5503964,0.3935348,0.9467424,0.5737383,0.3935903,0.94541764,0.54630107,0.39392492,0.7061468,0.5817091,0.39882368,0.95096827,0.5816266,0.8491493,0.8831624,0.5933599,0.84395474,0.80359966,0.5738116,0.8230024,0.75859106,0.54647523,0.84909993,0.87282103,0.53836787,0.8439599,0.791646,0.5462965,0.8231226,0.783433
2023:03:04:19:56:11,up_90_1t_,36.07544541358948,73.78,73.85,177.53,85.14,0.5619551,0.39880177,0.92155325,0.56591696,0.44626996,0.8718246,0.5190482,0.44619578,0.89433086,0.46788624,0.4460576,0.8733187,0.42085096,0.47207987,0.89683783,0.6089499,0.44624868,0.8917404,0.66395795,0.45647162,0.8179941,0.7072684,0.47743523,0.9441126,0.56200314,0.60828197,0.8846951,0.5423679,0.60823375,0.9113356,0.5461298,0.72347033,0.86230636,0.54617167,0.81778073,0.9257386,0.5818053,0.6083097,0.9148156,0.58168805,0.7286473,0.92525625,0.5777632,0.8177672,0.9554187,0.5504346,0.39355552,0.944291,0.5738023,0.39360344,0.9520019,0.5463087,0.39393115,0.7485032,0.5817492,0.39883262,0.9452699,0.5816109,0.8491499,0.8871839,0.59334975,0.843956,0.8064164,0.5738194,0.8229939,0.75946826,0.54646343,0.8491002,0.87152153,0.53836375,0.8439523,0.78816354,0.5463031,0.8231206,0.7839927
2023:03:04:19:56:11,up_90_1t_,36.13528561592102,73.78,73.85,177.53,85.14,0.5619551,0.39880177,0.92155325,0.56591696,0.44626996,0.8718246,0.5190482,0.44619578,0.89433086,0.46788624,0.4460576,0.8733187,0.42085096,0.47207987,0.89683783,0.6089499,0.44624868,0.8917404,0.66395795,0.45647162,0.8179941,0.7072684,0.47743523,0.9441126,0.56200314,0.60828197,0.8846951,0.5423679,0.60823375,0.9113356,0.5461298,0.72347033,0.86230636,0.54617167,0.81778073,0.9257386,0.5818053,0.6083097,0.9148156,0.58168805,0.7286473,0.92525625,0.5777632,0.8177672,0.9554187,0.5504346,0.39355552,0.944291,0.5738023,0.39360344,0.9520019,0.5463087,0.39393115,0.7485032,0.5817492,0.39883262,0.9452699,0.5816109,0.8491499,0.8871839,0.59334975,0.843956,0.8064164,0.5738194,0.8229939,0.75946826,0.54646343,0.8491002,0.87152153,0.53836375,0.8439523,0.78816354,0.5463031,0.8231206,0.7839927
2023:03:04:19:56:11,up_90_1t_,36.19711995124817,73.81,73.28,177.52,85.15,0.5619775,0.39880812,0.92148185,0.5659261,0.44626912,0.8726095,0.51906914,0.44619605,0.89054406,0.47168183,0.44604483,0.87423354,0.42449358,0.4720952,0.9037678,0.6089514,0.44624883,0.8905426,0.664004,0.45143116,0.82615376,0.70735216,0.4774493,0.93897915,0.5619544,0.6082629,0.88342035,0.5423407,0.6082203,0.9073658,0.5461268,0.72344875,0.8609537,0.5461718,0.81775326,0.9261418,0.5817663,0.6082828,0.9178234,0.58169013,0.72865117,0.9254267,0.5777711,0.81775784,0.9540802,0.5504517,0.3935598,0.9435698,0.57381886,0.3936098,0.9538071,0.5463198,0.39393166,0.74932766,0.5817581,0.39883208,0.9438163,0.5815861,0.8491526,0.88989687,0.5933433,0.84397,0.80839795,0.5738328,0.8229817,0.76086223,0.5464456,0.84908676,0.87465715,0.5345911,0.84392107,0.78883356,0.546317,0.8230828,0.7853217
2023:03:04:19:56:11,up_90_1t_,36.25451302528381,74.40,73.80,177.52,85.15,0.562001,0.39880115,0.9201111,0.5659492,0.4462551,0.87380666,0.5226994,0.44618404,0.8878725,0.4717382,0.44604272,0.8767219,0.4245318,0.4720818,0.90484667,0.6089571,0.44623262,0.8927392,0.66402876,0.45645666,0.8243619,0.7110664,0.4774877,0.9287435,0.56194425,0.60817456,0.8836286,0.5423535,0.60337424,0.9084386,0.54612935,0.72341585,0.857661,0.5461738,0.8177364,0.9254604,0.58173996,0.60819995,0.9194668,0.5816824,0.7286323,0.9235945,0.57777786,0.8177567,0.95299715,0.5504685,0.39355934,0.93959063,0.5738295,0.3935991,0.9515327,0.54633504,0.39395162,0.75030756,0.5817659,0.39882913,0.94178456,0.5815609,0.84915006,0.8900734,0.5895688,0.84395593,0.8096056,0.5738488,0.82298726,0.7635341,0.5464245,0.84906435,0.87345546,0.53457034,0.8438876,0.78641564,0.54633325,0.82306385,0.78538275
2023:03:04:19:56:11,up_90_1t_,36.312358379364014,74.40,73.80,177.52,85.15,0.56200415,0.39880916,0.91974586,0.56596315,0.44625407,0.87381387,0.5227058,0.4461956,0.88610995,0.47175848,0.44604814,0.87730134,0.42454225,0.47209564,0.9022896,0.6089603,0.44622475,0.8934059,0.664028,0.45647222,0.82419854,0.71108854,0.47748896,0.9304534,0.5619428,0.60817176,0.8828228,0.5423513,0.6081389,0.90513587,0.54613954,0.7233999,0.8573177,0.5461771,0.81771487,0.9269967,0.5817372,0.6081905,0.9198174,0.5816884,0.72861516,0.91948134,0.5777881,0.8177524,0.9538589,0.55047137,0.39356723,0.9389391,0.5738328,0.39360607,0.95205116,0.546341,0.3939593,0.74440706,0.58177274,0.39883715,0.94302416,0.5815447,0.8491461,0.8935101,0.5895574,0.84396636,0.81335044,0.57747704,0.82298243,0.767455,0.5464027,0.849046,0.8703867,0.534545,0.8438512,0.78261834,0.54634446,0.82303846,0.7886139
2023:03:04:19:56:11,up_90_1t_,36.37419295310974,75.74,72.47,177.51,85.17,0.56202686,0.3988136,0.91847503,0.56597096,0.4462627,0.8729239,0.52270645,0.44620502,0.8858176,0.4717601,0.44606572,0.8751567,0.42453963,0.47210717,0.90252566,0.6089764,0.44623095,0.89345676,0.6640381,0.45646253,0.82539934,0.71110433,0.47748455,0.92930365,0.55818945,0.60817903,0.8816392,0.54234654,0.60813814,0.90375304,0.5461408,0.72339976,0.8576367,0.54617715,0.8177121,0.9281216,0.5817274,0.6081946,0.9196528,0.581688,0.72862214,0.9191655,0.5777902,0.8177518,0.95421165,0.5540831,0.3935715,0.93851477,0.5738502,0.3936067,0.9535898,0.54634595,0.39397043,0.7603768,0.5817773,0.39884123,0.9438185,0.5815454,0.8491423,0.8978061,0.58955956,0.8439596,0.8156451,0.5774806,0.822984,0.7673636,0.5464066,0.8490475,0.869309,0.5345517,0.8438537,0.7814368,0.5463443,0.8230344,0.7898808
2023:03:04:19:56:11,up_90_1t_,36.43602800369263,73.82,73.80,177.52,85.17,0.56202424,0.39879742,0.91933125,0.56597114,0.4462603,0.8733,0.52270126,0.44620627,0.8858928,0.47176942,0.4461049,0.87100303,0.42453265,0.4721042,0.9021872,0.6089733,0.44622123,0.8944328,0.6640096,0.4514279,0.8252448,0.70740104,0.4774415,0.9405472,0.5619616,0.6082327,0.8807103,0.5423532,0.608199,0.9029323,0.546141,0.7234494,0.86170423,0.5461811,0.8177282,0.9265817,0.5817638,0.6082471,0.91730297,0.5816911,0.72866184,0.9273115,0.5777822,0.8177762,0.95315367,0.5540888,0.3935561,0.9364425,0.5738486,0.39359555,0.95242834,0.5463563,0.3939546,0.75021565,0.5817769,0.3988332,0.94254214,0.5815756,0.8491729,0.89280987,0.5895789,0.8439787,0.8119172,0.5738541,0.823016,0.7630651,0.54644585,0.84905547,0.8695263,0.53835005,0.8438819,0.7852033,0.54633224,0.82305485,0.78667504
2023:03:04:19:56:11,up_90_1t_,36.49586749076843,73.80,73.81,177.54,85.18,0.56202835,0.39880544,0.91963613,0.56598055,0.4462509,0.8732494,0.52270323,0.4462061,0.885707,0.47177774,0.44609967,0.8722284,0.4245221,0.47210923,0.90234405,0.6089833,0.44620445,0.8951683,0.66403496,0.45144066,0.82595235,0.70742303,0.47745296,0.9391203,0.561988,0.6082289,0.88240385,0.5423685,0.6081927,0.9054102,0.54613304,0.72345674,0.85987496,0.5461754,0.8177507,0.9237628,0.58178663,0.60824794,0.91687965,0.5816899,0.7286548,0.92556494,0.57778114,0.81779397,0.9528129,0.5540974,0.3935652,0.93717587,0.5738507,0.3936061,0.9536775,0.546373,0.39395705,0.740952,0.58177906,0.39883813,0.94278663,0.58159655,0.8491927,0.89502853,0.59334785,0.84402543,0.8141972,0.57385045,0.82303876,0.763229,0.54643065,0.8490792,0.8663796,0.53459126,0.84390366,0.7817705,0.54633087,0.82308835,0.78371096
2023:03:04:19:56:11,up_90_1t_,36.55371284484863,74.38,73.83,177.54,85.14,0.56200886,0.39877418,0.9211489,0.56599903,0.4462365,0.87507164,0.5227386,0.44619742,0.8851741,0.4717912,0.4460887,0.87313443,0.42452538,0.47207046,0.89828694,0.60897356,0.4461901,0.89527917,0.66406995,0.4514384,0.8323003,0.7111055,0.47748047,0.93733084,0.56199706,0.6081961,0.88424224,0.5423821,0.60815406,0.9092732,0.5461266,0.7234241,0.85809106,0.54617715,0.81773174,0.9269784,0.58178246,0.6082243,0.9176802,0.58168733,0.72862196,0.9213283,0.57779443,0.8177707,0.9538516,0.5540976,0.39353502,0.93475515,0.5738399,0.39358667,0.95093,0.54639524,0.3939426,0.7052648,0.58178025,0.39883694,0.9456996,0.58159214,0.84917545,0.8952506,0.593368,0.8440101,0.8128863,0.57747793,0.82301456,0.76657397,0.54641676,0.8490763,0.87089634,0.5345637,0.84389365,0.784866,0.5463376,0.82306284,0.78782845
2023:03:04:19:56:11,up_90_1t_,36.625521421432495,74.37,73.81,177.54,85.15,0.5620067,0.398764,0.9212486,0.56599754,0.44624186,0.8746804,0.5227502,0.44620907,0.8840306,0.4718029,0.44610775,0.87158847,0.42455018,0.47210115,0.90336275,0.6089608,0.44619122,0.89424187,0.66405797,0.45143455,0.8329409,0.71113175,0.47750646,0.9352554,0.56199753,0.60821676,0.88421226,0.5423786,0.60817635,0.9081851,0.54612917,0.72345656,0.86074615,0.54617137,0.81776613,0.9263967,0.5817875,0.6082419,0.9179294,0.5816885,0.7286471,0.92287403,0.57778144,0.8177933,0.95357406,0.55410033,0.3935284,0.9339742,0.5738365,0.39357933,0.94969666,0.54639786,0.39394522,0.7054616,0.58177346,0.39883688,0.94602513,0.581615,0.849203,0.89673126,0.59337246,0.84403116,0.8137546,0.573844,0.82303375,0.76219124,0.54644305,0.8491054,0.8676331,0.5383477,0.8439488,0.78421426,0.5463158,0.8231036,0.78695554
2023:03:04:19:56:12,up_90_1t_,36.693339347839355,75.71,72.51,177.53,80.69,0.56201136,0.39877042,0.92109454,0.5697483,0.44624797,0.8743575,0.522764,0.44620672,0.8836802,0.475567,0.44606796,0.8778637,0.4245529,0.47206017,0.8964294,0.60896313,0.44620746,0.8940523,0.66405994,0.4564775,0.82960016,0.71114385,0.47750986,0.9298624,0.56199473,0.6082133,0.88537705,0.54237884,0.6081744,0.9076168,0.5461372,0.72344685,0.86136687,0.5461731,0.8177793,0.92779464,0.58178234,0.6082408,0.92035264,0.5816925,0.7286382,0.91751087,0.5777868,0.81780016,0.95450836,0.55410695,0.39353636,0.93447053,0.57383895,0.393585,0.9499998,0.54640746,0.39395282,0.6995058,0.58177584,0.39884084,0.9454507,0.58163536,0.8492038,0.895561,0.59339356,0.84403217,0.81249535,0.57384574,0.82304376,0.7611689,0.5464686,0.84911764,0.86697245,0.53837854,0.843976,0.78648,0.5463086,0.8231206,0.78793484
2023:03:04:19:56:12,up_90_1t_,36.7531795501709,74.40,73.85,177.54,85.15,0.562003,0.3987669,0.9212087,0.5659864,0.44625294,0.8744462,0.5227536,0.44621179,0.88459694,0.4755617,0.4460721,0.8776633,0.42454666,0.47204688,0.8957213,0.60894483,0.44623196,0.8922611,0.6640386,0.45648584,0.82906854,0.711152,0.47749588,0.9273013,0.56199825,0.6082199,0.88577276,0.54237866,0.60818386,0.9069228,0.5461368,0.72343284,0.8604752,0.54618204,0.81778055,0.9296566,0.58178747,0.6082466,0.92052233,0.58169204,0.72862476,0.9148755,0.57778513,0.81780183,0.953821,0.5541037,0.3935318,0.934299,0.5738333,0.39358214,0.94923186,0.54640776,0.3939499,0.6918447,0.58177394,0.39884162,0.9458247,0.58163315,0.8492006,0.89254415,0.5933859,0.8440318,0.81004834,0.5738433,0.8230413,0.7588755,0.5500556,0.84911615,0.8653302,0.53840524,0.84398544,0.78812695,0.5463104,0.8231183,0.788642
2023:03:04:19:56:12,up_90_1t_,36.8110249042511,74.41,76.57,177.53,85.17,0.5620086,0.3987553,0.9215903,0.5659445,0.4462431,0.87538576,0.5227245,0.44617596,0.89113057,0.47177464,0.4460653,0.87939876,0.42458174,0.4671037,0.90455043,0.6089183,0.4462409,0.8918048,0.6640031,0.456497,0.82757807,0.7111466,0.47747147,0.9264999,0.56200266,0.60817885,0.8874838,0.5424107,0.6081424,0.9145075,0.546149,0.723433,0.86534053,0.5461744,0.81781507,0.92863774,0.5817708,0.60821205,0.92125106,0.58168715,0.7285911,0.9118991,0.5777757,0.81780446,0.9555725,0.55411345,0.39351985,0.93391144,0.5738372,0.39357293,0.94930166,0.5464153,0.39394405,0.69791377,0.58176875,0.39884156,0.94337475,0.5816361,0.8491946,0.8925518,0.59336954,0.84402454,0.8091407,0.5738269,0.82303923,0.75806135,0.5464916,0.849126,0.86723995,0.5384031,0.8439993,0.7886198,0.5462981,0.8231615,0.7868954
2023:03:04:19:56:12,up_90_1t_,36.874441623687744,74.42,73.84,177.54,85.15,0.56201214,0.39876664,0.92128396,0.5659513,0.44625348,0.8734786,0.52271616,0.44617105,0.89284575,0.4717465,0.44605386,0.8792298,0.42455855,0.47203088,0.9092004,0.6089337,0.44626653,0.8905591,0.6640046,0.4565416,0.82470036,0.71114665,0.4774806,0.92577314,0.5619959,0.60826254,0.8883631,0.54239136,0.608222,0.9139341,0.5461542,0.72355187,0.8743372,0.546169,0.81783265,0.92489094,0.5817782,0.60829115,0.92242503,0.5816767,0.72866994,0.9224373,0.5777667,0.81781214,0.95631653,0.5541166,0.39353088,0.934425,0.573843,0.39358157,0.95058703,0.5464184,0.39395076,0.6924536,0.5817763,0.3988442,0.9412601,0.5816507,0.8491871,0.8908818,0.59336853,0.84400934,0.8102019,0.5738147,0.8230404,0.7621751,0.54648554,0.84912515,0.8641795,0.53840274,0.8440003,0.78574765,0.5462874,0.82317114,0.78572845
2023:03:04:19:56:12,up_90_1t_,36.93627619743347,74.43,76.56,177.53,85.12,0.56200206,0.3987735,0.92234254,0.56595534,0.4462611,0.8728383,0.52271986,0.4461732,0.89297956,0.4717508,0.44604078,0.88107973,0.4245678,0.4670977,0.9091815,0.60893536,0.4462817,0.8893507,0.66401166,0.45654967,0.8248705,0.7111491,0.47748426,0.92587084,0.5619931,0.60827225,0.8883518,0.54238975,0.6082235,0.9147,0.5461537,0.72356015,0.8740667,0.5461681,0.81784654,0.92543423,0.5817736,0.608307,0.922875,0.5816757,0.7286772,0.92094254,0.57776445,0.81782067,0.955482,0.55411184,0.3935369,0.93628156,0.57383984,0.393593,0.9517116,0.54642296,0.3939499,0.6730719,0.581778,0.39885655,0.9421839,0.5816666,0.849193,0.8902582,0.59338284,0.8440103,0.8096863,0.5738083,0.82305086,0.759226,0.55006903,0.84915155,0.8673059,0.5384211,0.84404117,0.7899758,0.5462774,0.8231876,0.7859106
2023:03:04:19:56:12,up_90_1t_,36.99569869041443,78.36,75.26,177.54,85.09,0.56202626,0.39881477,0.92125595,0.565963,0.44628322,0.86927694,0.52273774,0.44615918,0.8923483,0.47557518,0.44602925,0.8910069,0.42466053,0.46698558,0.90549445,0.6089501,0.45126757,0.8876192,0.6639977,0.46169725,0.81778157,0.7111352,0.4774952,0.9220123,0.5581748,0.60819095,0.89311886,0.54235595,0.603375,0.9157362,0.54614186,0.7234134,0.8680814,0.54616016,0.8177688,0.9293982,0.5816865,0.60823894,0.9313842,0.5816394,0.72855383,0.91252613,0.5777769,0.81776315,0.9586246,0.5541181,0.39356732,0.93911326,0.57748,0.39363045,0.95827365,0.54641336,0.39393982,0.7026838,0.5817896,0.3988806,0.9395596,0.5816051,0.84913397,0.8936226,0.5933418,0.8439623,0.8082958,0.57384855,0.82299423,0.76963174,0.54642284,0.84910125,0.87612826,0.5345628,0.84393895,0.7880026,0.5463079,0.8230987,0.79284763
2023:03:04:19:56:12,up_90_1t_,37.05354404449463,78.36,75.27,177.55,85.13,0.56202865,0.3988276,0.92078733,0.5659367,0.4462945,0.8684828,0.52271646,0.44616824,0.893395,0.4718067,0.4460309,0.8904502,0.42464942,0.466978,0.90641063,0.6089416,0.4512729,0.88634646,0.66398096,0.46168476,0.81635344,0.7111012,0.47749102,0.9237386,0.5581537,0.6081662,0.8938625,0.54235744,0.60335296,0.9160429,0.54613966,0.7233501,0.86416197,0.5461544,0.81777406,0.9303335,0.58165723,0.60821766,0.93345505,0.5816213,0.7285156,0.9042827,0.5777826,0.8177613,0.9582526,0.55410963,0.3935775,0.9411899,0.5774823,0.3936382,0.9600086,0.54639596,0.39393818,0.7283123,0.58179176,0.3988837,0.93981624,0.58161753,0.84913355,0.89371026,0.5933637,0.84395605,0.8071032,0.57385236,0.82300025,0.7676656,0.5464363,0.84911555,0.87756765,0.5345724,0.84396255,0.7893643,0.5462965,0.8231111,0.7941086
2023:03:04:19:56:12,up_90_1t_,37.11537837982178,77.93,75.19,177.69,79.08,0.56201357,0.39883682,0.92131793,0.5659245,0.4512107,0.86771894,0.5226953,0.44617075,0.8950441,0.4717983,0.44601467,0.8917843,0.42464173,0.46696335,0.9056062,0.60894114,0.45127484,0.88571346,0.66396964,0.45662454,0.8157904,0.7074432,0.47748986,0.9271134,0.558149,0.6081678,0.89420116,0.54235715,0.6033595,0.9156461,0.5461428,0.7233505,0.8643242,0.5461552,0.8177847,0.93041897,0.5816495,0.60821503,0.9346525,0.5816077,0.72363335,0.901731,0.5777781,0.8177548,0.9577324,0.55409163,0.39358583,0.94413036,0.5738584,0.39364478,0.9601662,0.5463796,0.39394066,0.73398906,0.58178735,0.39888138,0.94238144,0.58162796,0.8491228,0.8913199,0.5933745,0.8439343,0.8043115,0.57384264,0.82299423,0.7649756,0.5464557,0.8491275,0.8767232,0.53459835,0.84398687,0.7902826,0.54628825,0.82313,0.7924059
2023:03:04:19:56:12,up_90_1t_,37.17920780181885,77.93,75.21,177.70,85.08,0.561967,0.398835,0.92365485,0.5659096,0.4462891,0.8686909,0.52269053,0.44616336,0.8965578,0.47178882,0.44599268,0.89506847,0.4246529,0.46693,0.9049347,0.60892487,0.4512652,0.8845435,0.6639572,0.4566281,0.8150213,0.70743954,0.47748077,0.92646295,0.5581427,0.6033761,0.8965552,0.54235476,0.60331166,0.9170904,0.5461408,0.7183431,0.8620203,0.546156,0.81781536,0.9289811,0.5816418,0.6081637,0.934168,0.58159727,0.72358173,0.89381677,0.57777405,0.81779474,0.9545896,0.55046064,0.3935862,0.94881976,0.573823,0.39364582,0.9585779,0.5463592,0.39393827,0.7185834,0.5817694,0.3988715,0.9470487,0.58165115,0.8491618,0.8908631,0.59339434,0.84398335,0.8042784,0.5738324,0.82305586,0.7586958,0.5464849,0.84915525,0.87352884,0.5383773,0.8440458,0.79252946,0.54627925,0.8231848,0.7869415
2023:03:04:19:56:12,up_90_1t_,37.23705315589905,77.93,74.77,177.71,85.12,0.56195366,0.39884064,0.9234835,0.56588036,0.44628724,0.8685671,0.519067,0.44616264,0.89890516,0.47175065,0.44598177,0.89361936,0.42461693,0.46694788,0.9051331,0.6089099,0.4512641,0.8847292,0.6601843,0.46168777,0.81460845,0.7074079,0.47746623,0.92617935,0.5581383,0.60334384,0.89703095,0.54235435,0.6032896,0.91670513,0.5461335,0.7182748,0.85784924,0.5461558,0.81778103,0.9318714,0.5816382,0.60335696,0.9332399,0.5815856,0.72352517,0.88948894,0.5777775,0.81776905,0.95405334,0.5504457,0.39358798,0.9506569,0.5738111,0.39365137,0.95869684,0.54633695,0.3939253,0.7373432,0.58175164,0.39886966,0.9483472,0.5816189,0.8491465,0.89597183,0.593379,0.8439704,0.80620956,0.57384527,0.82302463,0.7611781,0.5464528,0.8491358,0.8747258,0.5345874,0.8439961,0.7896626,0.54629546,0.82314134,0.7908112
2023:03:04:19:56:12,up_90_1t_,37.29642176628113,77.91,74.76,177.72,80.59,0.5581319,0.3987797,0.93050915,0.56585693,0.4462593,0.8717111,0.51906395,0.44612473,0.9029179,0.47174087,0.44597468,0.892422,0.42461962,0.4669358,0.90281147,0.6088844,0.45123985,0.8852875,0.66017014,0.4617562,0.8133163,0.70741147,0.4774751,0.92630553,0.55812556,0.6033444,0.8983478,0.54234356,0.6032955,0.91491824,0.5461306,0.71828645,0.85720766,0.54616314,0.8177761,0.9314855,0.58163047,0.6033553,0.93480587,0.58157927,0.7235225,0.8899564,0.57777864,0.8177713,0.9535343,0.5504062,0.39354342,0.95011264,0.57374144,0.3936117,0.94849575,0.54632145,0.3939125,0.6942769,0.58170736,0.39884812,0.9573357,0.58158034,0.84912723,0.89368814,0.58958197,0.8439463,0.8044948,0.573856,0.82302666,0.7661723,0.54641736,0.8491118,0.87481976,0.534557,0.8439582,0.7878163,0.5463235,0.82313174,0.789112
2023:03:04:19:56:12,up_90_1t_,37.35626244544983,74.43,76.13,177.72,85.02,0.5580734,0.3987714,0.93703544,0.5620777,0.4462544,0.87207335,0.51906055,0.44613358,0.90295774,0.47172725,0.44600022,0.88688713,0.42457846,0.46696427,0.90327215,0.60523957,0.44628888,0.88449365,0.660116,0.46170813,0.8119196,0.70736855,0.47752264,0.93782526,0.55813825,0.6032872,0.89811736,0.5423699,0.60324454,0.9166645,0.54612345,0.71821433,0.8533226,0.54615515,0.8177556,0.93162453,0.5816322,0.60329616,0.9361229,0.5815728,0.72345716,0.8843585,0.5777722,0.8177634,0.95278144,0.5503742,0.39353994,0.9564704,0.5736942,0.39361092,0.943151,0.5463238,0.3939053,0.6330992,0.5816907,0.39884296,0.9605714,0.58155227,0.8491312,0.8944044,0.5895626,0.8439584,0.8061315,0.57385266,0.82302034,0.76582235,0.5463971,0.849103,0.8804116,0.5345228,0.8439373,0.791402,0.5463205,0.8231099,0.78857183
2023:03:04:19:56:12,up_90_1t_,37.42009139060974,74.43,76.14,177.72,85.03,0.55805665,0.39875644,0.9390325,0.5620642,0.44624838,0.87361884,0.5190607,0.44613528,0.9030434,0.47170198,0.4459874,0.8880473,0.42454937,0.46696967,0.9022116,0.60521764,0.44626158,0.8869841,0.6600983,0.45662412,0.8139454,0.7073744,0.4775036,0.9369281,0.5581416,0.60326356,0.8972264,0.5423777,0.6032241,0.91648173,0.5461313,0.7182201,0.85453546,0.54615825,0.81779414,0.9327341,0.58163315,0.603266,0.93562764,0.58158,0.72343016,0.8816465,0.57777786,0.81776965,0.9531841,0.55036664,0.39352822,0.95677495,0.57367665,0.3936009,0.94084454,0.5463143,0.39390406,0.6420407,0.5816699,0.3988435,0.96275365,0.5815933,0.84914225,0.8944986,0.5933545,0.8439743,0.8042077,0.57384807,0.82303655,0.760536,0.5464296,0.8491381,0.8792137,0.53456074,0.8439909,0.79165614,0.54631084,0.8231619,0.7871357
2023:03:04:19:56:12,up_90_1t_,37.47993087768555,74.43,76.51,177.71,85.00,0.55802673,0.398764,0.9416734,0.5620515,0.44621885,0.87581956,0.5190337,0.4461078,0.9093894,0.46786225,0.4460362,0.87866145,0.4208729,0.4670759,0.88975406,0.6052121,0.44623265,0.88893116,0.6601195,0.45658728,0.81678575,0.7073452,0.4774463,0.9329345,0.5581341,0.6032704,0.8981727,0.5423744,0.6032336,0.9176612,0.54613787,0.718229,0.8557403,0.5461554,0.81780744,0.93158346,0.5816234,0.60326475,0.93702596,0.5815779,0.72343326,0.8817234,0.57777375,0.8177766,0.95260894,0.55034995,0.3935308,0.9585985,0.5736477,0.39360863,0.93890905,0.5463063,0.3938908,0.60711116,0.5816572,0.39883545,0.9634865,0.5816003,0.84915054,0.8946264,0.5933566,0.8439799,0.80419916,0.57384205,0.823042,0.757157,0.5464464,0.849144,0.8751193,0.5345767,0.84400696,0.78913915,0.5462986,0.82318103,0.7838632
2023:03:04:19:56:12,up_90_1t_,37.537776470184326,74.43,73.75,177.71,80.57,0.5542935,0.39876023,0.9452312,0.5620517,0.44621485,0.8771393,0.5190296,0.4461063,0.90988404,0.46785927,0.44604474,0.8775997,0.42084646,0.47207415,0.8998539,0.6052049,0.44622543,0.889418,0.6601031,0.45658526,0.8138015,0.7072913,0.4774412,0.9374611,0.558125,0.60326415,0.89848554,0.5423705,0.60322547,0.91623837,0.5461335,0.7182251,0.85425854,0.546155,0.8178097,0.93241817,0.58161706,0.60325843,0.9383224,0.58158034,0.72342235,0.8796429,0.5777805,0.8177728,0.95244265,0.55032504,0.39352784,0.9573337,0.56990826,0.3936173,0.9349222,0.5462789,0.39389744,0.57392514,0.5816317,0.39886123,0.96716213,0.5816024,0.8491531,0.8953562,0.5933676,0.84398496,0.80386275,0.5738444,0.8230397,0.75662696,0.5464412,0.84914744,0.8784503,0.53456914,0.84400934,0.79208916,0.5462993,0.823182,0.78634167
2023:03:04:19:56:12,up_90_1t_,37.599611043930054,74.42,76.49,177.70,80.50,0.55421466,0.39876407,0.95410925,0.5620371,0.44618464,0.8796093,0.5190268,0.4460829,0.91181326,0.46786422,0.44603902,0.8780716,0.42087236,0.46709555,0.9056911,0.60517627,0.4461948,0.88936377,0.6600981,0.4565838,0.8150844,0.70728713,0.4774205,0.9367914,0.55812985,0.60324097,0.89868635,0.5423751,0.6032065,0.9165033,0.5461373,0.71823525,0.8536797,0.5461556,0.81781214,0.9319228,0.5816207,0.6032295,0.93864065,0.5815916,0.72340775,0.8803345,0.57777977,0.8177694,0.95424664,0.55028707,0.3935219,0.9580132,0.5698238,0.39362952,0.9317204,0.5462433,0.39379585,0.42485058,0.58161527,0.3988608,0.9727835,0.5816194,0.8491556,0.89675105,0.59338397,0.8439791,0.80509746,0.5738372,0.8230389,0.75640947,0.5464608,0.8491479,0.87556195,0.5345928,0.8440137,0.79003954,0.5462933,0.82318205,0.7854945
2023:03:04:19:56:13,up_90_1t_,37.663440227508545,74.42,76.50,177.70,80.54,0.55426645,0.39884818,0.94567716,0.56199825,0.44614884,0.8788129,0.5189909,0.4460197,0.9210716,0.46784544,0.4459972,0.8829391,0.42087212,0.46704787,0.9148356,0.6051652,0.44618,0.88986546,0.6601005,0.45655626,0.81579655,0.7072894,0.47737285,0.9296385,0.55813634,0.6032474,0.8999729,0.542391,0.6032099,0.9202459,0.546141,0.71826345,0.8550352,0.546158,0.81782985,0.93081,0.58162034,0.6032399,0.94082826,0.5815863,0.7234069,0.87800366,0.5777678,0.81777185,0.953668,0.55029935,0.39358944,0.9665869,0.5698782,0.39368257,0.9366524,0.54626876,0.39382872,0.50959176,0.58162034,0.3988306,0.96385044,0.58158946,0.8491543,0.89285684,0.59334165,0.8439785,0.8015897,0.5738285,0.823027,0.75401336,0.5464613,0.849146,0.87393576,0.5345989,0.8440185,0.7878405,0.54629564,0.82320434,0.7795939
2023:03:04:19:56:13,up_90_1t_,37.721285820007324,74.43,76.49,177.71,80.52,0.5542462,0.3988435,0.94957334,0.5619985,0.4461473,0.8782569,0.51899,0.44601697,0.9210014,0.46784297,0.44600078,0.8826729,0.42087212,0.46705008,0.9159789,0.60516363,0.4461861,0.8890627,0.6600913,0.45657182,0.8163642,0.70728743,0.47736377,0.92982996,0.55813277,0.60324913,0.9005065,0.54238385,0.6032145,0.91976786,0.5461328,0.71824956,0.8523088,0.5461566,0.8178093,0.93106306,0.58161855,0.60323924,0.941573,0.58157456,0.72338736,0.8754562,0.5777606,0.81775856,0.9535009,0.5502914,0.39358723,0.96757317,0.56985337,0.39368144,0.93647337,0.54625916,0.39380437,0.46067667,0.5816168,0.3988268,0.9656358,0.5815731,0.8491405,0.8924906,0.5895743,0.8439415,0.80170524,0.5738236,0.8230086,0.75618804,0.54645044,0.8491253,0.87351453,0.53458476,0.84399164,0.7869094,0.5463003,0.82317984,0.7800855
2023:03:04:19:56:13,up_90_1t_,37.779130935668945,74.42,76.49,177.71,80.49,0.5542087,0.39882594,0.9551282,0.56199545,0.44612947,0.8796357,0.51899743,0.4460066,0.92053056,0.46785927,0.44598445,0.8845316,0.4208874,0.46703938,0.9170394,0.60515213,0.44616714,0.89175534,0.66007644,0.45659655,0.8176743,0.7072772,0.47735953,0.93182737,0.5581392,0.6032367,0.9005941,0.5423899,0.6032003,0.9202186,0.54613584,0.7182225,0.85138077,0.54615587,0.81783384,0.9320839,0.5816262,0.6032345,0.94268775,0.58157825,0.7233874,0.87732047,0.57776254,0.81777847,0.95275146,0.55027336,0.39357412,0.9678873,0.56980896,0.39367104,0.9341775,0.5462369,0.393767,0.41875625,0.5815977,0.3988243,0.9710283,0.5816127,0.8491692,0.88907266,0.5933673,0.8439744,0.79800075,0.5738154,0.8230356,0.74926513,0.5500606,0.8491483,0.8719371,0.5383868,0.8440463,0.7904049,0.5462797,0.82320994,0.78009504
2023:03:04:19:56:13,up_90_1t_,37.83897113800049,74.44,76.49,177.72,80.48,0.55420667,0.3988074,0.9556501,0.56201327,0.44612557,0.8799764,0.5190177,0.4460112,0.9176089,0.46786898,0.44598702,0.8836437,0.42088455,0.4670252,0.913639,0.60515046,0.44616535,0.89237154,0.6600494,0.4566134,0.81428814,0.70727974,0.47736043,0.9325352,0.55811304,0.6031936,0.90060705,0.54237413,0.60314333,0.9154445,0.5461287,0.71317,0.8488548,0.54614997,0.8178647,0.9304808,0.58160603,0.60320294,0.94281775,0.5815478,0.7233839,0.876667,0.57774603,0.81779504,0.94954115,0.55027586,0.3935586,0.96585494,0.56980723,0.39365852,0.9337784,0.546241,0.39375833,0.4122221,0.5815974,0.39881697,0.9703698,0.58163625,0.8491764,0.8856506,0.59338075,0.843965,0.7951682,0.5737915,0.8230641,0.73895425,0.5500958,0.8491703,0.868607,0.5384297,0.8490096,0.7905234,0.54625756,0.8282061,0.77818805
2023:03:04:19:56:13,up_90_1t_,37.90237283706665,74.43,76.46,177.73,80.50,0.5542024,0.3987794,0.9563048,0.56199354,0.4461059,0.8822166,0.5189933,0.44599134,0.9205237,0.4678463,0.44601986,0.8796252,0.42084786,0.4670527,0.91244817,0.6051551,0.44614223,0.89457,0.66012096,0.45662254,0.8096249,0.7073353,0.477365,0.92347664,0.55808467,0.60316336,0.9011862,0.5423411,0.60311353,0.9088651,0.54613274,0.7131428,0.8494842,0.5461504,0.81786305,0.9314944,0.5815925,0.60317284,0.9426742,0.5815347,0.7233615,0.87426525,0.57774365,0.81779134,0.9494611,0.550277,0.3935365,0.9637842,0.5697976,0.3936382,0.93203855,0.5462455,0.39374638,0.41420716,0.581584,0.39880273,0.97145617,0.58163774,0.8491689,0.88100886,0.5933773,0.8439556,0.79077923,0.57378757,0.823069,0.73656785,0.55011237,0.8491728,0.8753152,0.5384456,0.8490216,0.7995507,0.5462491,0.8282114,0.7780808
2023:03:04:19:56:13,up_90_1t_,37.961769580841064,74.41,76.49,177.73,80.55,0.55421597,0.39877078,0.9549504,0.5619669,0.44613165,0.8812119,0.51898533,0.446014,0.918825,0.46782404,0.4460304,0.87725383,0.42079672,0.46706545,0.90691674,0.60513437,0.4461552,0.89346004,0.66008234,0.45663524,0.8054426,0.7073324,0.47739643,0.9268396,0.55810106,0.60318977,0.9008193,0.5423494,0.60314345,0.9113281,0.54614097,0.7182142,0.85016406,0.5461598,0.8179065,0.9318332,0.5816081,0.6031954,0.9407513,0.581544,0.7233912,0.8756777,0.57774574,0.8178217,0.9476493,0.5502846,0.39352587,0.9630786,0.5698169,0.39363033,0.9328196,0.5462578,0.3937621,0.44490284,0.5815882,0.39880362,0.9693864,0.5816835,0.8491879,0.87732506,0.59341055,0.843966,0.788113,0.5737809,0.82310754,0.7301965,0.5501695,0.84920335,0.8692609,0.53850985,0.8490743,0.80130804,0.54624146,0.8282725,0.7803184
2023:03:04:19:56:13,up_90_1t_,38.019614696502686,74.40,76.51,177.72,80.58,0.55423045,0.39877847,0.953053,0.561948,0.44613388,0.88089764,0.51896524,0.44601166,0.92082995,0.46785182,0.4460109,0.87877303,0.4208578,0.46703562,0.9083713,0.60513675,0.44615412,0.8933755,0.6601077,0.4566435,0.8032043,0.70734155,0.47739822,0.92539656,0.55812126,0.60325414,0.90128016,0.5423517,0.6032107,0.91328675,0.5461251,0.7182623,0.848534,0.5461605,0.8178996,0.9314009,0.5816322,0.60325915,0.94101965,0.5815595,0.723444,0.88167024,0.5777484,0.81783223,0.9495311,0.5502892,0.39353588,0.9648342,0.56982946,0.3936346,0.9334432,0.5462648,0.39379406,0.4850375,0.5815803,0.39880222,0.9643997,0.5816829,0.84919614,0.87939227,0.5934055,0.84397864,0.79082,0.57378805,0.82311857,0.7376796,0.5501424,0.8492037,0.87203526,0.53848517,0.84906334,0.80025494,0.5462549,0.82825637,0.78028226
2023:03:04:19:56:13,up_90_1t_,38.079455614089966,74.39,76.52,177.73,80.61,0.55425,0.39877442,0.95088124,0.5619395,0.44613558,0.88104033,0.5189548,0.44601113,0.9212365,0.467838,0.4459769,0.884581,0.4208332,0.46703765,0.9088076,0.6051313,0.44615477,0.8928055,0.6600758,0.46166736,0.80237925,0.70732147,0.477401,0.93046945,0.5581283,0.60326743,0.9000985,0.54236025,0.60322475,0.9129602,0.5461248,0.71825886,0.84726644,0.5461591,0.81787705,0.93191254,0.5816341,0.6032702,0.9416411,0.5815498,0.72345746,0.88109946,0.5777409,0.8178153,0.94845605,0.5502988,0.39353502,0.96386623,0.5698519,0.39363086,0.9345672,0.54627323,0.3938177,0.51387036,0.5815826,0.39880314,0.9600326,0.5816578,0.8491883,0.87848294,0.59338295,0.8439759,0.7900877,0.5737836,0.8230866,0.7391966,0.5501207,0.8491896,0.87140244,0.5384637,0.84904164,0.79734707,0.5462588,0.82821894,0.7805957
2023:03:04:19:56:13,up_90_1t_,38.14328408241272,73.00,77.86,177.71,85.07,0.5542623,0.398794,0.949671,0.55817324,0.44613454,0.8817168,0.5189066,0.44599232,0.92473036,0.46778542,0.4460061,0.87841105,0.42077583,0.4670733,0.9040559,0.6051357,0.44614568,0.8931876,0.66008335,0.46166545,0.80187064,0.70731086,0.47740623,0.93139315,0.5581325,0.60330963,0.8986627,0.54234,0.6032621,0.90993714,0.54611146,0.71830463,0.8438732,0.5461667,0.8178835,0.9281058,0.58165216,0.60331714,0.9402971,0.5815614,0.72351855,0.8845534,0.57772523,0.8178118,0.946913,0.5503015,0.39354628,0.9655206,0.56987137,0.39364323,0.93701416,0.54626346,0.39382246,0.5250358,0.5815978,0.3988054,0.95420337,0.5816959,0.8491879,0.8748816,0.5934114,0.84396374,0.78954285,0.57375515,0.82307637,0.73286074,0.5501777,0.8491892,0.8543021,0.53852314,0.84906346,0.7890624,0.5462438,0.82823753,0.7748161
2023:03:04:19:56:13,up_90_1t_,38.2011296749115,72.99,77.91,177.73,85.10,0.5542614,0.3987768,0.949255,0.55814326,0.44615594,0.88364017,0.518893,0.4460095,0.9238006,0.4677828,0.44602475,0.87772846,0.4207858,0.46702096,0.9025581,0.6051096,0.44615087,0.8897453,0.66005754,0.46170554,0.79437786,0.70731777,0.4774119,0.9251769,0.55814254,0.60334414,0.89693075,0.5423362,0.6033094,0.9085978,0.54611266,0.7183447,0.8451884,0.5461685,0.81786877,0.92746323,0.5816669,0.60333914,0.93836224,0.5815488,0.72356844,0.8878948,0.57771873,0.8178093,0.9450443,0.5503023,0.3935333,0.963743,0.5698676,0.3936302,0.9356352,0.5462671,0.39382368,0.5372187,0.58159274,0.3988005,0.9517727,0.5816378,0.84919417,0.8721253,0.5933495,0.84398276,0.78620386,0.5737568,0.82305586,0.73797244,0.55014217,0.849187,0.8629347,0.5384848,0.84904647,0.79258204,0.5462585,0.82821393,0.77245414
2023:03:04:19:56:13,up_90_1t_,38.25850486755371,73.01,77.92,177.72,85.08,0.5542418,0.39875966,0.9519248,0.5581411,0.44617826,0.88433653,0.5189027,0.4460296,0.9228959,0.46780667,0.44600934,0.8798319,0.42083535,0.4670312,0.9019574,0.6051023,0.44617638,0.8854053,0.66008544,0.4616729,0.79068196,0.7073812,0.47742537,0.9119431,0.5581498,0.60337704,0.8942734,0.5423388,0.60334104,0.90627486,0.54611343,0.7183969,0.8450114,0.5461713,0.8178707,0.926582,0.5816741,0.6033681,0.9376224,0.581556,0.7236125,0.89092755,0.57771367,0.81782037,0.94331473,0.5502929,0.3935217,0.9636911,0.56984496,0.39361688,0.93372315,0.54626316,0.3938166,0.5126387,0.5815841,0.39879408,0.95356846,0.5816623,0.8492081,0.87143064,0.5933672,0.8439989,0.78735745,0.5737462,0.82306653,0.73842704,0.55016434,0.84918135,0.857371,0.5385116,0.8490462,0.79065263,0.5462525,0.828212,0.77320886
2023:03:04:19:56:13,up_90_1t_,38.318344831466675,72.99,77.91,177.72,85.06,0.55423415,0.39874953,0.95251876,0.5581316,0.4461864,0.88463753,0.5188792,0.44602123,0.92399096,0.46780342,0.4460527,0.87367404,0.42084286,0.4670334,0.9031729,0.6051112,0.44619042,0.88607484,0.6562747,0.46171793,0.79383147,0.7073363,0.47745848,0.9261949,0.55814135,0.6081478,0.8943198,0.5423153,0.6033666,0.90228426,0.5461128,0.72335017,0.8453262,0.5461734,0.8178706,0.9267684,0.5816771,0.60816866,0.9380628,0.58157104,0.72361517,0.89027566,0.57772624,0.81781644,0.94506603,0.55029,0.3935107,0.96185535,0.56983703,0.39360735,0.9327024,0.54625905,0.39380202,0.50020444,0.5815819,0.39878908,0.9547689,0.5816801,0.84919685,0.8697908,0.5933928,0.84398365,0.7858868,0.5737567,0.82306564,0.7383624,0.5501781,0.849183,0.85662,0.54221845,0.84906125,0.7916275,0.54625005,0.8282119,0.77345335
2023:03:04:19:56:13,up_90_1t_,38.382174015045166,73.00,77.87,177.72,85.03,0.55422133,0.3987434,0.9539026,0.5581366,0.44617325,0.8846321,0.5188756,0.44600254,0.92634094,0.4677663,0.44604677,0.8730694,0.4207853,0.46707976,0.9048483,0.605116,0.44618887,0.8848416,0.6600725,0.46167502,0.7922766,0.70735717,0.4774487,0.9218246,0.5581326,0.60335624,0.8922656,0.5423111,0.60331595,0.9001583,0.54610914,0.7183699,0.8429458,0.5461662,0.81787026,0.92407995,0.581661,0.6033526,0.9356491,0.5815607,0.72357327,0.8828783,0.5777238,0.81781244,0.94324124,0.5502827,0.39350364,0.96138567,0.56982315,0.3936036,0.93165433,0.5462491,0.39379007,0.48224807,0.5815779,0.39878842,0.9554858,0.5816963,0.849192,0.8713031,0.5934136,0.8439729,0.78566724,0.57374936,0.8230634,0.73291856,0.5502184,0.8491845,0.8471551,0.5422482,0.84907746,0.7894577,0.5462295,0.82821643,0.7704208
2023:03:04:19:56:13,up_90_1t_,38.44201374053955,73.00,77.89,177.74,85.02,0.55420053,0.39875677,0.95562303,0.5581305,0.44616956,0.8863555,0.5188845,0.4460061,0.9264899,0.46778977,0.44605923,0.872286,0.4208466,0.46704045,0.903629,0.6051044,0.44617483,0.88512516,0.66006184,0.46170038,0.7929521,0.70737904,0.47745305,0.9179114,0.55812794,0.603297,0.8919077,0.54231644,0.6032516,0.89948213,0.5461086,0.718272,0.84194094,0.5461667,0.81787586,0.92674214,0.5816487,0.60330033,0.9341594,0.5815368,0.72350836,0.87746346,0.5777317,0.8178262,0.9431881,0.55026734,0.39351818,0.9645864,0.569792,0.39361423,0.9300966,0.5462343,0.39378315,0.46357965,0.581563,0.39878708,0.96005803,0.5816762,0.8492021,0.8694582,0.5933922,0.84398484,0.78363466,0.57376724,0.82309264,0.7331229,0.55020607,0.8492028,0.85919034,0.5422314,0.8490858,0.7961519,0.5462436,0.82823384,0.7716417
2023:03:04:19:56:13,up_90_1t_,38.49985933303833,73.01,77.87,177.77,84.99,0.55419314,0.39875868,0.956792,0.55813664,0.4461793,0.88529795,0.51889205,0.44600666,0.9259121,0.46778595,0.44605064,0.8729208,0.42084754,0.46704745,0.90554434,0.605099,0.44619682,0.8837916,0.6562682,0.46172282,0.795221,0.70735407,0.47746637,0.9246938,0.55809885,0.60324544,0.8920573,0.5423072,0.603201,0.8966964,0.54610157,0.71316564,0.8377882,0.5461667,0.8178399,0.927403,0.5816109,0.60324425,0.93449426,0.5814938,0.72345173,0.87355185,0.5777258,0.8178284,0.9427484,0.5502664,0.3935226,0.9649879,0.56978226,0.39361838,0.92970854,0.5462355,0.3937866,0.44857696,0.58155596,0.39879695,0.9584159,0.5816787,0.84921217,0.87100804,0.5933948,0.84398335,0.78480947,0.57376456,0.82311374,0.73115766,0.5502031,0.84919214,0.8577132,0.542226,0.84906924,0.7952241,0.5462445,0.82819384,0.77228093
2023:03:04:19:56:13,up_90_1t_,38.55969977378845,73.00,77.88,177.79,84.99,0.55419415,0.39875552,0.9571709,0.5581396,0.44617826,0.8846228,0.5188952,0.44600192,0.92667216,0.4677879,0.44605222,0.8730789,0.4208348,0.4670418,0.9055486,0.6050995,0.44620118,0.88603485,0.6562407,0.46175712,0.8003962,0.7073095,0.47747445,0.9365736,0.558111,0.6032483,0.8912698,0.54232067,0.6031998,0.8986055,0.54609674,0.71314156,0.8370561,0.5461677,0.8178021,0.92865825,0.5816156,0.6032544,0.93369615,0.58148104,0.72346765,0.87345123,0.5777334,0.8178407,0.94248456,0.5502668,0.3935242,0.9645019,0.5697801,0.3936154,0.92909634,0.5462383,0.39380062,0.45723712,0.5815485,0.39879778,0.9575082,0.5816346,0.84922093,0.8726032,0.5933495,0.84401923,0.7862326,0.5737935,0.8231317,0.7383833,0.550157,0.84917456,0.86615753,0.53848547,0.8490174,0.797242,0.5462683,0.82319117,0.7744183
2023:03:04:19:56:13,up_90_1t_,38.62552356719971,73.00,77.86,177.78,84.99,0.5541877,0.39875504,0.957895,0.55812436,0.44617245,0.88575494,0.5188851,0.44598886,0.92807233,0.46779233,0.44606692,0.8710808,0.42084008,0.4670523,0.9058608,0.60509217,0.4461969,0.88664305,0.6562221,0.46176273,0.80430794,0.7072993,0.4774737,0.9407592,0.5580914,0.603214,0.89127743,0.54230154,0.6031713,0.89441717,0.54609317,0.71309286,0.837346,0.54616666,0.8178031,0.92875874,0.58160406,0.6032133,0.93261814,0.5814829,0.7234313,0.8713463,0.5777262,0.8178465,0.9412454,0.5502623,0.3935235,0.9649401,0.56977046,0.39361438,0.9279527,0.54623425,0.39379928,0.46323264,0.5815354,0.39879647,0.95784086,0.5816473,0.8492314,0.8730626,0.59335977,0.84402823,0.7865226,0.5737803,0.82314557,0.7344684,0.5501578,0.84918004,0.8654711,0.53848565,0.8490228,0.7982556,0.5462603,0.8232019,0.7745139
2023:03:04:19:56:14,up_90_1t_,38.68536305427551,73.00,77.85,177.79,84.99,0.5541906,0.3987421,0.9575767,0.5581324,0.44617903,0.88492656,0.518893,0.44600195,0.92695713,0.4677851,0.44607234,0.87284285,0.42081654,0.4670856,0.9061134,0.60510045,0.446193,0.8880984,0.6562328,0.46176192,0.80434316,0.7073037,0.47747543,0.9417496,0.55807525,0.6032339,0.8909941,0.5422843,0.6031906,0.89200985,0.54608524,0.7131237,0.8350569,0.5461695,0.81780356,0.92866266,0.5815912,0.6032331,0.9317763,0.58146876,0.7234528,0.8718666,0.57772434,0.8178452,0.94102126,0.55026424,0.39351198,0.9628853,0.56977594,0.39360073,0.92701733,0.54623497,0.39380005,0.46549922,0.5815393,0.39878935,0.9596308,0.58163947,0.84921247,0.86912525,0.5933477,0.84400415,0.78326845,0.5737836,0.8231443,0.73629177,0.5501542,0.84917414,0.8653774,0.53848374,0.84901804,0.797314,0.5462683,0.82320154,0.77450204
2023:03:04:19:56:14,up_90_1t_,38.743208169937134,73.02,77.85,177.79,85.01,0.554201,0.3987327,0.9570682,0.5581223,0.44620168,0.88369775,0.51888454,0.44602045,0.925878,0.4677764,0.44608074,0.870306,0.42080474,0.46709517,0.90701914,0.60509616,0.44620845,0.88658404,0.6562039,0.4618139,0.8036865,0.70729035,0.47747076,0.9403235,0.55805016,0.6032348,0.89008355,0.54226166,0.6031923,0.88680923,0.5460828,0.71312976,0.8339359,0.5461713,0.81779426,0.92641824,0.58157283,0.60323757,0.9301658,0.5814494,0.72344965,0.870258,0.5777168,0.8178297,0.9398604,0.5502709,0.3935008,0.9619391,0.5697929,0.39359385,0.9276567,0.5462383,0.39381957,0.4972422,0.5815373,0.3988045,0.9598456,0.5816548,0.8491978,0.8643041,0.5933627,0.84397775,0.78039473,0.5737701,0.8231249,0.73257613,0.55017304,0.8491618,0.860029,0.5385022,0.8490147,0.7952317,0.54625994,0.8231961,0.77122134
2023:03:04:19:56:14,up_90_1t_,38.80504298210144,73.01,77.85,177.80,84.98,0.55418855,0.39873728,0.9579012,0.5581362,0.4462091,0.8821429,0.518887,0.44602978,0.92501557,0.4677603,0.44606662,0.8694255,0.4207748,0.46709776,0.9064003,0.60511065,0.4462078,0.8884285,0.65619785,0.46184358,0.80280775,0.70728695,0.47747847,0.9438082,0.55805516,0.6032646,0.8907201,0.54226595,0.60321945,0.8882726,0.5460899,0.7131629,0.8349759,0.5461703,0.8178087,0.9264072,0.5815793,0.6032681,0.9318436,0.58144534,0.72347033,0.87193894,0.57772005,0.8178351,0.9396169,0.5502632,0.3935046,0.9620068,0.5697776,0.393598,0.92639744,0.54623264,0.3938073,0.47325066,0.5815351,0.39880502,0.9599962,0.58163196,0.8491994,0.8652944,0.5933436,0.8439845,0.78034073,0.5737783,0.8231226,0.7352863,0.55014974,0.84917784,0.8653772,0.53848124,0.849025,0.79623,0.54627097,0.8232077,0.7711604
2023:03:04:19:56:14,up_90_1t_,38.86887216567993,73.00,77.85,177.80,85.00,0.5541957,0.39873853,0.9570841,0.55812997,0.4462008,0.8833772,0.51888305,0.44601887,0.92744154,0.4677516,0.44606826,0.8699531,0.42080033,0.46709347,0.9088711,0.60510445,0.44619903,0.88828677,0.6562309,0.4618053,0.80142,0.7073111,0.47748885,0.9405052,0.5580644,0.603246,0.89080584,0.5422759,0.60320574,0.88967824,0.54607874,0.71314484,0.83354986,0.5461723,0.8178033,0.9287477,0.58158374,0.6032458,0.9315639,0.58145297,0.7234671,0.87216765,0.57772523,0.8178384,0.9396647,0.5502681,0.39350617,0.96211916,0.5697839,0.39359856,0.92677844,0.5462373,0.3938094,0.4834075,0.5815325,0.39880332,0.9598603,0.58161926,0.8492043,0.8688251,0.5933359,0.8440013,0.7837405,0.573794,0.8231322,0.7390247,0.5501241,0.84917474,0.8692764,0.5384527,0.8490117,0.79704154,0.5462864,0.8231995,0.7741854
2023:03:04:19:56:14,up_90_1t_,38.92834281921387,73.01,77.86,177.80,85.00,0.5541944,0.39872915,0.9571876,0.5581343,0.44620195,0.8830161,0.51888204,0.4460241,0.9262222,0.46774933,0.44604805,0.87195486,0.4207889,0.4670751,0.9079541,0.6051082,0.4461992,0.889244,0.65621483,0.4618194,0.8018998,0.70730996,0.47749114,0.9404919,0.55804837,0.60324633,0.89147335,0.5422612,0.60320294,0.88741755,0.5460754,0.71313804,0.83251,0.546168,0.81779015,0.9289905,0.58157456,0.6032501,0.93199074,0.58144784,0.72346604,0.8715637,0.5777256,0.8178282,0.94048613,0.5502672,0.39349815,0.96087384,0.569782,0.3935901,0.92590296,0.54623747,0.3938139,0.4892198,0.58152866,0.39880082,0.96063554,0.5815949,0.8491829,0.86665213,0.5895598,0.8439634,0.7828139,0.5738003,0.8231169,0.74276704,0.55009663,0.849152,0.8694149,0.53841823,0.8440621,0.7943201,0.54629153,0.82317924,0.77563375
2023:03:04:19:56:14,up_90_1t_,38.98574757575989,73.01,77.84,177.81,85.00,0.55421066,0.39873222,0.9544863,0.5581397,0.44620675,0.8821774,0.51888365,0.44602424,0.92591935,0.4639918,0.4460539,0.8725597,0.42076844,0.46710518,0.9046303,0.6051157,0.4462113,0.8894475,0.65619886,0.46181023,0.8029961,0.70725507,0.47749242,0.9432532,0.5580491,0.6032401,0.89154696,0.5422549,0.60319394,0.8857703,0.54608077,0.7131354,0.83143413,0.5461672,0.81778973,0.9266383,0.58158046,0.6032473,0.9314501,0.58145034,0.7234635,0.86999655,0.5777349,0.81783223,0.9396749,0.5502747,0.39349836,0.9599649,0.56980026,0.3935914,0.9268916,0.54624224,0.39382327,0.5061776,0.5815357,0.39880362,0.9584226,0.58162,0.84920114,0.863784,0.59334373,0.84400505,0.78037786,0.57380474,0.8231209,0.7425598,0.55010515,0.84916955,0.86981183,0.53842944,0.8490014,0.7954006,0.5462877,0.8231811,0.7740154
2023:03:04:19:56:14,up_90_1t_,39.047582149505615,73.00,75.12,177.80,85.02,0.55421096,0.3987348,0.9541414,0.558126,0.44619974,0.88335794,0.5188772,0.44602,0.9262647,0.46398762,0.44606197,0.8702994,0.42075202,0.47203654,0.90495634,0.6051022,0.4461969,0.8889281,0.6561931,0.46181232,0.8043396,0.7072565,0.4774907,0.94222087,0.55804515,0.6032057,0.8909843,0.5422547,0.60316175,0.8859241,0.5460842,0.7130899,0.8330913,0.54616755,0.8177931,0.9280401,0.5815748,0.60321236,0.929894,0.58146,0.7234451,0.8704101,0.57773775,0.81784195,0.9400415,0.5502721,0.3935018,0.96087897,0.56979686,0.39359078,0.9262196,0.5462407,0.39382267,0.5087539,0.58153325,0.3987944,0.95800114,0.58162063,0.84921527,0.86762697,0.59334373,0.84402144,0.78255445,0.5738082,0.8231367,0.74142706,0.5501142,0.8491789,0.8706645,0.53843784,0.84901035,0.7968106,0.54628646,0.8231871,0.7749809
2023:03:04:19:56:14,up_90_1t_,39.10941696166992,73.00,75.11,177.80,84.99,0.5542024,0.39873567,0.95559394,0.5581338,0.44620463,0.88288033,0.5188747,0.44601712,0.9260288,0.46398774,0.44608188,0.8677697,0.42074385,0.4720561,0.9080832,0.6051183,0.44620487,0.88925314,0.6562137,0.4618223,0.80250657,0.7072931,0.47749993,0.9411323,0.55806625,0.60323703,0.89204633,0.54226655,0.60319215,0.88992023,0.54609174,0.71315175,0.83436036,0.5461686,0.81783426,0.92554593,0.5815963,0.60324436,0.93124735,0.5814549,0.7234817,0.8730335,0.57772183,0.81785566,0.93890786,0.55026895,0.39350477,0.9614346,0.56978834,0.39359266,0.92613375,0.54623884,0.39381668,0.49143994,0.5815343,0.3987937,0.9576799,0.58165866,0.84921056,0.864835,0.5933582,0.84399915,0.7813918,0.5737774,0.82315433,0.7323482,0.55016786,0.8491902,0.8626945,0.5384999,0.8490458,0.79589903,0.5462638,0.82819575,0.771616
2023:03:04:19:56:14,up_90_1t_,39.16925668716431,72.99,77.86,177.80,85.01,0.5542061,0.3987415,0.9555638,0.55812865,0.44621125,0.88269734,0.5188812,0.4460287,0.9254852,0.46397984,0.4460756,0.8702287,0.42074767,0.4671031,0.9031898,0.6051072,0.4462026,0.88766336,0.65622365,0.46180397,0.7997464,0.7072872,0.47749177,0.94049233,0.5580803,0.6032681,0.8913846,0.54227895,0.6032241,0.89208084,0.54608846,0.7182015,0.83392364,0.5461679,0.8178357,0.92598635,0.581609,0.6032716,0.9322931,0.5814621,0.7235047,0.87454873,0.5777286,0.81786174,0.93852806,0.55026877,0.39351037,0.9629326,0.56979454,0.3935971,0.92699945,0.5462412,0.39382425,0.49790028,0.5815392,0.398794,0.95794153,0.58164257,0.8492181,0.86453384,0.5933475,0.8440164,0.7812488,0.5737884,0.823154,0.73551935,0.5501472,0.8491949,0.8669163,0.5384782,0.8490438,0.79702854,0.5462727,0.82818866,0.7720997
2023:03:04:19:56:14,up_90_1t_,39.227102279663086,72.99,77.88,177.80,85.01,0.55419445,0.39875662,0.95672274,0.558127,0.4462207,0.8827006,0.51887596,0.44604784,0.923133,0.46398965,0.44608355,0.8683295,0.42074734,0.4670949,0.90396774,0.605106,0.44620126,0.8877192,0.6562122,0.46181956,0.8011753,0.70728284,0.47749054,0.94036436,0.5580795,0.60328394,0.8924202,0.5422765,0.603242,0.8923961,0.5460934,0.7182428,0.83723664,0.54616934,0.817846,0.9269915,0.58160955,0.60328686,0.9333209,0.5814643,0.7235362,0.8780587,0.577728,0.81786954,0.93930304,0.5502608,0.39352605,0.9650734,0.5697777,0.39360806,0.9270639,0.5462355,0.39381748,0.4681765,0.5815433,0.39879438,0.959968,0.581655,0.8492273,0.8689368,0.5933581,0.84402585,0.7852102,0.5737868,0.82316846,0.73535496,0.55015266,0.849204,0.8681674,0.5384825,0.8490569,0.799238,0.5462706,0.8282014,0.77381295
2023:03:04:19:56:14,up_90_1t_,39.28855776786804,72.99,75.15,177.80,85.01,0.5541882,0.39876986,0.9584846,0.55812734,0.44621822,0.88198406,0.51887727,0.44604835,0.92233384,0.46397585,0.44605175,0.870032,0.42072785,0.47204018,0.90283525,0.6051034,0.4462075,0.88575196,0.65621054,0.46180198,0.80296487,0.70728725,0.47749987,0.9409908,0.5580715,0.6032816,0.8930843,0.54226685,0.6032429,0.8905144,0.5460992,0.7182456,0.8388347,0.5461756,0.81787115,0.92718834,0.58160216,0.6032793,0.9339043,0.58146256,0.7235268,0.8776037,0.57772815,0.8178738,0.9384551,0.55026066,0.39353922,0.9682035,0.569774,0.39362592,0.9289862,0.5462365,0.39381087,0.44862798,0.5815481,0.3988081,0.9610937,0.58167404,0.8492218,0.8656345,0.5933707,0.8440048,0.7809999,0.5737821,0.8231784,0.72788936,0.55020463,0.8492154,0.8643788,0.5422295,0.84909886,0.8011609,0.5462601,0.8282347,0.7742097
2023:03:04:19:56:14,up_90_1t_,39.35238790512085,72.99,77.88,177.80,85.03,0.554207,0.39876655,0.95633703,0.55812097,0.44622132,0.8820978,0.5188727,0.4460457,0.9223665,0.4639839,0.44604522,0.8714453,0.42074743,0.46709442,0.90429634,0.6051001,0.44621605,0.88396627,0.6562101,0.4617852,0.80309695,0.70728374,0.47750372,0.9412296,0.55807906,0.6032861,0.89276826,0.5422703,0.60324484,0.89109004,0.5460934,0.71824366,0.8378534,0.5461708,0.817886,0.9261427,0.58161044,0.6032855,0.93376374,0.5814651,0.7235169,0.87643385,0.57772475,0.8178776,0.9384144,0.55027026,0.3935365,0.96686083,0.5697986,0.3936225,0.9301146,0.54624647,0.3938294,0.47459522,0.58155483,0.39880925,0.95761853,0.5816772,0.84922427,0.8630709,0.5933661,0.844006,0.77845526,0.57377285,0.82318604,0.72546387,0.55021566,0.84922737,0.863884,0.54224,0.84911764,0.8024862,0.54624873,0.82825863,0.7739822
2023:03:04:19:56:14,up_90_1t_,39.41023230552673,73.00,75.15,177.79,85.01,0.5542027,0.39878538,0.9568301,0.55814064,0.44621205,0.88126916,0.5188958,0.44604644,0.92137384,0.46398276,0.44603336,0.8737852,0.420734,0.4720334,0.9014068,0.60510904,0.44621116,0.8851632,0.65626645,0.46176398,0.8038571,0.7072808,0.47749826,0.9395531,0.5580784,0.6032899,0.89308083,0.542276,0.6032479,0.89219666,0.5460973,0.71826047,0.8386571,0.54617584,0.81788826,0.92429036,0.58160675,0.60329056,0.9349674,0.5814683,0.72351843,0.87822187,0.5777156,0.81786555,0.93853706,0.5502666,0.3935537,0.9698228,0.5697927,0.39363834,0.93150795,0.5462436,0.39381874,0.45259178,0.5815614,0.39881042,0.9595112,0.5816902,0.84921074,0.85979235,0.59337837,0.8439766,0.77742815,0.5737564,0.8231611,0.7247174,0.5502216,0.849229,0.8586201,0.54225034,0.849121,0.7990681,0.5462478,0.8282648,0.7701213
2023:03:04:19:56:14,up_90_1t_,39.46807789802551,73.00,75.14,177.79,85.02,0.5542054,0.39879432,0.9562605,0.5581374,0.44619843,0.8814043,0.51889914,0.44603226,0.92198145,0.46396762,0.44602892,0.8767918,0.42070892,0.47203624,0.90029305,0.60510904,0.44620642,0.8844386,0.6562717,0.46175656,0.80155057,0.7072872,0.477502,0.9408541,0.5580705,0.60329443,0.8928642,0.54227585,0.60324943,0.89293104,0.5460931,0.7182574,0.8386751,0.54616743,0.8178706,0.9248738,0.58159333,0.6032965,0.9345162,0.58145857,0.7235291,0.87696075,0.57771826,0.8178577,0.93674386,0.55026704,0.39356002,0.9701826,0.569797,0.39364457,0.9322135,0.5462402,0.39381564,0.44832122,0.58156824,0.39880788,0.9585536,0.5816485,0.84920996,0.8585575,0.5933404,0.84399205,0.7751003,0.57377017,0.82314086,0.72955656,0.55017525,0.8492195,0.8671031,0.5385124,0.8490861,0.8000164,0.5462572,0.82823396,0.7706306
2023:03:04:19:56:14,up_90_1t_,39.5299129486084,73.00,75.14,177.79,85.02,0.5542185,0.3988067,0.954468,0.5581397,0.44620952,0.8801199,0.5189022,0.4460358,0.92118174,0.46397597,0.44604236,0.8763466,0.42072225,0.47205248,0.90253663,0.6051106,0.44623026,0.8817488,0.656271,0.4617936,0.80324095,0.707283,0.47750527,0.940184,0.55808276,0.60330313,0.89271986,0.5422773,0.6032583,0.89342135,0.5460929,0.71828365,0.8393022,0.5461743,0.81787974,0.9247673,0.5816114,0.6033064,0.9342698,0.581471,0.7235373,0.87823737,0.5777152,0.81786245,0.9367798,0.5502727,0.39356834,0.9718168,0.56981105,0.3936525,0.93372893,0.54625046,0.39381906,0.46618405,0.5815728,0.39880636,0.95730186,0.58166504,0.8492184,0.85982627,0.59335846,0.84399706,0.77651966,0.57376105,0.823148,0.7261749,0.5502073,0.8492179,0.8603643,0.54223555,0.84910274,0.7988713,0.54625463,0.8282496,0.77041984
2023:03:04:19:56:14,up_90_1t_,39.59174728393555,73.00,77.86,177.80,85.01,0.5542044,0.39881244,0.95542985,0.5581274,0.4462122,0.88107204,0.51889867,0.44603458,0.92244565,0.46774516,0.4460326,0.876435,0.420734,0.46710807,0.90258354,0.60510767,0.44622967,0.88110244,0.66004795,0.46177018,0.8015814,0.7072933,0.4775039,0.9403562,0.55807143,0.6033262,0.89320946,0.5422696,0.60328025,0.8931295,0.54608744,0.71830404,0.8388804,0.54617083,0.8178697,0.9233071,0.5816019,0.60333097,0.9344965,0.5814593,0.7235667,0.8799327,0.5777172,0.817869,0.9362415,0.5502613,0.393569,0.9725936,0.56979716,0.39365682,0.933166,0.5462322,0.3938063,0.45676517,0.5815688,0.39880678,0.9594165,0.5816572,0.8492162,0.85615873,0.59334713,0.8439975,0.7752673,0.57376754,0.8231549,0.7275049,0.55018723,0.8492103,0.86408275,0.54221547,0.84908825,0.7991401,0.5462589,0.82823354,0.76916045
2023:03:04:19:56:15,up_90_1t_,39.64959263801575,73.00,75.13,177.79,85.00,0.5542086,0.39882687,0.9549694,0.55813754,0.44618803,0.8816966,0.5189076,0.44600824,0.92368793,0.46398,0.44600317,0.87994236,0.42070937,0.47203574,0.9025788,0.6051109,0.4462197,0.88194364,0.6600519,0.46171737,0.80226254,0.7072932,0.4775052,0.94075966,0.5580781,0.60329735,0.8935729,0.5422768,0.60324895,0.894961,0.54609096,0.71829903,0.84111273,0.5461714,0.817898,0.9254353,0.58160573,0.60330325,0.9344511,0.58146715,0.7235681,0.88167095,0.57772607,0.8178816,0.937062,0.55026585,0.39358327,0.97400963,0.56979907,0.39367136,0.93473935,0.546238,0.3938057,0.44511846,0.5815709,0.39880967,0.96049297,0.5816872,0.84922284,0.8591202,0.59338254,0.8440004,0.7767574,0.5737741,0.8231788,0.7240079,0.5502134,0.8492226,0.8614382,0.5422391,0.84911364,0.8008183,0.5462516,0.82827115,0.7726243
2023:03:04:19:56:15,up_90_1t_,39.707438230514526,73.00,77.86,177.80,85.00,0.5542083,0.39883336,0.9548077,0.5581277,0.44619143,0.88170433,0.51890576,0.44600448,0.9232379,0.46398568,0.44599763,0.88017225,0.42071694,0.4670905,0.90153784,0.60510147,0.44622466,0.8795554,0.6600668,0.4617109,0.80270076,0.7073005,0.47750548,0.94083714,0.55806535,0.6033166,0.89286745,0.5422713,0.6032694,0.892949,0.54608417,0.7183188,0.8398572,0.5461672,0.8178879,0.9247171,0.5815923,0.60332084,0.93417376,0.58145076,0.7235754,0.88014495,0.5777197,0.8178681,0.9371282,0.55026466,0.39358783,0.97527003,0.5697985,0.3936772,0.9349851,0.5462363,0.39380828,0.4503504,0.58156514,0.3988139,0.9614654,0.58166915,0.8492131,0.85984063,0.5933611,0.84398997,0.777195,0.57376987,0.82315785,0.72736484,0.55019695,0.84921527,0.86173844,0.5422258,0.8491038,0.7984856,0.54625416,0.82825387,0.7718229
2023:03:04:19:56:15,up_90_1t_,39.76727771759033,73.00,77.85,177.80,84.99,0.55420583,0.39883876,0.9550045,0.5581368,0.44617468,0.88213456,0.51892006,0.44599485,0.92424095,0.4677667,0.4459989,0.87853515,0.42076355,0.4670729,0.90574956,0.6051016,0.44620898,0.8812926,0.66007155,0.46170273,0.8043887,0.70731896,0.47751144,0.940071,0.558067,0.60329187,0.8919928,0.5422773,0.60324574,0.89271206,0.54608893,0.7182856,0.8397813,0.54616696,0.8178927,0.9259344,0.58159065,0.603294,0.9338263,0.5814522,0.72353256,0.8760506,0.57772267,0.8178656,0.93774694,0.5502644,0.39358953,0.97517896,0.5697983,0.3936841,0.9358214,0.5462339,0.39379606,0.4391197,0.5815747,0.39881673,0.96399057,0.58167064,0.84921503,0.8567057,0.59337217,0.8439935,0.77484405,0.5737734,0.8231609,0.7275704,0.55018586,0.84921765,0.86398554,0.5385217,0.84909135,0.7992701,0.54625535,0.828268,0.7713756
2023:03:04:19:56:15,up_90_1t_,39.83110737800598,72.99,77.84,177.78,84.99,0.5542022,0.39883748,0.9547893,0.5581228,0.44616574,0.88390714,0.5189093,0.44597486,0.92682695,0.4677559,0.44599977,0.8776441,0.42075792,0.46709275,0.90826154,0.6050896,0.44620594,0.8805696,0.66007364,0.4617081,0.80618346,0.7073263,0.47752416,0.9375466,0.5580765,0.60329086,0.89216924,0.54227966,0.6032439,0.8936909,0.54609364,0.718272,0.839883,0.54617393,0.8178851,0.9272905,0.5816039,0.60329527,0.93340963,0.58148295,0.7235346,0.87835056,0.57772356,0.81785774,0.93895376,0.5502601,0.39358687,0.97527236,0.569791,0.39368233,0.93491703,0.5462264,0.39379898,0.45049685,0.5815648,0.3988151,0.96470207,0.58168375,0.849206,0.8589542,0.5933813,0.843979,0.7769604,0.57376903,0.82314813,0.72742015,0.5502078,0.84921855,0.8615787,0.5422374,0.84910804,0.80082965,0.5462559,0.82825553,0.7737195
2023:03:04:19:56:15,up_90_1t_,39.88848400115967,72.99,77.84,177.77,84.98,0.55420417,0.39884466,0.954179,0.55814105,0.44616395,0.8832239,0.51892835,0.4459823,0.9245769,0.46777257,0.44599715,0.8797307,0.4207671,0.46709067,0.908062,0.60509497,0.44620785,0.8815504,0.66008025,0.46172526,0.8092795,0.7073288,0.4775319,0.9353024,0.5580826,0.60330606,0.89288914,0.5422848,0.60325956,0.89423037,0.54609895,0.7183077,0.8420127,0.54617417,0.8178932,0.92723286,0.5816128,0.6033109,0.9345081,0.58149415,0.72356296,0.8828208,0.57773423,0.81786406,0.9406383,0.55026054,0.39359337,0.9757221,0.5697925,0.39368635,0.93530643,0.5462283,0.3937931,0.4409534,0.58156997,0.3988098,0.96524173,0.58170646,0.8492009,0.86153674,0.5934043,0.843973,0.78047156,0.57378167,0.8231599,0.7292413,0.5502069,0.8492265,0.86391425,0.54223573,0.84911364,0.8025548,0.54625696,0.82826257,0.7754021
2023:03:04:19:56:15,up_90_1t_,39.94591975212097,72.97,77.86,177.78,85.01,0.55421495,0.39884153,0.953353,0.55813414,0.44617075,0.88380915,0.51892024,0.44599453,0.9242984,0.46777725,0.44602174,0.87557644,0.42076534,0.46708435,0.9067707,0.6050898,0.44619662,0.8820413,0.6600993,0.46166432,0.80906194,0.70733374,0.47753492,0.93643236,0.558099,0.603305,0.8933284,0.54230344,0.60325927,0.8982297,0.54609513,0.71829975,0.8407361,0.5461726,0.8178492,0.93035764,0.58162224,0.6033079,0.9346192,0.58149284,0.72356766,0.88306785,0.5777383,0.817854,0.9411236,0.55026937,0.39358872,0.9740523,0.5698068,0.39368284,0.93611634,0.5462378,0.3937988,0.45004386,0.58157694,0.39881048,0.9625394,0.5816578,0.8492222,0.8700813,0.5933786,0.84401894,0.7861155,0.57379794,0.82314587,0.7361216,0.5501512,0.8492174,0.8723488,0.538477,0.84906787,0.802727,0.5462764,0.82819813,0.7764001
2023:03:04:19:56:15,up_90_1t_,40.00729703903198,72.97,77.86,177.78,85.00,0.5542163,0.3988351,0.9536116,0.558138,0.4461728,0.88373035,0.51891935,0.44599083,0.9254648,0.4677671,0.44599012,0.880147,0.42074275,0.4670977,0.9064853,0.6050923,0.4462037,0.8821537,0.6600979,0.46167836,0.80807906,0.7073282,0.4775341,0.93825215,0.55811334,0.60334224,0.893515,0.5423101,0.60329634,0.90064514,0.54608846,0.71835357,0.84206176,0.5461736,0.81785643,0.9304094,0.58163786,0.60334593,0.934813,0.5814999,0.7236029,0.88608056,0.57773685,0.81785506,0.94121397,0.5502714,0.39358297,0.9734087,0.569809,0.39367828,0.9359256,0.54624045,0.39379779,0.45378965,0.5815767,0.3988109,0.9619739,0.58164304,0.84923136,0.87294275,0.5933673,0.84403205,0.7880621,0.57379407,0.82313454,0.7375586,0.5501455,0.8492191,0.8729472,0.53847533,0.84906805,0.8018031,0.5462789,0.8281986,0.77712566
2023:03:04:19:56:15,up_90_1t_,40.07112646102905,72.98,75.14,177.77,84.98,0.55421513,0.39885482,0.9527654,0.5581581,0.44618866,0.8809063,0.5189239,0.44600952,0.9238632,0.46777815,0.4460126,0.8781591,0.42072573,0.47205,0.9089089,0.6051106,0.44621414,0.882993,0.66010875,0.46167672,0.80666804,0.70733505,0.4775277,0.93920255,0.55812275,0.60812885,0.8929908,0.54230374,0.60333854,0.8995487,0.54608774,0.7183852,0.8418493,0.54617304,0.8178414,0.92801225,0.5816562,0.60815585,0.93597513,0.5815175,0.72362345,0.88628614,0.5777361,0.8178317,0.94206744,0.5502675,0.39360172,0.9751879,0.56980723,0.39369228,0.9364803,0.54623836,0.3938007,0.44513136,0.58157957,0.39881396,0.9614645,0.5816237,0.8491923,0.8686832,0.5933364,0.8439941,0.78443325,0.5737944,0.8230964,0.7408934,0.5501281,0.8491863,0.8683157,0.53846425,0.8490335,0.79498637,0.546286,0.8281709,0.7747444
2023:03:04:19:56:15,up_90_1t_,40.128971576690674,72.98,75.14,177.77,84.99,0.5542104,0.3988565,0.95239806,0.5581477,0.44618952,0.88156474,0.5189184,0.4460128,0.92376035,0.4677697,0.4460327,0.8750505,0.42073032,0.4720447,0.90582156,0.60510224,0.44620293,0.882484,0.6601146,0.45664966,0.8065762,0.7073375,0.47752345,0.9381624,0.5581171,0.6033791,0.8918905,0.5423046,0.603338,0.89794624,0.5460934,0.7233566,0.8426251,0.5461766,0.8178573,0.92616725,0.58164465,0.60815006,0.9351888,0.5815145,0.7236311,0.88765657,0.5777381,0.8178443,0.9416809,0.5502656,0.39360258,0.9742913,0.56980073,0.3936932,0.9360033,0.5462369,0.39379054,0.42943773,0.5815795,0.39881423,0.96182734,0.5816195,0.84920305,0.8645478,0.59333307,0.84400856,0.78164977,0.5737988,0.82311213,0.742414,0.5501224,0.8492002,0.8706121,0.5384609,0.84904826,0.79687756,0.54629236,0.82819533,0.77106494
2023:03:04:19:56:15,up_90_1t_,40.186816930770874,72.98,77.86,177.76,85.01,0.5542248,0.39885867,0.95099926,0.55814785,0.44619223,0.8810665,0.518917,0.44601965,0.92381454,0.46777827,0.44601068,0.8782768,0.4207575,0.46710652,0.9058886,0.60510767,0.44619882,0.88383085,0.6601203,0.4616834,0.8071836,0.7073355,0.4775267,0.9389082,0.55811054,0.60813683,0.89399284,0.5423013,0.60335225,0.89894533,0.546094,0.72336924,0.844763,0.5461785,0.8178716,0.9265708,0.5816392,0.60816,0.93730843,0.58152026,0.7236399,0.8893498,0.5777362,0.8178418,0.9417803,0.55027217,0.39360437,0.97451663,0.56981736,0.3936953,0.9367212,0.5462427,0.3938101,0.45910242,0.5815798,0.39881736,0.9615924,0.5816364,0.8491993,0.86761045,0.5933475,0.84399635,0.78401136,0.5737892,0.82310414,0.74157256,0.550133,0.8492066,0.86718535,0.53847766,0.84906185,0.7949453,0.54629004,0.82821023,0.7737081
2023:03:04:19:56:15,up_90_1t_,40.246657371520996,72.97,77.86,177.75,85.01,0.5542302,0.39886013,0.95040536,0.5581578,0.44619542,0.88027537,0.51892155,0.44602758,0.9220044,0.4678049,0.44603574,0.87538457,0.42076993,0.4671094,0.9068348,0.60511607,0.4461986,0.8848556,0.6601296,0.46168742,0.80783916,0.7073452,0.4775329,0.93749624,0.55811423,0.60813683,0.8936244,0.54229873,0.6033473,0.8983047,0.54609305,0.723364,0.84381926,0.5461806,0.81786954,0.9271295,0.58164823,0.60816497,0.9372031,0.581531,0.7236473,0.8895892,0.5777402,0.81785345,0.9403866,0.5502767,0.3936066,0.97392625,0.5698233,0.3936969,0.93745834,0.5462491,0.39381385,0.45968747,0.58158296,0.3988185,0.9604549,0.58164567,0.84921044,0.86692363,0.59336007,0.84401387,0.78409255,0.5737967,0.82311946,0.7400513,0.5501398,0.8492047,0.8654348,0.53848314,0.8490589,0.79400563,0.5462914,0.8282077,0.77409106
2023:03:04:19:56:15,up_90_1t_,40.312016248703,72.98,77.89,177.75,85.01,0.55423397,0.39886814,0.94904596,0.5581529,0.4462243,0.87837845,0.51890963,0.44604608,0.92126304,0.46780074,0.44602257,0.87520266,0.42076972,0.467091,0.9056037,0.6051254,0.4462277,0.8817382,0.6601349,0.46170834,0.8070629,0.7073418,0.477537,0.9380373,0.55812836,0.60816514,0.8930279,0.5423068,0.6081374,0.89891297,0.5460921,0.7233697,0.844558,0.546178,0.8178568,0.9285189,0.581663,0.60818726,0.9371965,0.5815455,0.7236383,0.88874435,0.57774776,0.81783354,0.94358623,0.5502749,0.3936109,0.97545743,0.5698302,0.39370155,0.93748665,0.5462467,0.39381942,0.4706906,0.58158433,0.39882082,0.9601435,0.58165157,0.8491747,0.8653345,0.5933637,0.8439783,0.7833642,0.5738076,0.8231001,0.74390084,0.5501287,0.84918207,0.8641992,0.5384739,0.8490338,0.79163456,0.54629093,0.82818943,0.7755066
2023:03:04:19:56:15,up_90_1t_,40.37385034561157,72.98,77.89,177.75,85.04,0.5542401,0.39886242,0.9481471,0.5581455,0.44622162,0.8788599,0.5189039,0.44605273,0.920806,0.46779454,0.4460425,0.87376237,0.42077288,0.46709925,0.9051512,0.6051216,0.4462154,0.88259435,0.66012526,0.4616892,0.8066202,0.7073343,0.4775294,0.94095886,0.558118,0.608144,0.8933685,0.54229736,0.603357,0.8986292,0.5460863,0.7233578,0.84188664,0.54617536,0.8178669,0.92845345,0.581653,0.6081686,0.936236,0.58153945,0.7236205,0.8860334,0.5777418,0.8178363,0.9429145,0.55027807,0.39360923,0.9732779,0.5698349,0.393693,0.93706334,0.5462493,0.3938328,0.48087066,0.5815825,0.3988125,0.95577043,0.5816301,0.84918916,0.8684815,0.5933425,0.8439956,0.78454715,0.5738035,0.8231027,0.7430414,0.55010724,0.8492047,0.86817765,0.5384466,0.8490514,0.79305065,0.5462931,0.8282069,0.7743891
2023:03:04:19:56:15,up_90_1t_,40.43169569969177,72.97,77.89,177.75,85.05,0.5542371,0.39885584,0.94897264,0.55813706,0.4462174,0.8790224,0.5189055,0.44605082,0.91964304,0.46780348,0.44602135,0.8768041,0.42077914,0.46709836,0.9054454,0.6051112,0.44621596,0.8813965,0.66009396,0.461699,0.8063996,0.7073286,0.47753367,0.94118726,0.55811393,0.6033778,0.89381206,0.5422988,0.6033345,0.8999611,0.5460967,0.71840596,0.84300685,0.54617715,0.8178509,0.92791796,0.5816431,0.60815257,0.9360667,0.5815391,0.72362965,0.8885983,0.57774615,0.81783324,0.9417383,0.55027753,0.39360356,0.9736086,0.56983066,0.39369056,0.9367198,0.54625016,0.39383212,0.48134184,0.58157516,0.39881638,0.955468,0.5816187,0.8491805,0.8660028,0.59333104,0.84399253,0.78275454,0.57381266,0.8230914,0.7443857,0.55010396,0.8491817,0.8649959,0.5384452,0.84902376,0.7889309,0.5462997,0.8281764,0.7739247
2023:03:04:19:56:15,up_90_1t_,40.4935302734375,72.97,75.17,177.75,85.05,0.5542328,0.39885134,0.9494937,0.5581316,0.44622722,0.87897545,0.5188952,0.44605598,0.92010653,0.46778628,0.44604474,0.8726762,0.42074585,0.47203943,0.9035481,0.6051044,0.44621912,0.879955,0.6600808,0.46167699,0.80473936,0.70732594,0.47753033,0.94315535,0.5581178,0.60337436,0.89358735,0.5422977,0.6033325,0.9000293,0.5460983,0.72335917,0.8443718,0.54617465,0.8178631,0.9279249,0.5816482,0.6081495,0.93578476,0.58154094,0.72363204,0.8894881,0.5777477,0.8178445,0.9420598,0.5502767,0.3936004,0.9725895,0.5698264,0.39368808,0.93610823,0.5462477,0.39383838,0.4776008,0.58157223,0.3988216,0.95482796,0.5816241,0.84918714,0.8682633,0.5933373,0.8440007,0.78456646,0.5738139,0.8231118,0.7432815,0.55010325,0.8491926,0.86761266,0.5384428,0.8490342,0.7920617,0.54629576,0.8281968,0.77433217
2023:03:04:19:56:15,up_90_1t_,40.555365324020386,72.97,77.88,177.75,85.06,0.55424255,0.39885175,0.9482083,0.5581237,0.4462206,0.8796829,0.5188888,0.44604456,0.9217932,0.46778393,0.446046,0.87320167,0.4207599,0.46710876,0.9040817,0.6051029,0.44621515,0.8803973,0.6600627,0.46167868,0.8053554,0.7073157,0.47752824,0.94304687,0.55811137,0.6033564,0.8943903,0.542295,0.603315,0.8995962,0.5460915,0.7183705,0.84189045,0.5461742,0.8178443,0.9294509,0.58164227,0.60335857,0.935905,0.5815325,0.72360075,0.885085,0.5777494,0.81782854,0.9413566,0.55028087,0.3935996,0.9728602,0.56983775,0.39368713,0.9363785,0.54625005,0.3938438,0.49887347,0.5815714,0.39882156,0.9534244,0.5816112,0.84918237,0.86839193,0.5933365,0.8439947,0.78323424,0.57381827,0.8230908,0.74222696,0.5501037,0.84918666,0.86723006,0.53843904,0.8490264,0.7912251,0.5462987,0.8232204,0.7744116
2023:03:04:19:56:15,up_90_1t_,40.61520552635193,72.98,75.14,177.76,85.03,0.5542245,0.39883226,0.9508481,0.5581255,0.44621152,0.88081425,0.5188824,0.44603375,0.92293054,0.46776503,0.4460445,0.87278986,0.4207453,0.47204518,0.90382874,0.6051067,0.4462172,0.8809197,0.6562703,0.46170464,0.8045544,0.7073113,0.47752345,0.94349277,0.55809164,0.6033062,0.8947073,0.54228437,0.60326475,0.89677167,0.54607826,0.7182924,0.83611715,0.54617566,0.81784016,0.92851394,0.58162,0.60330707,0.93571234,0.5815094,0.7235299,0.8771915,0.5777411,0.81782454,0.94014233,0.55027443,0.39358336,0.9710056,0.56981397,0.39367375,0.9347168,0.5462442,0.39383116,0.4789939,0.58156264,0.39881894,0.9568697,0.5816305,0.84917635,0.8631035,0.5933524,0.84397864,0.77913165,0.57380676,0.8230984,0.73764056,0.550134,0.84917784,0.8626931,0.53846604,0.8490304,0.79173005,0.54628795,0.8281794,0.7713663
2023:03:04:19:56:16,up_90_1t_,40.67504549026489,73.00,75.13,177.78,85.01,0.5542281,0.39883634,0.9505356,0.558136,0.44621244,0.87905395,0.5188857,0.44602612,0.9236627,0.46774817,0.44603404,0.87298244,0.42074373,0.47204256,0.9038282,0.6051114,0.4462317,0.8808207,0.65623814,0.4617312,0.8042948,0.7072992,0.477513,0.9422032,0.5580856,0.6032608,0.89432895,0.54227895,0.6032155,0.8938664,0.546075,0.7182291,0.8339881,0.5461736,0.8178354,0.9298947,0.5816138,0.60326296,0.93537116,0.5814974,0.7234968,0.87444216,0.57775104,0.8178384,0.93819535,0.550277,0.3935882,0.9715582,0.5698187,0.39367953,0.9352409,0.5462436,0.39383736,0.4784007,0.5815621,0.39883578,0.9561535,0.5816286,0.8491915,0.86208713,0.5933604,0.84399956,0.77865463,0.5738278,0.82312876,0.7390647,0.5501094,0.8491939,0.8708709,0.5384359,0.8490345,0.7969413,0.54629636,0.8281784,0.7718196
2023:03:04:19:56:16,up_90_1t_,40.73687934875488,73.00,75.12,177.77,85.00,0.5542255,0.3988317,0.9511584,0.55813235,0.4462055,0.8798122,0.51887536,0.44601178,0.9269467,0.46396384,0.4460606,0.8711873,0.42071667,0.47204816,0.9009255,0.60512,0.44622067,0.8835981,0.65622675,0.46175236,0.8057557,0.7072949,0.4775046,0.9417712,0.55807316,0.60326445,0.8941925,0.5422689,0.6032202,0.89252436,0.54607266,0.7182208,0.8325812,0.54617584,0.81780756,0.9290544,0.58160156,0.60326535,0.9346286,0.58150077,0.72349685,0.8740642,0.57775515,0.81782687,0.93934685,0.55027527,0.39358348,0.9716841,0.5698174,0.39367563,0.9349387,0.5462407,0.39383242,0.4789881,0.5815595,0.39883673,0.9558089,0.5816121,0.84917736,0.8593985,0.59333885,0.8439914,0.7772405,0.57383704,0.8231197,0.7441852,0.55008936,0.84917736,0.8740794,0.5384132,0.84900784,0.7972039,0.54630935,0.82319456,0.7714581
2023:03:04:19:56:16,up_90_1t_,40.79871416091919,73.01,75.13,177.78,84.99,0.55422616,0.39885697,0.95024186,0.5581562,0.44621742,0.87616986,0.5188864,0.44603372,0.924595,0.46395916,0.4460659,0.8712802,0.4206982,0.47203752,0.89593136,0.6051373,0.4462229,0.8851962,0.6562142,0.46180373,0.8055524,0.7072958,0.4774989,0.94104135,0.5580688,0.60322964,0.8926331,0.5422686,0.60318285,0.89031184,0.5460679,0.7131472,0.8313476,0.5461718,0.817827,0.92724174,0.581597,0.60323244,0.93302166,0.5814873,0.7234745,0.872148,0.5777438,0.81783676,0.93864,0.55026984,0.39360586,0.9756208,0.5698156,0.39369422,0.935964,0.5462344,0.39385325,0.49205756,0.58155745,0.3988403,0.9595423,0.5816553,0.84918797,0.85832185,0.59337574,0.8439794,0.7761706,0.5738108,0.82313824,0.7340342,0.55015,0.84918725,0.8648907,0.53847337,0.8490392,0.7953508,0.5462771,0.8281772,0.7695854
2023:03:04:19:56:16,up_90_1t_,40.85655999183655,73.00,75.15,177.80,84.99,0.55420923,0.39883122,0.9538913,0.5581373,0.44623077,0.87779546,0.5188769,0.44604418,0.9245969,0.4639413,0.44609097,0.8684268,0.42068434,0.47203913,0.89286983,0.60511965,0.44621915,0.884785,0.65620685,0.46178153,0.80750614,0.7072921,0.47749558,0.94101316,0.55807036,0.6032097,0.89049935,0.54227203,0.6031673,0.8893013,0.54606813,0.7131062,0.83178806,0.5461728,0.8177987,0.92894524,0.581596,0.6032147,0.9306226,0.58147496,0.72346985,0.87099326,0.57774967,0.8178356,0.93846816,0.55026335,0.39358565,0.9749636,0.56979716,0.3936756,0.93332154,0.54622877,0.3938497,0.49284345,0.5815423,0.39884344,0.95956385,0.5816024,0.8491945,0.86626923,0.5933364,0.8440136,0.78253984,0.5738326,0.8231357,0.74101055,0.5500894,0.84918207,0.8709625,0.5384071,0.8490068,0.79437196,0.54630655,0.82318795,0.7726724
2023:03:04:19:56:16,up_90_1t_,40.9139940738678,73.00,75.15,177.79,84.99,0.55420196,0.39881924,0.95513403,0.5581236,0.44622678,0.8789511,0.51885885,0.4460358,0.9262808,0.46390983,0.44607684,0.8705968,0.42066428,0.47203678,0.891435,0.6051145,0.4462162,0.88473195,0.656212,0.46177238,0.8076336,0.70730263,0.47749668,0.9411501,0.55807954,0.6032291,0.890488,0.5422712,0.60319,0.89013255,0.5460706,0.7131306,0.8312303,0.5461705,0.81780964,0.92703223,0.5816077,0.6032307,0.9303641,0.5814813,0.7234902,0.8725246,0.57774746,0.8178459,0.9384554,0.55025965,0.39357534,0.974158,0.56979,0.39366585,0.9320098,0.54622185,0.3938436,0.48946398,0.58153826,0.39884254,0.9590178,0.5816103,0.84919363,0.86452025,0.5933347,0.84401137,0.7818331,0.57382786,0.8231443,0.74085414,0.5500903,0.8491873,0.86857086,0.5384128,0.8490133,0.7921064,0.54630345,0.82319605,0.7719147
2023:03:04:19:56:16,up_90_1t_,40.975393772125244,73.00,75.12,177.79,84.98,0.55419004,0.39880022,0.9576943,0.55811095,0.44620392,0.88204396,0.5188606,0.44600287,0.928343,0.46392038,0.4460864,0.8709614,0.42067903,0.4720505,0.8961438,0.6050998,0.44620484,0.88605714,0.65615404,0.46183017,0.81064326,0.7072572,0.47748867,0.9448357,0.5580472,0.603176,0.8882124,0.5422532,0.60313225,0.88449126,0.5460716,0.713062,0.8312799,0.5461685,0.8178233,0.92727005,0.5815774,0.60318476,0.9285979,0.58146137,0.7234473,0.8706709,0.5777265,0.8178447,0.9380365,0.55025667,0.39356098,0.9732334,0.5697736,0.39365563,0.9306387,0.5462208,0.39382938,0.49290094,0.5815226,0.39883506,0.9597319,0.5816329,0.8492158,0.8651704,0.5933504,0.8440151,0.78122324,0.5737882,0.8231402,0.7332634,0.5501478,0.84919846,0.8664343,0.5384736,0.8490444,0.7963161,0.5462728,0.82817364,0.77054584
2023:03:04:19:56:16,up_90_1t_,41.039223194122314,73.00,75.11,177.81,84.98,0.554194,0.39879978,0.9574256,0.55810744,0.44619733,0.8827971,0.51886326,0.44599438,0.92898947,0.4639256,0.4460743,0.87249565,0.42068222,0.4720527,0.8972024,0.6050933,0.4462018,0.885471,0.65614754,0.46182197,0.811199,0.70725065,0.4774792,0.9458624,0.55804986,0.603159,0.88621986,0.542266,0.60310966,0.885059,0.54606074,0.71301264,0.83021754,0.54617393,0.8178142,0.92917234,0.5815714,0.60317284,0.9264069,0.58144134,0.7234199,0.86596787,0.5777281,0.8178339,0.93590385,0.55025846,0.39355907,0.9734081,0.56977874,0.39365402,0.9307829,0.54622364,0.39382768,0.5021256,0.58152324,0.3988323,0.96130556,0.58161944,0.84921104,0.86639476,0.59334815,0.84401184,0.780627,0.5737951,0.82313466,0.73179716,0.5501422,0.8492047,0.8691862,0.53846383,0.84904987,0.7984532,0.54628575,0.82321995,0.77141386
2023:03:04:19:56:16,up_90_1t_,41.09906268119812,73.00,75.11,178.34,84.98,0.55419934,0.39878285,0.9561635,0.558102,0.4462003,0.883871,0.51885885,0.44598803,0.9293251,0.463923,0.44606364,0.87522006,0.42068362,0.47205308,0.8988996,0.60509205,0.44620922,0.8853777,0.65613765,0.4618465,0.8113951,0.7072378,0.47748113,0.9487655,0.55803925,0.6031648,0.88559985,0.54225904,0.6031113,0.884483,0.546065,0.7130251,0.83000505,0.54617566,0.8177979,0.9287855,0.5815605,0.6031794,0.924384,0.5778853,0.7234457,0.8674307,0.5777357,0.81782705,0.935462,0.55026126,0.39354876,0.97014725,0.5697828,0.39363945,0.9290552,0.54622567,0.3938438,0.5229237,0.5815139,0.39883238,0.9614447,0.58161896,0.849208,0.8632237,0.5933623,0.84400535,0.7784946,0.573807,0.82312095,0.73291296,0.55013686,0.84919345,0.869174,0.53845656,0.849031,0.7971181,0.54628915,0.82319576,0.77174485
2023:03:04:19:56:16,up_90_1t_,41.15690779685974,73.00,75.10,178.33,84.99,0.55419695,0.39877203,0.9558757,0.55809283,0.44619074,0.885383,0.5188563,0.4459745,0.9297479,0.46391365,0.44605625,0.87747455,0.42067292,0.47206205,0.8969099,0.6050779,0.44621056,0.8826068,0.6523806,0.4618265,0.81190205,0.7072284,0.47747824,0.94858587,0.5580315,0.603166,0.88645947,0.54225194,0.60311806,0.88397694,0.5460637,0.7130186,0.83131737,0.54617566,0.81777436,0.9294809,0.5815529,0.6031761,0.92500675,0.577879,0.72345215,0.86876667,0.57774323,0.8178194,0.9352872,0.5502599,0.3935383,0.96805775,0.5697804,0.39362964,0.9276273,0.5462223,0.3938443,0.530529,0.5815087,0.3988302,0.9609282,0.58158624,0.8492021,0.8668035,0.59334266,0.8440139,0.78113806,0.5738286,0.8231109,0.73923624,0.55009675,0.849177,0.87143475,0.5384138,0.8489995,0.7936519,0.54630893,0.82315993,0.7742772
2023:03:04:19:56:16,up_90_1t_,41.22073698043823,73.01,75.16,178.33,77.99,0.554207,0.39875174,0.95450455,0.55808806,0.4461853,0.88645184,0.5188476,0.44113642,0.93349683,0.4638946,0.4460293,0.87852883,0.42068103,0.46710524,0.89238054,0.6050768,0.44622055,0.88129234,0.65238106,0.46181062,0.8120965,0.7072254,0.47747877,0.94947803,0.55802506,0.6031923,0.88780415,0.54223627,0.6031476,0.88298726,0.5424659,0.7130392,0.8278601,0.546174,0.8177667,0.92834467,0.58155286,0.6031964,0.92555004,0.57787466,0.7234751,0.8698599,0.57774323,0.81781566,0.9357376,0.5502677,0.39351672,0.96524507,0.5697936,0.39361224,0.9269416,0.5462247,0.39384124,0.55821705,0.5815048,0.39882705,0.96014804,0.58158994,0.8491904,0.8653099,0.5933488,0.84400165,0.78097373,0.5738295,0.8231118,0.73989743,0.5500847,0.84916645,0.8702389,0.5383895,0.84406227,0.7923413,0.54631025,0.8231522,0.77292144
2023:03:04:19:56:16,up_90_1t_,41.284159421920776,73.00,72.50,178.33,78.00,0.5542111,0.3987503,0.9535931,0.5580821,0.44618145,0.88739896,0.5188424,0.4411322,0.9346835,0.46389976,0.44603106,0.87869626,0.4206795,0.47203356,0.8937518,0.60507447,0.44621104,0.88209605,0.6561392,0.46179834,0.8135325,0.70721704,0.47747913,0.9499642,0.5580215,0.6031873,0.88751066,0.542226,0.60313725,0.88177,0.542451,0.71302843,0.8256005,0.5461713,0.81779134,0.928433,0.5815546,0.6031943,0.9249703,0.5778754,0.72347546,0.8703885,0.5777402,0.8178248,0.93620294,0.5502693,0.3935152,0.96409345,0.569797,0.39361125,0.9267205,0.5462205,0.39384797,0.57238376,0.581501,0.3988283,0.9584511,0.5816194,0.8492009,0.865769,0.59337336,0.8440006,0.7808906,0.57381743,0.82312745,0.73537385,0.5501168,0.8491795,0.86912274,0.53843224,0.84901285,0.7953953,0.54629636,0.82318807,0.77215075
2023:03:04:19:56:16,up_90_1t_,41.34200477600098,74.35,71.14,178.32,78.01,0.5542121,0.39874068,0.95222694,0.5580769,0.44618654,0.888395,0.5188378,0.441137,0.93461514,0.46391514,0.4460532,0.8782199,0.42071107,0.47204676,0.8999957,0.6050701,0.44620958,0.8812726,0.65613896,0.46178088,0.8161706,0.7072129,0.47749057,0.95028734,0.55431014,0.60325277,0.8902759,0.5385232,0.6032047,0.8812604,0.542435,0.7130965,0.8226529,0.54617095,0.81776714,0.92858964,0.581534,0.6032525,0.9267359,0.5778564,0.7235106,0.8716088,0.5777426,0.81781054,0.9354348,0.550268,0.3935049,0.9611964,0.5697966,0.39360005,0.92482567,0.5462144,0.39385083,0.5852169,0.5814961,0.39882442,0.95664644,0.5816051,0.8491811,0.86807775,0.5933654,0.84398204,0.78311867,0.5738299,0.823109,0.73983586,0.5500964,0.8491538,0.86645657,0.53840345,0.844057,0.79079455,0.5463056,0.8231493,0.77421063
2023:03:04:19:56:16,up_90_1t_,41.399850606918335,74.34,73.75,178.32,85.00,0.55420923,0.39871603,0.9521295,0.55806464,0.446207,0.88877094,0.5188333,0.4459629,0.9327387,0.4639234,0.44605765,0.87614644,0.42071065,0.47205392,0.90013385,0.60505795,0.446224,0.8779722,0.65238106,0.46177632,0.8164138,0.70719403,0.47748855,0.95223415,0.55432343,0.6032762,0.88950473,0.542223,0.6032339,0.8849269,0.54244685,0.7131483,0.82364345,0.54617655,0.8177627,0.9280574,0.58154297,0.6032728,0.9266484,0.577866,0.7235528,0.87618554,0.5777484,0.8178114,0.9352093,0.5502657,0.39348245,0.95822734,0.5697952,0.3935784,0.92153883,0.54621226,0.39385837,0.60238606,0.581487,0.3988277,0.9565044,0.58160037,0.84918755,0.86687833,0.5933679,0.8439868,0.78272927,0.5738392,0.82310355,0.73839056,0.5501037,0.84915036,0.8654283,0.5384121,0.8440528,0.78885174,0.54631144,0.82313704,0.77251434
2023:03:04:19:56:16,up_90_1t_,41.461684703826904,74.34,73.81,178.31,78.02,0.55421543,0.39871168,0.95119107,0.55806476,0.44619492,0.88809884,0.51883835,0.44113782,0.93370795,0.46392712,0.44606543,0.8741348,0.4207242,0.4671083,0.90075564,0.6050544,0.4462222,0.87720156,0.6523608,0.46179587,0.8189419,0.70718783,0.4774981,0.95440406,0.55431896,0.6032314,0.8883515,0.5422268,0.6031853,0.8851681,0.5424289,0.713089,0.8218891,0.5461703,0.8177361,0.93014497,0.58152974,0.6032349,0.92505544,0.57785285,0.72350836,0.87313205,0.57775366,0.81780493,0.93654805,0.550271,0.39347827,0.95695645,0.5698021,0.39357647,0.9218349,0.5462172,0.39385542,0.61090827,0.5814863,0.3988263,0.9545704,0.58156204,0.8491905,0.8701231,0.5933452,0.84400666,0.7852186,0.5738604,0.8231109,0.74458635,0.5464848,0.8491479,0.8725329,0.53459775,0.8440117,0.789185,0.54632777,0.82310605,0.7756916
2023:03:04:19:56:16,up_90_1t_,41.52551460266113,72.99,75.10,178.30,84.99,0.5541996,0.3986992,0.9526147,0.55807257,0.44621292,0.88646376,0.51884556,0.44597623,0.93127704,0.46393174,0.4460474,0.8774537,0.42070645,0.4720595,0.9051607,0.6050594,0.44622055,0.87753475,0.6561346,0.46181667,0.8171226,0.7071858,0.4774976,0.9552111,0.5580195,0.60322356,0.88786185,0.5422487,0.603166,0.88997567,0.5424063,0.71301436,0.81968254,0.5461637,0.8176947,0.9302488,0.5815317,0.6032399,0.9244827,0.57783985,0.7234912,0.8687451,0.5777487,0.8177858,0.93715864,0.5502579,0.3934689,0.9571245,0.56978106,0.3935613,0.918559,0.5462035,0.3938591,0.601269,0.5814796,0.3988199,0.95699483,0.58152694,0.8491697,0.871614,0.58956546,0.84397477,0.78907,0.57746696,0.82308596,0.75094414,0.54644006,0.84910405,0.8737171,0.53453904,0.8439438,0.7871775,0.5463382,0.8230554,0.77883124
2023:03:04:19:56:16,up_90_1t_,41.583359718322754,72.99,75.10,178.29,85.42,0.55419344,0.39397246,0.95310473,0.5580647,0.4462135,0.8865064,0.5188345,0.44597924,0.9325521,0.4639214,0.4460414,0.88015187,0.42069986,0.47206423,0.90656453,0.6050575,0.44622776,0.8771342,0.6561468,0.46180803,0.8165676,0.707176,0.477496,0.9556663,0.5580175,0.6032212,0.88948864,0.54225385,0.603164,0.8938563,0.54240113,0.7130092,0.8192162,0.5461639,0.8176656,0.9281132,0.5815303,0.60323673,0.9248116,0.57784086,0.72350687,0.87117136,0.57776034,0.8177853,0.93880576,0.5502552,0.3934615,0.95646155,0.5697748,0.3935551,0.9177381,0.54620045,0.39385214,0.6026759,0.58147335,0.39881364,0.9578562,0.58151037,0.8491517,0.86915696,0.58954847,0.84397256,0.7909538,0.5774906,0.823086,0.75917226,0.5464146,0.84907466,0.8731826,0.5345095,0.84389734,0.78433496,0.5463572,0.82301176,0.77948093
2023:03:04:19:56:16,up_90_1t_,41.64319920539856,74.34,73.75,178.29,85.42,0.55419123,0.39397344,0.95298064,0.55806404,0.44620863,0.8868216,0.5188297,0.44597608,0.933234,0.46390682,0.44603214,0.88117564,0.42070082,0.4720628,0.9077065,0.60505986,0.4462224,0.877529,0.6561509,0.46179223,0.8172682,0.70717305,0.4774976,0.9557099,0.5543211,0.60323215,0.89025956,0.5422376,0.60317445,0.8917561,0.5424039,0.7130059,0.81991315,0.54616785,0.8176728,0.92750555,0.58153045,0.6032459,0.9245742,0.5778464,0.7234937,0.86988425,0.5777651,0.8177822,0.93893135,0.55025333,0.39346284,0.95615906,0.56977046,0.39355615,0.91764724,0.5461973,0.39385453,0.5989337,0.581471,0.39881462,0.95739,0.58152336,0.84915835,0.87141126,0.58956724,0.84396905,0.7898716,0.5774921,0.82308495,0.75710434,0.5464356,0.8490857,0.8722129,0.5345354,0.8439172,0.78392893,0.5463577,0.8230236,0.7772654
2023:03:04:19:56:17,up_90_1t_,41.705034255981445,74.33,73.75,178.30,85.04,0.5542101,0.39869577,0.95149094,0.5580532,0.4462154,0.8871002,0.5188228,0.44598538,0.93289274,0.4639118,0.44601405,0.88407874,0.42068642,0.47206753,0.9067699,0.60505056,0.4462188,0.8770108,0.6561389,0.46177512,0.81734616,0.7071504,0.4774938,0.9563227,0.5543104,0.6032502,0.8921683,0.5422208,0.6031949,0.8902782,0.54239756,0.7130349,0.8210718,0.5461684,0.8176796,0.92797893,0.58152884,0.6032563,0.92504823,0.57785195,0.72351295,0.8717041,0.57776916,0.81778735,0.937674,0.55025846,0.39346638,0.956236,0.56978655,0.39355332,0.91771567,0.54619575,0.39386514,0.62818,0.58147466,0.39881152,0.9552426,0.5815051,0.84915775,0.86855555,0.58955,0.84398574,0.7906933,0.57750374,0.82308453,0.7582779,0.546408,0.8490957,0.87480855,0.5345045,0.8439233,0.7839699,0.5463691,0.82303125,0.77640265
2023:03:04:19:56:17,up_90_1t_,41.76686906814575,74.33,73.78,178.29,85.45,0.554188,0.39396,0.9529142,0.55805486,0.44622418,0.88763905,0.51883215,0.4460044,0.93191874,0.46391204,0.44600824,0.88436633,0.42067918,0.472037,0.90035594,0.6050455,0.44621882,0.8776686,0.65236294,0.4617816,0.81862676,0.7071404,0.47749907,0.95796055,0.5543182,0.60327846,0.8925772,0.5422273,0.60322446,0.8904418,0.54239005,0.71306354,0.8215654,0.5461554,0.8177133,0.92706066,0.58153826,0.60328174,0.92620695,0.5778459,0.7235342,0.87115455,0.57776326,0.81779844,0.93834,0.5502473,0.39345226,0.9548404,0.56976455,0.39353964,0.91461766,0.54618275,0.39385897,0.6074221,0.58146846,0.39880964,0.9553701,0.5815262,0.8491608,0.8691112,0.589565,0.84397733,0.787926,0.57748854,0.8230983,0.7537099,0.5464227,0.8491175,0.8737069,0.5345186,0.84395975,0.7840741,0.5463462,0.8230734,0.7747697
2023:03:04:19:56:17,up_90_1t_,41.82471418380737,72.97,75.13,178.30,85.46,0.554193,0.39395922,0.9520143,0.5580537,0.4462185,0.8881373,0.51883763,0.44600603,0.93063474,0.46393448,0.4460069,0.88406175,0.4206849,0.47203493,0.90336174,0.60504025,0.44620103,0.87830883,0.656132,0.4617193,0.818205,0.7071501,0.4775067,0.9597093,0.55801785,0.60328233,0.89166,0.5422386,0.6032271,0.8928025,0.5423933,0.7130797,0.8222699,0.5461561,0.81774145,0.92769504,0.5815505,0.6032902,0.9257026,0.57786024,0.72353107,0.8714963,0.5777601,0.81781095,0.93888164,0.5502467,0.39345327,0.9540762,0.56976616,0.39353657,0.91399187,0.546178,0.39386716,0.6210362,0.58146566,0.39880586,0.95428646,0.5815483,0.84917784,0.87375337,0.593333,0.84400654,0.78878105,0.5774775,0.82311493,0.7511262,0.54644066,0.8491367,0.8709011,0.5345484,0.8439899,0.7832598,0.54633904,0.8231124,0.7734627
2023:03:04:19:56:17,up_90_1t_,41.88210964202881,72.97,75.13,178.30,85.47,0.5541893,0.39395764,0.9529143,0.55805004,0.44621298,0.8887292,0.51884097,0.44600382,0.9311232,0.46393418,0.44600236,0.8846426,0.42069685,0.47204345,0.9072336,0.60503554,0.446193,0.8785233,0.6561451,0.4616661,0.81725085,0.7071421,0.4774899,0.9602175,0.5580212,0.6032904,0.89094055,0.5422424,0.6032323,0.8933806,0.5423951,0.7130657,0.82275814,0.54615676,0.81772876,0.9284429,0.581551,0.6032976,0.92528766,0.5778675,0.7235201,0.87120664,0.57777,0.8178071,0.9397535,0.55024546,0.39345172,0.9543624,0.56976193,0.39353544,0.9141065,0.54617923,0.39386484,0.6194335,0.58146495,0.39880443,0.95674485,0.58155507,0.8491806,0.875565,0.59335333,0.84400856,0.7894823,0.5774871,0.8231122,0.7518876,0.54644525,0.8491236,0.8701123,0.5345528,0.84397477,0.78321457,0.5463384,0.8230954,0.7748437
2023:03:04:19:56:17,up_90_1t_,41.943944454193115,72.99,77.87,178.29,85.45,0.5541719,0.3939575,0.95299613,0.5580617,0.44621757,0.88864505,0.51884097,0.44601706,0.92940825,0.46392474,0.4459896,0.88640255,0.4206869,0.46709853,0.90186214,0.6050535,0.4461991,0.88015634,0.6561873,0.4566269,0.8195305,0.7071473,0.4774522,0.95733523,0.5580293,0.60329974,0.89065933,0.54224473,0.6032429,0.89376575,0.5423895,0.71307987,0.82146,0.5461605,0.8177468,0.9302295,0.5815594,0.6033077,0.9262669,0.57785034,0.72352195,0.87357783,0.57776284,0.81779605,0.93901855,0.5502321,0.39345375,0.95422584,0.565994,0.39353183,0.91246474,0.5461641,0.39387,0.6055132,0.58145964,0.3988019,0.95449483,0.58156514,0.84917974,0.87227607,0.59336454,0.84399647,0.7868333,0.57747674,0.82310903,0.7463887,0.54646695,0.84915304,0.8723929,0.53457004,0.84402645,0.7863481,0.54633594,0.823125,0.77280337
2023:03:04:19:56:17,up_90_1t_,42.00936245918274,72.99,77.87,178.30,85.47,0.55418557,0.39395064,0.9513655,0.5580649,0.44622314,0.88921034,0.5188472,0.44602504,0.92738545,0.46392226,0.44599292,0.8861154,0.42069742,0.46709412,0.90040076,0.60504854,0.4461918,0.8804748,0.656154,0.45659822,0.8223203,0.70714235,0.47744325,0.95942414,0.5580362,0.6033305,0.8896781,0.5422412,0.60328114,0.892328,0.54241705,0.71315753,0.8222016,0.5461657,0.8177904,0.9289909,0.58157164,0.60333395,0.9259486,0.57785445,0.7235848,0.88165087,0.5777432,0.8178239,0.93909335,0.5502377,0.39345253,0.9527383,0.5660056,0.39352548,0.91151726,0.54616857,0.39388463,0.6322882,0.58145595,0.39879975,0.9537117,0.58159983,0.8491949,0.8652599,0.5933635,0.8439978,0.7817,0.5738314,0.82313156,0.7394202,0.55009204,0.849167,0.8713465,0.53840744,0.849001,0.7927288,0.5463054,0.8231808,0.77163446
2023:03:04:19:56:17,up_90_1t_,42.06920313835144,72.99,77.88,178.30,85.48,0.5542004,0.39394957,0.9501679,0.55806494,0.44622424,0.8892444,0.5188472,0.44602746,0.927674,0.46392316,0.44599855,0.8857499,0.42069614,0.46709868,0.9003689,0.6050512,0.4461879,0.88119483,0.65614647,0.45659357,0.8237508,0.707151,0.47744676,0.95916724,0.5580436,0.60332936,0.88897246,0.5422412,0.6032808,0.8921275,0.5424199,0.713167,0.8218187,0.5461665,0.817791,0.9292829,0.58157796,0.6033335,0.9254873,0.5778622,0.7235696,0.8807497,0.57774377,0.8178267,0.93913853,0.55024546,0.39345157,0.95266664,0.56976396,0.39352393,0.9122323,0.5461731,0.393889,0.65374124,0.5814568,0.39879972,0.95202416,0.58161265,0.8492034,0.8662834,0.5933745,0.844006,0.7825022,0.5738297,0.82313544,0.73873156,0.5501035,0.84916556,0.86887264,0.5384208,0.8490005,0.79227424,0.5463019,0.8231816,0.77150387
2023:03:04:19:56:17,up_90_1t_,42.1270477771759,72.98,77.89,178.31,85.49,0.5541965,0.3939429,0.95032066,0.5580602,0.4462251,0.88953006,0.5188484,0.44602787,0.9274707,0.46390665,0.445985,0.8872643,0.42066723,0.46709034,0.89959455,0.60504305,0.44619304,0.8793044,0.65614486,0.456576,0.822645,0.70715576,0.47744715,0.95943725,0.5580521,0.6033484,0.88827574,0.5422464,0.6033005,0.89206576,0.5424353,0.7182113,0.8233415,0.54617393,0.81781876,0.9289329,0.58158505,0.60334885,0.92521054,0.5778725,0.7235792,0.88195723,0.57774043,0.81783676,0.9380104,0.5502424,0.3934459,0.95164096,0.56976,0.39351675,0.91092205,0.5461703,0.3938897,0.6483625,0.5814562,0.39879614,0.95290065,0.5816657,0.84920126,0.86607164,0.59341985,0.84397805,0.78244936,0.5738113,0.8231477,0.7304207,0.55015755,0.8491852,0.8653606,0.53848296,0.8490406,0.79603636,0.5462877,0.8232181,0.77174985
2023:03:04:19:56:17,up_90_1t_,42.18888258934021,72.99,77.88,178.32,85.46,0.55418676,0.39395124,0.95101124,0.5580643,0.4462206,0.8894151,0.5188542,0.44602036,0.92784953,0.4638978,0.44597486,0.8879113,0.42065248,0.46709046,0.8979839,0.6050433,0.44619262,0.878722,0.65237856,0.4565849,0.8224084,0.70715934,0.47744304,0.95951235,0.5580453,0.6033314,0.88950866,0.54224163,0.6032831,0.8913342,0.5424339,0.7181834,0.8212432,0.5461761,0.8177998,0.92860454,0.5815807,0.6033388,0.9262812,0.5778759,0.7235744,0.88066655,0.5777438,0.8178322,0.93730897,0.55023587,0.39345348,0.9535002,0.5660046,0.39352274,0.9108355,0.54616416,0.39388838,0.63795304,0.5814537,0.398794,0.95268923,0.58164144,0.84920657,0.8669069,0.5934031,0.844,0.7833309,0.57382166,0.8231393,0.73389214,0.5501252,0.84917694,0.86638224,0.5384438,0.8490184,0.79338527,0.5463002,0.8231921,0.7717567
2023:03:04:19:56:17,up_90_1t_,42.25226402282715,72.99,77.88,178.31,85.47,0.55419207,0.3939399,0.9505542,0.5580668,0.44623065,0.8890939,0.51885575,0.4460336,0.9259562,0.4638892,0.44598094,0.8872185,0.4206356,0.46710938,0.89721596,0.60504204,0.44619143,0.87861955,0.652373,0.4565855,0.8232899,0.7071562,0.47744966,0.96095216,0.55804914,0.60332376,0.88872874,0.5422433,0.60327417,0.8909621,0.54242676,0.71314746,0.82136416,0.5461733,0.8177804,0.92887217,0.5815831,0.6033307,0.9252358,0.5778809,0.72356474,0.87986076,0.5777536,0.8178249,0.9382366,0.5502391,0.3934432,0.9519036,0.56975365,0.3935136,0.9100863,0.5461684,0.3938903,0.64095247,0.58145535,0.3987933,0.9527881,0.58162284,0.8492072,0.8707034,0.5933964,0.84401,0.7854676,0.5738401,0.823131,0.7387248,0.55009854,0.8491721,0.8664998,0.5384135,0.8490022,0.7899611,0.54631144,0.8231637,0.7737032
2023:03:04:19:56:17,up_90_1t_,42.312103271484375,72.99,75.15,178.31,85.46,0.55418605,0.39393246,0.9511639,0.55806327,0.44622326,0.8899241,0.5188555,0.4460186,0.9274781,0.4638734,0.4459918,0.8857696,0.42060176,0.47204804,0.8950555,0.60503495,0.44618773,0.87834865,0.6523602,0.4565709,0.8227388,0.7071477,0.47744578,0.9613345,0.55803394,0.6033015,0.88851357,0.54224193,0.60324943,0.8902989,0.5424247,0.7131209,0.82267547,0.5461704,0.8177503,0.9293096,0.5815613,0.6033082,0.9249046,0.5778618,0.72355556,0.8799993,0.5777509,0.8178116,0.93823254,0.5502373,0.39343584,0.95040154,0.56600505,0.39350843,0.9096848,0.54616874,0.39388543,0.63035476,0.5814551,0.39879432,0.9542327,0.5815875,0.84919655,0.8676524,0.5933634,0.8440053,0.78425276,0.5738503,0.8231207,0.7433317,0.5500613,0.84915113,0.8708441,0.53835946,0.8440386,0.78981745,0.5463219,0.82312924,0.7728302
2023:03:04:19:56:17,up_90_1t_,42.369948625564575,72.98,75.17,178.32,85.46,0.55418175,0.39393157,0.95189565,0.5580722,0.44622046,0.88963336,0.5188703,0.44602516,0.9275532,0.46388605,0.4460091,0.8849635,0.4206093,0.47203088,0.8923674,0.60503656,0.44617897,0.88021564,0.6523653,0.45659214,0.82135844,0.7071438,0.47744873,0.9589138,0.5580556,0.6032444,0.88799596,0.54226786,0.60318977,0.8928833,0.54243106,0.7130608,0.82632667,0.5461677,0.8177823,0.92823887,0.5815711,0.60325384,0.92402583,0.57787377,0.72347504,0.8750526,0.5777477,0.8178175,0.9386458,0.5502377,0.39343655,0.9516778,0.56600076,0.39351076,0.9099214,0.5461698,0.39388523,0.63009775,0.58145297,0.3988004,0.9556394,0.5816058,0.8492019,0.8702001,0.5933751,0.8440022,0.78423184,0.5738357,0.8231278,0.74115855,0.5500761,0.84918314,0.869379,0.5383857,0.849005,0.7898576,0.54631394,0.82317656,0.7704077
2023:03:04:19:56:17,up_90_1t_,42.43178391456604,72.97,75.17,178.33,85.46,0.5541821,0.39393577,0.95199144,0.55807364,0.4462124,0.88887995,0.51887053,0.44601792,0.9282532,0.46385905,0.44600856,0.88491434,0.42058137,0.4720344,0.8867368,0.6050329,0.4461755,0.8797602,0.65236545,0.4565899,0.8217114,0.70714074,0.47744983,0.95848763,0.5580666,0.60320413,0.88648975,0.5422883,0.6031476,0.8943229,0.542447,0.7130251,0.8286738,0.5461703,0.8178039,0.93013006,0.5815728,0.603216,0.9230267,0.57788193,0.72343993,0.8720785,0.5777428,0.8178283,0.9394211,0.550239,0.3934375,0.9517772,0.5660037,0.39351514,0.9102793,0.54616743,0.39387995,0.6246961,0.5814546,0.39880037,0.9552419,0.58163077,0.84921277,0.8704133,0.5933913,0.8440067,0.78411245,0.5738203,0.8231432,0.734944,0.5501191,0.84920084,0.86767125,0.5384347,0.84903824,0.79357076,0.5462964,0.82321054,0.77062017
2023:03:04:19:56:17,up_90_1t_,42.49561333656311,72.98,75.14,178.32,85.45,0.5541925,0.39392653,0.95182,0.5580672,0.4462061,0.8898274,0.5188711,0.44599634,0.9308908,0.463882,0.4460229,0.8835649,0.42061442,0.47204018,0.8895377,0.605031,0.4461812,0.87991405,0.65236884,0.45659244,0.8216599,0.70715463,0.4774537,0.9562083,0.55803806,0.60314834,0.88681996,0.54227495,0.603093,0.88967973,0.54243726,0.70793784,0.82999647,0.5461688,0.8177736,0.931254,0.58154345,0.60316217,0.92405766,0.5778699,0.72338533,0.8657247,0.57774734,0.81780785,0.93931514,0.550249,0.39342737,0.95088667,0.56976223,0.39351064,0.91067606,0.54618156,0.39387164,0.63894403,0.58145577,0.3987992,0.95375746,0.5815966,0.84919584,0.8711237,0.593359,0.8440064,0.78424764,0.5738389,0.82312447,0.7430059,0.5500736,0.8491862,0.87288225,0.5383833,0.84900653,0.7936065,0.5463149,0.82317376,0.77344215
2023:03:04:19:56:17,up_90_1t_,42.5574471950531,72.99,75.13,178.32,85.45,0.5541899,0.39394975,0.95129114,0.5580695,0.4462014,0.88915336,0.5188652,0.44599026,0.93195003,0.4638626,0.44600523,0.88482267,0.4206145,0.47204295,0.8902482,0.6050371,0.4461762,0.88028574,0.6523766,0.45660946,0.8203012,0.707164,0.4774541,0.9558815,0.55802226,0.60314333,0.88606864,0.5422625,0.60309243,0.8862183,0.5424385,0.7079426,0.82921374,0.54616785,0.81777215,0.9303363,0.5815308,0.60315263,0.92289674,0.57786256,0.7233796,0.8652482,0.5777488,0.8178066,0.93881583,0.5502457,0.3934481,0.9534677,0.56976104,0.3935298,0.9126361,0.546173,0.39387327,0.6289258,0.5814591,0.39880186,0.9529506,0.58159167,0.8491921,0.8672338,0.5933547,0.84399956,0.78036445,0.57383895,0.82311904,0.7424295,0.5500761,0.84918433,0.87246263,0.53838736,0.8490058,0.7924732,0.5463123,0.82316965,0.77265334
2023:03:04:19:56:17,up_90_1t_,42.6152925491333,72.98,75.13,178.35,85.44,0.5541849,0.39396474,0.9517832,0.5580789,0.44621852,0.8871854,0.51887155,0.44601163,0.9299693,0.46388105,0.44602907,0.88105035,0.42065558,0.47206113,0.89402694,0.6050477,0.4461825,0.8813982,0.6523793,0.45664126,0.81896764,0.7071447,0.47746414,0.9527545,0.55804044,0.60319155,0.88837004,0.5422756,0.6031535,0.89112663,0.54246235,0.7130626,0.8308947,0.5461681,0.81779337,0.9300734,0.58155036,0.60319155,0.9254885,0.5778909,0.723453,0.871613,0.57774335,0.81781465,0.93937516,0.55024266,0.39346352,0.9558848,0.5697568,0.39354378,0.9136134,0.5461756,0.3938804,0.6209787,0.5814594,0.39881417,0.9544002,0.58161587,0.84918666,0.8676887,0.593367,0.8439889,0.78263974,0.57382095,0.8231161,0.74159366,0.5500896,0.8491854,0.86699486,0.53840566,0.8490111,0.7897843,0.54630333,0.82318616,0.77388597
2023:03:04:19:56:18,up_90_1t_,42.67712712287903,72.98,75.12,177.80,85.43,0.55418885,0.39396563,0.9512005,0.5580784,0.4462303,0.88593864,0.518868,0.44601658,0.9294501,0.4638951,0.4460519,0.8779938,0.42066732,0.47207463,0.894055,0.60504735,0.4462012,0.87940586,0.6523354,0.46177158,0.81840926,0.7071482,0.47749037,0.94869316,0.5580395,0.6031857,0.88889396,0.542274,0.6031471,0.8904165,0.5460617,0.71306014,0.8318088,0.54616576,0.81779337,0.9290497,0.58155286,0.603188,0.9261737,0.5814527,0.7234571,0.87150097,0.5777476,0.817814,0.93835324,0.55024695,0.39346483,0.95581305,0.5697605,0.39354643,0.9140547,0.5461851,0.39388195,0.618608,0.5814609,0.3988225,0.95380545,0.5816176,0.8491835,0.8664932,0.59336656,0.84398615,0.7815019,0.57382184,0.823103,0.73954374,0.5501001,0.84917486,0.86460674,0.538419,0.8490042,0.7884059,0.5462935,0.8231791,0.77335817
2023:03:04:19:56:18,up_90_1t_,42.74095702171326,72.98,75.13,177.78,85.44,0.5542087,0.39396375,0.9498723,0.55809087,0.44623005,0.88496464,0.5188763,0.4460153,0.928557,0.46388704,0.44603837,0.8791355,0.42066026,0.47205916,0.8931382,0.60505843,0.4462076,0.8817591,0.65235174,0.46181774,0.8168219,0.70715064,0.47749934,0.94764984,0.5580474,0.60323906,0.8920171,0.5422744,0.6032044,0.89306605,0.5460709,0.71820176,0.8339224,0.54617006,0.8178287,0.929101,0.5815656,0.6032386,0.93046725,0.58146757,0.7235266,0.87938666,0.5777378,0.81783795,0.93894875,0.5502613,0.39346218,0.95478433,0.569784,0.39354524,0.915932,0.54620224,0.39388165,0.6278067,0.58147085,0.39882126,0.95249397,0.5816275,0.8492033,0.862111,0.5933584,0.8440064,0.7790842,0.5738042,0.8231162,0.7372834,0.5501318,0.84918505,0.8661164,0.53845775,0.8490314,0.79403794,0.54628396,0.8232178,0.7706101
2023:03:04:19:56:18,up_90_1t_,42.80079627037048,72.96,75.14,177.74,85.05,0.5542157,0.39870244,0.951468,0.5580822,0.44621953,0.8855206,0.5188741,0.44601434,0.92901224,0.46390215,0.44608682,0.8746735,0.42066395,0.47206566,0.8947134,0.6050535,0.4461956,0.88317215,0.6523167,0.46186817,0.8176176,0.70713466,0.47750026,0.94876325,0.5580604,0.60325813,0.8936142,0.5422835,0.60322845,0.89506954,0.5460898,0.71824175,0.83818907,0.5461799,0.81785244,0.92960024,0.5815789,0.603251,0.93285817,0.581509,0.7235381,0.8841818,0.57773644,0.8178517,0.9405635,0.55026627,0.3934754,0.95837986,0.56979424,0.3935615,0.91978616,0.5462155,0.3938729,0.6182797,0.5814869,0.39882153,0.9537606,0.58167225,0.84921086,0.8645692,0.5933908,0.8440016,0.78235257,0.5737911,0.82313156,0.73079,0.55018306,0.8491979,0.8625016,0.53851205,0.84905875,0.7975906,0.5462664,0.8281985,0.771877
2023:03:04:19:56:18,up_90_1t_,42.85864186286926,72.96,75.12,177.76,85.06,0.5542085,0.39872694,0.9526922,0.5580668,0.44622022,0.88571525,0.5188566,0.44601908,0.9293118,0.463903,0.4461039,0.87011397,0.42067164,0.4720958,0.89809287,0.6050466,0.44619662,0.88179845,0.65230185,0.4668762,0.8174623,0.7071452,0.4774876,0.947904,0.5580602,0.6032736,0.8935153,0.54227847,0.6032478,0.8948866,0.5460855,0.71824306,0.83782214,0.5461768,0.81784374,0.9303609,0.5815765,0.6032607,0.9334469,0.5814978,0.72351766,0.88128823,0.5777425,0.81783915,0.9409535,0.55026156,0.39349416,0.9614166,0.5697891,0.39358526,0.92243516,0.54621065,0.39386722,0.60431206,0.5814939,0.39882526,0.9553611,0.58165365,0.8491937,0.8654283,0.5933764,0.8439828,0.781336,0.57380337,0.8231163,0.73275757,0.5501682,0.849187,0.86162907,0.53849816,0.8490459,0.7938242,0.5462742,0.82818156,0.7721715
2023:03:04:19:56:18,up_90_1t_,42.922030210494995,72.98,75.13,177.75,85.08,0.5542304,0.39871067,0.9505876,0.5580848,0.44622922,0.8840611,0.5188551,0.44603515,0.9266043,0.46392134,0.44608593,0.8711825,0.42070323,0.47208363,0.8952214,0.605075,0.4462159,0.88450515,0.6523461,0.4618306,0.8127143,0.70718575,0.47747952,0.9477157,0.5580697,0.60321003,0.89451146,0.5422904,0.603179,0.89604795,0.5460815,0.71315646,0.83588886,0.5461794,0.81790155,0.92972994,0.58158344,0.60320485,0.93441516,0.5815027,0.7234645,0.8778558,0.5777355,0.8178628,0.93989927,0.55027753,0.3934736,0.9575247,0.56981856,0.3935702,0.9238466,0.546226,0.3938616,0.61832595,0.58151263,0.3988174,0.95274645,0.5816791,0.8492354,0.8657975,0.593399,0.84402233,0.7803386,0.5737826,0.82315516,0.7239315,0.5502172,0.8492381,0.86237776,0.5422378,0.84913063,0.80280864,0.5462587,0.82828915,0.77159524
2023:03:04:19:56:18,up_90_1t_,42.98540186882019,72.99,75.13,177.75,85.08,0.55422425,0.3987045,0.95113486,0.5580784,0.4462314,0.88445485,0.5188523,0.44603494,0.9282389,0.46392947,0.44610804,0.8684195,0.42070708,0.47208598,0.89721984,0.6050711,0.44621962,0.88369834,0.6523554,0.46184656,0.81145823,0.70720273,0.4774775,0.94665974,0.558067,0.60321295,0.89483446,0.54228383,0.60318273,0.89517766,0.5460907,0.71818274,0.8359864,0.54618067,0.81791246,0.9283416,0.58158475,0.6032075,0.9349061,0.5815097,0.72347164,0.878057,0.577739,0.8178714,0.94027495,0.5502743,0.39346322,0.95699835,0.5698139,0.39356452,0.9233973,0.5462244,0.39384502,0.6077157,0.581514,0.3988109,0.95599616,0.58169115,0.8492455,0.8681811,0.5934132,0.84403306,0.7825539,0.5737855,0.82316685,0.7229626,0.5502289,0.84924406,0.859733,0.5422473,0.84914184,0.80212784,0.5462554,0.82830346,0.77021104
2023:03:04:19:56:18,up_90_1t_,43.04324674606323,72.98,75.13,177.75,85.07,0.55420905,0.39870787,0.9537161,0.5580845,0.4462327,0.8840259,0.51884794,0.44604662,0.9270595,0.46391985,0.44612095,0.86713386,0.42067632,0.4721083,0.89712054,0.60507977,0.4462112,0.8850546,0.6523579,0.46186206,0.8100421,0.7072001,0.47746587,0.94681776,0.5580788,0.6032568,0.89556843,0.542291,0.60322565,0.89769083,0.5460965,0.7182497,0.8398572,0.5461816,0.8179287,0.92830163,0.5815967,0.6032522,0.9359096,0.581514,0.7235217,0.8817352,0.5777432,0.8178706,0.9391985,0.5502708,0.39346528,0.95752,0.5698025,0.39357018,0.92439103,0.54622823,0.39383584,0.5638761,0.5815272,0.39881626,0.9584047,0.5816964,0.8492343,0.86591995,0.5934202,0.8440152,0.7804774,0.5737899,0.8231564,0.72329164,0.55022335,0.8492622,0.86025506,0.54224426,0.84915775,0.8015799,0.5462592,0.82831746,0.7723562
2023:03:04:19:56:18,up_90_1t_,43.10109233856201,72.99,75.15,177.75,85.05,0.5541987,0.39871258,0.9557152,0.5580875,0.4462394,0.8834801,0.5188513,0.44605213,0.92595387,0.46391985,0.44608408,0.87237495,0.42066428,0.47208378,0.8968996,0.60508615,0.44622457,0.8843386,0.65613276,0.46184674,0.8069865,0.7072178,0.47747228,0.94610405,0.558088,0.60329175,0.8964937,0.542295,0.6032607,0.9003748,0.54610413,0.7182955,0.8430971,0.54618233,0.81791997,0.9288283,0.5816067,0.60329056,0.93679166,0.58151966,0.72353834,0.88409746,0.57774293,0.8178591,0.9402957,0.5502658,0.39347175,0.9594864,0.56978905,0.393574,0.92480516,0.54622793,0.39382687,0.5455965,0.5815251,0.3988084,0.9610945,0.5816916,0.8492272,0.86777604,0.59341764,0.84400314,0.7809433,0.5737856,0.82313013,0.72530365,0.55023396,0.8492509,0.8601495,0.54225874,0.8491486,0.8030018,0.5462531,0.8282929,0.7732276
2023:03:04:19:56:18,up_90_1t_,43.160932302474976,72.99,75.15,177.75,85.04,0.5541942,0.3987167,0.9563129,0.55808634,0.4462394,0.88371265,0.5188534,0.44605112,0.92680794,0.46391037,0.44608238,0.87326276,0.4206586,0.47208637,0.89564776,0.605081,0.44622526,0.8835841,0.6523806,0.46184316,0.80606335,0.70723665,0.47747433,0.94641125,0.5580939,0.60330087,0.89700496,0.5422993,0.6032729,0.90195584,0.5461038,0.7182976,0.84308106,0.546182,0.81790704,0.9298948,0.5816109,0.6032972,0.9376586,0.5815206,0.7235353,0.88404167,0.57774204,0.81785154,0.9408952,0.5502655,0.3934773,0.96012837,0.56978315,0.39358056,0.9250375,0.5462309,0.39382643,0.53231823,0.5815233,0.39881498,0.9613242,0.5816763,0.8492191,0.86807364,0.5934024,0.8440059,0.7819774,0.5737913,0.8231204,0.7287375,0.55020916,0.8492314,0.8608768,0.54223436,0.8491192,0.7992556,0.54626155,0.8282751,0.7726737
2023:03:04:19:56:18,up_90_1t_,43.222766637802124,72.98,75.14,177.73,85.02,0.55417675,0.39874178,0.95823514,0.5580907,0.4462204,0.88463384,0.5188593,0.44603756,0.9267275,0.46392396,0.44607854,0.8725344,0.4206719,0.472085,0.8966054,0.6050866,0.44621345,0.88416517,0.6523705,0.46183127,0.8076538,0.70724684,0.47748515,0.9458763,0.55807954,0.6033311,0.8969872,0.5422864,0.6033041,0.89961845,0.54610014,0.7183285,0.8434301,0.54618275,0.81792545,0.9287946,0.5816014,0.6033236,0.9382318,0.58152586,0.7235447,0.88373864,0.5777354,0.81786126,0.9413062,0.5502578,0.3935004,0.96303856,0.5697622,0.39360496,0.92742157,0.5462248,0.39378628,0.46372288,0.5815355,0.3988153,0.9652743,0.58171505,0.84923613,0.86497176,0.5934408,0.8440142,0.7809406,0.5737692,0.8231343,0.725873,0.5502366,0.84923905,0.8525007,0.5422655,0.8491395,0.7973847,0.54624796,0.8282993,0.77444315
2023:03:04:19:56:18,up_90_1t_,43.2801878452301,72.98,75.14,177.73,85.02,0.5541668,0.39874235,0.9590164,0.558088,0.44621617,0.8851494,0.51885575,0.44603804,0.9270424,0.46391866,0.44610646,0.8696951,0.42065182,0.47209448,0.8946024,0.60508794,0.4462072,0.8839232,0.656162,0.46178988,0.80469,0.70725554,0.47748536,0.9444598,0.55808055,0.6033289,0.8960774,0.5422842,0.6033026,0.8984252,0.5460994,0.71833736,0.84260094,0.546183,0.81793314,0.92839915,0.58160514,0.60332084,0.9369135,0.5815312,0.7235533,0.8844169,0.5777369,0.81786954,0.9406791,0.55025125,0.39349836,0.9629594,0.5697515,0.39360553,0.9271678,0.5462139,0.39377013,0.44652212,0.58153826,0.39881605,0.9678115,0.58171993,0.84924793,0.86564577,0.59344524,0.8440235,0.7811856,0.57376975,0.823144,0.72447705,0.5502397,0.84924495,0.8494905,0.54227054,0.8491464,0.7946878,0.5462487,0.828306,0.7747516
2023:03:04:19:56:18,up_90_1t_,43.338032960891724,72.98,75.11,177.74,85.02,0.55416846,0.3987517,0.9582439,0.5580873,0.44620064,0.8857137,0.51886076,0.44602248,0.9275971,0.46393442,0.44611788,0.8669994,0.42065606,0.47211695,0.8966153,0.6050839,0.4462055,0.8817419,0.65621054,0.46177495,0.8047585,0.70727175,0.47749805,0.94292504,0.55807453,0.60331583,0.8970656,0.542278,0.6032877,0.89828527,0.54609597,0.71832037,0.84227216,0.54618007,0.81791526,0.9295142,0.5816019,0.6033101,0.9371351,0.5815282,0.7235547,0.8840103,0.57774556,0.8178574,0.9411661,0.55025417,0.39350337,0.9621861,0.56975657,0.39361697,0.9287126,0.5462079,0.39374933,0.430798,0.58154666,0.3988173,0.96840584,0.581697,0.8492327,0.8675786,0.59342855,0.8440141,0.78177416,0.5737872,0.8231272,0.72868,0.55020946,0.8492333,0.855648,0.54224,0.8491235,0.7940669,0.54625976,0.8282758,0.7748243
2023:03:04:19:56:18,up_90_1t_,43.397873401641846,72.97,75.13,177.74,85.05,0.5542004,0.39875868,0.9553118,0.5580921,0.44621366,0.88515586,0.51886487,0.44603258,0.9268505,0.463954,0.4461182,0.8663784,0.42067707,0.47209883,0.89643216,0.60509515,0.44620606,0.88352466,0.6562444,0.4617369,0.80646443,0.707282,0.47751197,0.94110966,0.55808055,0.6033251,0.8965275,0.54228383,0.60329634,0.8991163,0.5460971,0.71833557,0.84334326,0.5461838,0.81789666,0.9303917,0.58160615,0.6033186,0.93734753,0.5815265,0.7235541,0.8849957,0.57775074,0.8178421,0.9434276,0.55026925,0.39351267,0.96337575,0.56979203,0.39361793,0.93080807,0.54623103,0.3937929,0.48405248,0.5815508,0.39881364,0.9675813,0.5816937,0.8492194,0.87158585,0.5934317,0.8440013,0.78510594,0.5737977,0.8231136,0.73324996,0.55019814,0.8492241,0.8582884,0.5422298,0.8491068,0.79382014,0.5462697,0.8282473,0.77440655
2023:03:04:19:56:18,up_90_1t_,43.459707736968994,72.96,75.12,177.74,85.04,0.55419564,0.398765,0.9560744,0.5581008,0.44620338,0.88532203,0.51887053,0.44602686,0.9275432,0.4639626,0.44612417,0.8657605,0.42069885,0.47211483,0.9020322,0.6051088,0.4462045,0.88512003,0.66004586,0.46174598,0.80696344,0.7072912,0.47752613,0.938944,0.5580965,0.6033415,0.8957888,0.54228765,0.60331446,0.8998922,0.54609627,0.7183575,0.84284145,0.5461842,0.8179047,0.92976326,0.5816272,0.60333234,0.93652546,0.5815358,0.7235774,0.88674134,0.57775,0.81784534,0.94346184,0.5502657,0.39351752,0.9654901,0.56978536,0.39362228,0.93133247,0.54622656,0.3937782,0.4740988,0.5815579,0.3988098,0.9714646,0.58169633,0.8492204,0.87186325,0.59343266,0.84400296,0.7859195,0.5737951,0.82311505,0.73400104,0.55019224,0.8492255,0.85726094,0.5422261,0.84910685,0.7917323,0.5462718,0.8282572,0.7750158
2023:03:04:19:56:18,up_90_1t_,43.519548416137695,72.95,75.11,177.74,85.04,0.55419976,0.398769,0.95552695,0.5581043,0.44620487,0.88456696,0.5188706,0.44602957,0.9274522,0.46395567,0.4461284,0.86569685,0.42068845,0.47212815,0.9029972,0.6051148,0.44620392,0.88562113,0.6600706,0.46172476,0.8082125,0.70730805,0.47754154,0.9389292,0.5581053,0.60334635,0.89511704,0.54229265,0.60331964,0.9009552,0.5460924,0.7183649,0.8413604,0.5461874,0.8178987,0.9292801,0.5816354,0.60333544,0.93558985,0.58153874,0.72358114,0.8869608,0.57774967,0.81783915,0.9428451,0.55026877,0.39352235,0.96573097,0.5697898,0.39362636,0.9316497,0.54623175,0.39378616,0.4792919,0.5815584,0.39881358,0.9714862,0.58166206,0.84921914,0.8754508,0.5933983,0.8440154,0.7880421,0.57380205,0.82310176,0.7351685,0.55017143,0.8492255,0.85938066,0.538514,0.84909165,0.790055,0.5462865,0.82824665,0.7733633
2023:03:04:19:56:18,up_90_1t_,43.57938742637634,72.95,75.10,177.73,85.02,0.5541899,0.3987657,0.956528,0.5581101,0.4462074,0.8843214,0.5188749,0.44603342,0.9259453,0.463954,0.44612888,0.8644749,0.42068762,0.47215265,0.9010676,0.60511917,0.4462105,0.88527745,0.66007835,0.4617416,0.81018275,0.7073189,0.47755674,0.9370274,0.55809796,0.60334337,0.8947964,0.54228264,0.60331446,0.89852494,0.5461026,0.71836865,0.84262574,0.54619116,0.8178998,0.92853445,0.5816334,0.6033361,0.9352784,0.5815411,0.7235965,0.8878741,0.57773,0.8178374,0.9415434,0.5502649,0.3935189,0.9646101,0.5697808,0.3936259,0.9313153,0.54622823,0.39377722,0.4599849,0.5815591,0.3988197,0.97176564,0.5816824,0.84920853,0.870815,0.5934032,0.8439874,0.78496516,0.5737686,0.8230958,0.72796863,0.5502214,0.84922,0.85239553,0.54225415,0.84911025,0.7927183,0.54626673,0.8282496,0.77284217
2023:03:04:19:56:18,up_90_1t_,43.64122223854065,72.95,75.10,177.74,85.03,0.5541962,0.39876997,0.9557315,0.55811155,0.44620553,0.8842931,0.5188729,0.44603375,0.9253318,0.46396232,0.44614473,0.8622328,0.42069915,0.47213653,0.9022292,0.60512066,0.4462023,0.8858876,0.66007733,0.46177292,0.8095195,0.70731163,0.47756043,0.9371698,0.5580902,0.6033646,0.89333427,0.54227537,0.6033341,0.89567804,0.54609835,0.72334707,0.8429756,0.5461769,0.81789684,0.9262146,0.5816237,0.60335416,0.9343833,0.58152086,0.723632,0.8880199,0.57772774,0.8178355,0.9399679,0.55026853,0.39352244,0.96481025,0.56978816,0.39362937,0.93212056,0.5462304,0.39378303,0.46839112,0.58156395,0.3988207,0.9724063,0.5816601,0.8492106,0.8669776,0.59338444,0.844001,0.78279245,0.5737695,0.8230905,0.73173285,0.5501777,0.84921914,0.85944605,0.53851587,0.84908944,0.79297864,0.5462645,0.82825,0.77048695
2023:03:04:19:56:19,up_90_1t_,43.70505142211914,72.94,75.12,177.76,85.04,0.55420375,0.3987767,0.9547003,0.55811006,0.44620606,0.8841512,0.5188739,0.44603074,0.92581135,0.4639374,0.44610262,0.86743116,0.42068088,0.47211677,0.898685,0.6051169,0.44621143,0.88469404,0.6600565,0.46179602,0.8095603,0.7073093,0.47757074,0.9364114,0.55809885,0.6033435,0.8927415,0.542282,0.60331076,0.8967296,0.5460921,0.7183715,0.8420442,0.54617167,0.8178975,0.92631954,0.5816305,0.60333574,0.93341863,0.5815157,0.72361284,0.8859974,0.5777342,0.817843,0.9407861,0.55027026,0.3935269,0.9655416,0.5697979,0.39363343,0.932703,0.5462332,0.39379326,0.48736483,0.5815629,0.39882377,0.97120106,0.58167267,0.8492169,0.87056136,0.59339696,0.8440035,0.7847898,0.5737767,0.8231098,0.73128825,0.5501842,0.8492245,0.85921466,0.5385185,0.8490962,0.79274845,0.5462591,0.8282525,0.7718519
2023:03:04:19:56:19,up_90_1t_,43.76289701461792,72.95,75.12,177.76,85.02,0.55420244,0.3987665,0.95499486,0.55811304,0.44620878,0.88419694,0.5188756,0.4460271,0.92707497,0.4639649,0.44610342,0.86828727,0.420702,0.4720989,0.90265596,0.60511893,0.44621682,0.8848577,0.6600553,0.46182358,0.8080292,0.70730746,0.47756588,0.93619514,0.55809045,0.60330164,0.893494,0.5422848,0.6032634,0.897073,0.54607993,0.71831393,0.8388681,0.5461734,0.81786346,0.92885923,0.58161795,0.60329735,0.9341668,0.58151215,0.7235845,0.8859325,0.5777415,0.8178408,0.9406728,0.55027,0.39351657,0.9643898,0.56979954,0.39362496,0.93220973,0.5462332,0.3937896,0.49070996,0.5815629,0.39881942,0.97115314,0.58165216,0.8492217,0.8698803,0.59338486,0.84402066,0.7848644,0.57379735,0.82311344,0.73598725,0.55015403,0.8492095,0.8655972,0.5384838,0.849064,0.7952002,0.5462775,0.82820815,0.7728369
2023:03:04:19:56:19,up_90_1t_,43.81877565383911,72.95,75.12,177.76,85.02,0.5541972,0.39875287,0.95617914,0.55811054,0.44621065,0.88444555,0.51887065,0.4460255,0.92726135,0.46396384,0.44611397,0.8672353,0.4207012,0.47209606,0.90403223,0.60511786,0.44621134,0.8853477,0.6562514,0.46182576,0.807932,0.7072838,0.47756442,0.93945456,0.5580857,0.60329825,0.8923139,0.5422792,0.6032532,0.894649,0.5460761,0.7182818,0.83613646,0.54616827,0.81785876,0.92693585,0.58161724,0.60329926,0.9332428,0.5815038,0.7235774,0.8822725,0.5777356,0.81783855,0.9405063,0.55026627,0.39350513,0.9639894,0.56979525,0.3936132,0.9312401,0.54622877,0.39378464,0.4851141,0.5815649,0.3988115,0.97129935,0.5816654,0.8492013,0.8656734,0.5933867,0.8439928,0.7824121,0.5737907,0.82311624,0.7340721,0.55016017,0.8492009,0.8607977,0.5384882,0.84905833,0.79212296,0.546269,0.8282101,0.7708646
2023:03:04:19:56:19,up_90_1t_,43.88016438484192,72.95,75.13,177.77,85.00,0.55418587,0.39875117,0.95688784,0.55811703,0.44621098,0.88405806,0.5188742,0.44602644,0.9269723,0.4639703,0.44609886,0.86759555,0.4207098,0.47207433,0.9041729,0.60511607,0.4462219,0.88403726,0.65624106,0.461824,0.8086064,0.707282,0.47757256,0.9392904,0.55808496,0.60329425,0.8915452,0.542278,0.60324883,0.89356184,0.54607517,0.7182563,0.83463794,0.5461643,0.81782824,0.9270689,0.5816188,0.60329574,0.932305,0.58150196,0.723565,0.8810451,0.5777392,0.81783664,0.94124013,0.5502627,0.39350203,0.9624783,0.56978536,0.39361554,0.9308177,0.5462205,0.3937662,0.4504335,0.58156633,0.39881864,0.97161984,0.5816428,0.8491973,0.8657474,0.59336454,0.84400153,0.78356403,0.57380325,0.82311857,0.7402075,0.5501166,0.84918547,0.86479974,0.5384409,0.84902525,0.7904831,0.5462829,0.82321435,0.7715846
2023:03:04:19:56:19,up_90_1t_,43.94399404525757,72.94,75.10,177.82,84.95,0.5541649,0.3987285,0.96021545,0.5581183,0.4461876,0.8854105,0.5188739,0.44599324,0.9295575,0.46395114,0.4460912,0.86757433,0.4206998,0.4720919,0.90519035,0.6051105,0.44622147,0.8829633,0.65624,0.46183962,0.80717814,0.70728916,0.4775884,0.93703353,0.55809325,0.6032622,0.8909774,0.5422841,0.603212,0.89460397,0.5460585,0.71311444,0.83068913,0.5461681,0.8178009,0.93228906,0.5816208,0.6032664,0.9320699,0.58147776,0.7234534,0.8691261,0.5777702,0.81781787,0.9438263,0.55025727,0.39348468,0.9620375,0.56976205,0.39360312,0.9291377,0.5462111,0.39373258,0.41098,0.58156246,0.39881846,0.97303575,0.5816235,0.84920996,0.8740856,0.59338963,0.8440247,0.78594005,0.5738517,0.82311994,0.7440966,0.5500989,0.84920657,0.8735256,0.53840834,0.8490386,0.7961051,0.5463047,0.8231914,0.77535594
2023:03:04:19:56:19,up_90_1t_,44.001389265060425,72.94,75.11,177.81,84.98,0.5541763,0.3987179,0.95964354,0.5581089,0.44619948,0.8854119,0.51886797,0.4460017,0.9300476,0.46394268,0.4460966,0.8678762,0.42069235,0.47210014,0.90436757,0.60510814,0.44622746,0.88321656,0.6562338,0.46183932,0.80693686,0.7072885,0.47758207,0.9366194,0.558099,0.6032525,0.8907688,0.5422855,0.6032032,0.8947157,0.5424669,0.7131033,0.8307986,0.54616946,0.817809,0.9313239,0.58162963,0.6032568,0.9315953,0.5814821,0.7234698,0.8713297,0.57775927,0.8178221,0.94249773,0.5502618,0.39347517,0.96125853,0.569774,0.39358985,0.9288667,0.5462188,0.3937552,0.44425118,0.58155984,0.39881244,0.972078,0.5816161,0.84920883,0.87013555,0.59337455,0.8440185,0.7829617,0.5738339,0.8231127,0.73986155,0.55012435,0.84919995,0.87034094,0.53843784,0.84903884,0.7955787,0.54629636,0.82320136,0.7730446
2023:03:04:19:56:19,up_90_1t_,44.05723977088928,72.95,75.12,177.81,84.97,0.5541713,0.39871794,0.95966834,0.5581036,0.44621205,0.88500947,0.5188633,0.44600868,0.92894614,0.4639435,0.44610256,0.8672229,0.42070407,0.47209412,0.9031083,0.6051013,0.44624263,0.8809772,0.6562311,0.46181157,0.8076007,0.7072826,0.4775785,0.936654,0.5580993,0.6032729,0.8898746,0.5422843,0.6032213,0.89391166,0.5460624,0.71313393,0.83057576,0.54616994,0.8178257,0.92751247,0.5816305,0.6032802,0.93063927,0.5814819,0.7234911,0.87272096,0.57775503,0.81784064,0.94120204,0.55025756,0.39347592,0.96075404,0.5697681,0.39358953,0.92828846,0.5462125,0.39375672,0.43500057,0.58155787,0.39881226,0.9721067,0.5816289,0.849219,0.8687402,0.59337425,0.8440309,0.7830516,0.5738266,0.8231336,0.7398937,0.5501231,0.84920686,0.86679614,0.53844386,0.8490457,0.7933202,0.546295,0.82816994,0.7698926
2023:03:04:19:56:19,up_90_1t_,44.11707925796509,72.96,75.12,177.81,84.98,0.55417687,0.39871624,0.9588108,0.5581071,0.44621316,0.8846011,0.51886076,0.4460132,0.92858243,0.4639267,0.44609314,0.8679308,0.42068988,0.47208515,0.89925206,0.6051096,0.4462427,0.8817151,0.6562373,0.46178544,0.8084502,0.70728445,0.4775728,0.93743336,0.55809516,0.603299,0.88988715,0.542277,0.6032476,0.8930449,0.5460703,0.7181833,0.8313882,0.5461693,0.8178526,0.9260379,0.5816305,0.60330796,0.9303639,0.58147347,0.7235306,0.8744013,0.577748,0.8178512,0.9398099,0.5502611,0.39347297,0.96007097,0.5697761,0.39358842,0.928672,0.54621273,0.39375526,0.43989122,0.5815604,0.3988121,0.97123253,0.5816424,0.8492238,0.86750317,0.59337986,0.844028,0.78236353,0.57380974,0.8231429,0.73578554,0.55014384,0.8492236,0.8658459,0.5384707,0.8490715,0.79409564,0.5462849,0.82820725,0.7708502
2023:03:04:19:56:19,up_90_1t_,44.178914070129395,72.96,75.13,177.82,84.99,0.5541769,0.3987215,0.95921314,0.5580976,0.44622907,0.8837042,0.51885796,0.44603005,0.9277663,0.4639291,0.44612163,0.8663021,0.42068425,0.47209573,0.89723504,0.60510176,0.44624117,0.8806298,0.65625644,0.46177274,0.8086632,0.7072902,0.47756234,0.9378848,0.5580829,0.60329825,0.89021075,0.5422704,0.60324967,0.8916372,0.5460667,0.7131671,0.8314194,0.5461692,0.81783795,0.9268033,0.5816178,0.6033047,0.9309952,0.5814597,0.72351754,0.87289965,0.5777477,0.81783885,0.9407656,0.5502599,0.39347723,0.9613856,0.56977755,0.3935926,0.92884314,0.54621357,0.393767,0.45305875,0.5815539,0.39881793,0.96893144,0.581632,0.8492114,0.86984825,0.59337246,0.8440137,0.7840965,0.57381344,0.82312816,0.73860115,0.5501283,0.84921956,0.86804557,0.5384532,0.849064,0.79454947,0.5462907,0.8281858,0.77152383
2023:03:04:19:56:19,up_90_1t_,44.236759424209595,72.96,75.12,177.83,84.98,0.55416447,0.3987186,0.9612402,0.55809563,0.44622245,0.88490117,0.5188571,0.44602418,0.92724127,0.46394694,0.44613418,0.8637988,0.42071432,0.4721025,0.90032864,0.6050985,0.44624066,0.8812843,0.6562592,0.46178284,0.8094796,0.70728946,0.47755852,0.93691087,0.55808854,0.60329896,0.88956964,0.5422826,0.6032475,0.89352167,0.5460748,0.71818435,0.8317379,0.5461717,0.8178367,0.9270366,0.58161503,0.6033073,0.93104833,0.5814538,0.7235292,0.8732629,0.57774574,0.8178436,0.9402042,0.5502543,0.39347655,0.9623977,0.5697608,0.39359123,0.9277487,0.5462059,0.39375517,0.4377082,0.5815508,0.398816,0.97002333,0.58163106,0.84922415,0.8692139,0.59337366,0.8440306,0.7841104,0.5738113,0.82313794,0.7377779,0.5501241,0.84922606,0.87099665,0.538445,0.8490672,0.79775226,0.546291,0.8281894,0.77076435
2023:03:04:19:56:19,up_90_1t_,44.29420733451843,72.96,75.10,177.83,85.01,0.5541821,0.3987043,0.9589211,0.5580902,0.446233,0.8856592,0.5188559,0.4460327,0.9267041,0.46394375,0.44615608,0.8593417,0.42069957,0.47213766,0.899323,0.6050911,0.4462338,0.88182443,0.65620023,0.46180114,0.80944544,0.70724946,0.47755647,0.9382868,0.5580761,0.6032959,0.89122176,0.54227316,0.6032459,0.89260006,0.5460727,0.7181865,0.83282983,0.5461673,0.8178462,0.9267872,0.5816037,0.6033048,0.93214166,0.5814498,0.72352797,0.8747083,0.5777489,0.81786054,0.94034487,0.5502624,0.39346176,0.95997274,0.5697779,0.39357314,0.9263394,0.54621977,0.39378417,0.48660475,0.5815423,0.3988054,0.96824545,0.58163357,0.849233,0.8693081,0.5933697,0.8440443,0.7850728,0.57382053,0.8231657,0.73852795,0.5501205,0.84923106,0.87195134,0.5384379,0.84907234,0.7971778,0.5462913,0.8281997,0.77054775
2023:03:04:19:56:19,up_90_1t_,44.3560426235199,72.96,75.11,177.81,85.00,0.5541769,0.39870247,0.9590324,0.5580971,0.44623604,0.88532984,0.5188619,0.4460401,0.9275973,0.46396485,0.4461587,0.85835916,0.42071828,0.47212318,0.8974274,0.6050906,0.44622558,0.88333213,0.65620285,0.46179712,0.81062514,0.70725745,0.4775624,0.93898344,0.5580665,0.60329145,0.8916974,0.54226285,0.6032439,0.89168704,0.546066,0.7131714,0.83242226,0.5461668,0.81786656,0.9277508,0.5815982,0.6032966,0.93218327,0.5814604,0.7235169,0.8746629,0.5777472,0.8178581,0.9405773,0.5502613,0.39346236,0.9595204,0.5697694,0.3935737,0.9253718,0.5462231,0.39378247,0.4762628,0.58153504,0.3988088,0.9675911,0.5816622,0.84922457,0.8694581,0.59339076,0.8440155,0.78400445,0.5738063,0.82316226,0.73145646,0.5501688,0.8492286,0.8662988,0.5384935,0.84909225,0.79746217,0.54626954,0.82822835,0.7729496
2023:03:04:19:56:19,up_90_1t_,44.41987180709839,72.95,75.09,177.81,85.43,0.55418104,0.3939748,0.958688,0.5580987,0.44623032,0.88560224,0.5188619,0.4460349,0.9273021,0.46396947,0.446183,0.8561712,0.4207296,0.4721402,0.8985754,0.6050908,0.4462172,0.8844458,0.65621346,0.46181712,0.8105048,0.70726186,0.47756705,0.9375982,0.5580713,0.6033066,0.8917872,0.5422667,0.6032595,0.89248586,0.54607373,0.7181968,0.8333806,0.5461693,0.8178646,0.9274452,0.5816027,0.60331255,0.9324608,0.58145875,0.7235279,0.8733239,0.5777468,0.81784993,0.93880785,0.5502684,0.39345208,0.957572,0.5697782,0.3935678,0.9254643,0.5462318,0.39377856,0.48296154,0.58153623,0.39880684,0.96638834,0.5816447,0.8492181,0.86766374,0.59337825,0.8440174,0.78252536,0.5738108,0.82314116,0.73418474,0.5501495,0.849232,0.86831367,0.5384753,0.84908897,0.7968835,0.54628193,0.8282199,0.7723875
2023:03:04:19:56:19,up_90_1t_,44.47971153259277,72.95,75.12,177.82,85.00,0.5541722,0.39871743,0.95983255,0.5580999,0.4462358,0.88504595,0.51885784,0.4460483,0.9262631,0.46395674,0.44617277,0.85778564,0.42071033,0.47211698,0.896628,0.6050898,0.4462162,0.8833911,0.65618795,0.46181694,0.8096123,0.7072708,0.47756648,0.9394015,0.55808383,0.60332304,0.8902366,0.5422729,0.6032778,0.8930918,0.54607147,0.71823615,0.832851,0.5461719,0.81786186,0.9270701,0.5816181,0.60332835,0.9305568,0.5814635,0.7235606,0.87685066,0.5777462,0.8178481,0.93797797,0.5502594,0.39347407,0.96112454,0.5697681,0.3935908,0.9273237,0.546213,0.3937722,0.4613983,0.5815397,0.3988213,0.9658595,0.5816546,0.8492115,0.8638219,0.59339035,0.84401125,0.7809872,0.5738101,0.8231382,0.73398477,0.5501451,0.8492311,0.86686313,0.53846896,0.8490866,0.7955967,0.5462842,0.8282164,0.77081263
2023:03:04:19:56:19,up_90_1t_,44.53556227684021,72.93,75.12,177.81,85.03,0.55418134,0.3987109,0.9585188,0.55809176,0.4462325,0.88609403,0.5188508,0.44605073,0.9266773,0.46395683,0.4461783,0.8586265,0.4207127,0.47211406,0.8974278,0.6050808,0.4461953,0.88434905,0.65618074,0.46177688,0.80998844,0.7072621,0.47757092,0.94097257,0.5580816,0.60332054,0.89048755,0.5422669,0.60327744,0.89199996,0.5460757,0.7182507,0.834361,0.54617006,0.8178646,0.9262123,0.5816214,0.6033243,0.9301042,0.58146715,0.723559,0.8778796,0.57773894,0.8178619,0.93751043,0.5502614,0.39346904,0.96001744,0.56977254,0.39358014,0.9258005,0.5462196,0.39380056,0.5085978,0.5815246,0.39881316,0.96431535,0.5816579,0.8492223,0.8652121,0.5933846,0.84402704,0.78223085,0.5738,0.8231519,0.732051,0.55015993,0.849227,0.8639493,0.5384864,0.84908575,0.79598933,0.5462754,0.82822233,0.76922977
2023:03:04:19:56:19,up_90_1t_,44.595401763916016,72.93,75.12,177.80,85.04,0.5541813,0.39870173,0.9583125,0.5580722,0.4462257,0.8876625,0.51884097,0.44603643,0.92894197,0.46394196,0.44617704,0.8590895,0.42071146,0.47211736,0.8984751,0.60505635,0.44619256,0.8832982,0.65238035,0.461807,0.81110096,0.707239,0.47757316,0.9416341,0.5580784,0.6032868,0.8918426,0.5422709,0.6032474,0.89336634,0.5460762,0.71821564,0.8341294,0.5461715,0.8178838,0.92830986,0.58161324,0.6032873,0.93100125,0.5814752,0.72351605,0.8764117,0.57774526,0.81786513,0.93870664,0.5502597,0.39346108,0.9588112,0.5697693,0.3935713,0.92413056,0.5462158,0.3938085,0.5279587,0.58151263,0.39881063,0.9637394,0.5816639,0.8492334,0.86822486,0.5933949,0.844034,0.78279245,0.57380515,0.8231619,0.72952664,0.55018044,0.8492342,0.8640058,0.53850603,0.849102,0.7976841,0.5462697,0.8282514,0.7712162
2023:03:04:19:56:20,up_90_1t_,44.6572368144989,72.94,75.11,177.80,85.47,0.5541904,0.3939734,0.95703924,0.5580717,0.4462361,0.88730013,0.5188355,0.4460434,0.9270744,0.46393988,0.4461586,0.85976243,0.42071992,0.4721276,0.8995638,0.60506076,0.4462097,0.8823283,0.65614766,0.46178088,0.81139004,0.707248,0.47758007,0.94119835,0.55806774,0.60329723,0.8917334,0.5422608,0.6032584,0.89070106,0.5460726,0.7182147,0.8336361,0.5461645,0.8178685,0.92883044,0.58160484,0.6032986,0.9316664,0.5814697,0.72351176,0.8753984,0.5777438,0.81785786,0.93987143,0.5502674,0.3934532,0.9575128,0.56978434,0.39356467,0.92426467,0.5462221,0.39381832,0.5478879,0.5815138,0.39881292,0.96282524,0.5816318,0.8492255,0.86852026,0.59336275,0.8440368,0.7832203,0.5738089,0.8231514,0.7343267,0.55014384,0.8492205,0.8699446,0.53846943,0.84907603,0.79802585,0.5462734,0.82822734,0.7706012
2023:03:04:19:56:20,up_90_1t_,44.71508169174194,72.94,75.10,177.81,85.46,0.55418205,0.39396995,0.9582051,0.5580737,0.44623357,0.88774306,0.51884586,0.446042,0.92702436,0.46396002,0.44616604,0.85767287,0.42075324,0.47213516,0.90180963,0.6050596,0.4462067,0.8827863,0.6561307,0.46179384,0.81175333,0.70724446,0.47758058,0.94157875,0.5580603,0.603267,0.89102226,0.54226226,0.6032263,0.88979685,0.546074,0.7131694,0.83301604,0.5461628,0.81785077,0.9294007,0.5815911,0.6032697,0.9306101,0.58145666,0.7235009,0.8733003,0.57774246,0.81784993,0.9391464,0.55026346,0.39345065,0.9578175,0.5697752,0.3935623,0.9236103,0.54622,0.39381468,0.537905,0.58151263,0.39881322,0.9647907,0.5816221,0.849216,0.8668362,0.59335095,0.8440277,0.78173786,0.5738095,0.82314074,0.7349906,0.550133,0.8492097,0.8694073,0.5384578,0.8490609,0.7963177,0.5462756,0.8282017,0.7711704
2023:03:04:19:56:20,up_90_1t_,44.772927045822144,72.94,75.10,177.81,85.04,0.5541822,0.39869875,0.9581378,0.5580825,0.44623014,0.8874585,0.5188489,0.44604844,0.9259343,0.46395716,0.44615194,0.8596701,0.42072874,0.47214887,0.90051925,0.6050671,0.44620866,0.8827785,0.6523722,0.46178898,0.8137247,0.70724684,0.47758278,0.9429711,0.5580623,0.60325736,0.8898512,0.5422627,0.60321677,0.8879214,0.54607356,0.71311873,0.83204514,0.5461632,0.8178317,0.92859906,0.5815924,0.60325766,0.92934644,0.5814583,0.723488,0.8713827,0.57774377,0.81783885,0.93837863,0.55026174,0.3934588,0.9579079,0.5697719,0.3935702,0.9239871,0.54621583,0.39381704,0.5268527,0.5815135,0.39881793,0.96273816,0.5816125,0.849199,0.8658154,0.59334177,0.8440136,0.78164244,0.5738149,0.82313025,0.73763806,0.5501113,0.84919536,0.8683292,0.53843415,0.84903544,0.79390043,0.54628366,0.82817805,0.7714945
2023:03:04:19:56:20,up_90_1t_,44.83276700973511,72.94,75.11,177.82,85.47,0.5541898,0.39396986,0.9570797,0.55808103,0.44622704,0.8875566,0.5188473,0.44603893,0.9271994,0.46396747,0.44613302,0.8622084,0.42075616,0.47211096,0.8995522,0.60506916,0.44620714,0.88349,0.652377,0.4618042,0.8131905,0.70724535,0.47757974,0.94285446,0.558056,0.60325116,0.8900884,0.54225796,0.60321236,0.88732296,0.5460747,0.7131209,0.83156973,0.5461688,0.81783205,0.92854726,0.58158576,0.6032515,0.92949003,0.58144546,0.723497,0.8718809,0.57774675,0.8178496,0.9369917,0.5502655,0.393451,0.95687854,0.5697832,0.3935605,0.92341495,0.546219,0.39382285,0.5555774,0.58151317,0.39881077,0.9618733,0.5816159,0.8492208,0.86601555,0.59335345,0.84403676,0.7818742,0.57382125,0.8231486,0.7357076,0.5501203,0.84921175,0.8714657,0.5384407,0.8490517,0.7967146,0.54628956,0.82817996,0.77049273
2023:03:04:19:56:20,up_90_1t_,44.894227266311646,72.93,75.10,177.82,85.04,0.5541933,0.39870125,0.95642763,0.5580836,0.44620878,0.88789064,0.5188551,0.44602007,0.92915046,0.46395758,0.4461359,0.86218846,0.42074063,0.472108,0.8991895,0.60506207,0.44619036,0.8839881,0.6523741,0.46178985,0.8138736,0.70724744,0.47758615,0.94323635,0.55806416,0.6032046,0.88837445,0.5422722,0.6031605,0.8879374,0.5460685,0.7130743,0.83084005,0.5461657,0.8178117,0.92897016,0.5815866,0.6032111,0.92745715,0.5814475,0.7234697,0.8694066,0.5777427,0.8178322,0.9368343,0.550264,0.3934613,0.9584959,0.5697818,0.3935678,0.92364204,0.5462156,0.39382568,0.558544,0.58151066,0.39880934,0.96279,0.581607,0.84920806,0.8691761,0.5933495,0.8440227,0.7841381,0.5738193,0.8231246,0.7370956,0.55011046,0.84918946,0.8686982,0.53842854,0.849025,0.7929488,0.54629284,0.8232022,0.7718278
2023:03:04:19:56:20,up_90_1t_,44.95168924331665,72.94,75.11,177.78,85.05,0.55419904,0.39870366,0.95579976,0.55806464,0.4462242,0.8870784,0.51884913,0.44601715,0.930315,0.46393847,0.44616735,0.8610608,0.42071924,0.4721066,0.8972516,0.6050476,0.44621384,0.8791408,0.6523394,0.4618291,0.81470513,0.707236,0.47758618,0.9437362,0.55805224,0.603214,0.88825166,0.54225814,0.60317653,0.885759,0.5460637,0.7131288,0.8292488,0.5461628,0.81787753,0.92584056,0.58157635,0.60321283,0.9276562,0.5814721,0.72345173,0.8680006,0.5777368,0.8178581,0.93827146,0.55026764,0.39346328,0.95875454,0.5697906,0.3935732,0.92471695,0.54621834,0.3938244,0.5659784,0.5815082,0.3988142,0.96118945,0.5816685,0.8492208,0.8667494,0.5933901,0.84401226,0.7816862,0.5737919,0.82316697,0.7272246,0.55017775,0.8492294,0.86145836,0.53850144,0.8490965,0.79503226,0.54625976,0.8282494,0.76944804
2023:03:04:19:56:20,up_90_1t_,45.007102727890015,72.94,75.11,177.79,85.03,0.5541929,0.3987033,0.95673126,0.55806965,0.44621664,0.88724375,0.51885176,0.4460099,0.93106973,0.46393204,0.44615942,0.86236066,0.42072064,0.4720933,0.8958391,0.60504854,0.44620723,0.8802125,0.6523399,0.4618378,0.81433165,0.707239,0.47758797,0.9433053,0.5580527,0.6032027,0.8878858,0.54225904,0.60315955,0.88524973,0.5460605,0.7131026,0.82853454,0.54615885,0.817878,0.92483103,0.5815766,0.6032074,0.9273876,0.5814661,0.7234368,0.8660376,0.57773554,0.8178542,0.9383726,0.55026484,0.39346343,0.95911545,0.56978256,0.39357254,0.92438835,0.5462188,0.39381775,0.5533528,0.5815077,0.39881006,0.9625943,0.58166564,0.8492119,0.86395216,0.59338397,0.84400225,0.77934235,0.573788,0.8231593,0.7270004,0.5501716,0.84922016,0.8593488,0.5384984,0.8490871,0.79257363,0.5462558,0.82824975,0.7684473
2023:03:04:19:56:20,up_90_1t_,45.06694293022156,72.94,75.09,177.80,85.01,0.55418193,0.39869547,0.958107,0.5580769,0.44621536,0.886603,0.5188547,0.4460081,0.9308138,0.46393093,0.44618323,0.85836494,0.42071176,0.4721132,0.8945255,0.60505575,0.4462072,0.88040274,0.65236545,0.46181193,0.8126308,0.7072461,0.47758257,0.9454578,0.55804896,0.60318244,0.88671595,0.5422549,0.60313666,0.88461965,0.54606026,0.71307796,0.8295743,0.5461596,0.8178765,0.9246768,0.5815725,0.60318816,0.92548585,0.5814524,0.7234367,0.86871773,0.5777307,0.8178555,0.93669575,0.5502613,0.3934577,0.9580607,0.5697717,0.39356896,0.92384183,0.54621756,0.39381135,0.5334896,0.5815065,0.39881355,0.9651642,0.5816758,0.84923387,0.863827,0.5934101,0.8440152,0.7786458,0.57378256,0.8231659,0.7218638,0.5501804,0.849234,0.8620754,0.53849804,0.8491001,0.79616964,0.54624873,0.8282561,0.767393
2023:03:04:19:56:20,up_90_1t_,45.128777503967285,72.94,75.11,177.82,84.99,0.55418235,0.39870596,0.9583746,0.55808824,0.44620326,0.8866138,0.51886195,0.44599307,0.9316204,0.46392563,0.4461388,0.86499375,0.42069197,0.47207323,0.89298546,0.6050678,0.4462016,0.8818263,0.6561657,0.46176532,0.811768,0.7072569,0.47758162,0.9456258,0.5580484,0.60316336,0.884974,0.5422563,0.60311216,0.88302207,0.54606336,0.71302336,0.8297322,0.5461599,0.81782264,0.9269475,0.58156717,0.60317343,0.9240702,0.58144695,0.72343045,0.8689958,0.577751,0.8178459,0.9367931,0.55026156,0.39346942,0.95976436,0.56976974,0.39357835,0.9251996,0.5462181,0.39381266,0.52837044,0.5815083,0.39881164,0.96556926,0.5816269,0.84922427,0.8658986,0.5933786,0.84403455,0.78078735,0.57382923,0.82315797,0.73196393,0.55011386,0.8492063,0.86862063,0.5384258,0.84904116,0.7936632,0.5462823,0.8281726,0.76881135
2023:03:04:19:56:20,up_90_1t_,45.18662214279175,72.95,75.10,177.81,84.98,0.55418444,0.39872956,0.9587111,0.5580847,0.4461882,0.88690543,0.51885915,0.44596878,0.93374455,0.46390688,0.44612384,0.86757624,0.4206785,0.4720685,0.8933701,0.60507387,0.44619873,0.88214993,0.656162,0.46177784,0.81241536,0.7072402,0.47755224,0.94864756,0.5580473,0.60314673,0.8836887,0.54226196,0.6030853,0.88275653,0.5460581,0.7079473,0.82707506,0.5461596,0.81782377,0.9273872,0.5815635,0.6031675,0.92286384,0.58144623,0.7234027,0.8664236,0.5777471,0.81783915,0.9379526,0.5502596,0.393493,0.9637818,0.5697721,0.39359835,0.9271652,0.54621214,0.39382023,0.5302056,0.5815093,0.39882147,0.9646986,0.581646,0.8492198,0.86750543,0.59339935,0.84401417,0.7812599,0.57381874,0.8231502,0.7304207,0.5501345,0.8492151,0.86572385,0.5384485,0.849057,0.79245466,0.5462739,0.82817847,0.7690978
2023:03:04:19:56:20,up_90_1t_,45.24446749687195,72.96,75.09,177.81,84.97,0.5541772,0.3987313,0.95974755,0.5580908,0.44618237,0.88666457,0.51886946,0.44596553,0.9334843,0.46392345,0.44613603,0.8661852,0.42070696,0.4720767,0.899161,0.60506564,0.44619322,0.88128024,0.65613467,0.46176997,0.8120017,0.70722985,0.47753677,0.9507581,0.558055,0.60310584,0.88231206,0.54226756,0.6030384,0.88164127,0.5424609,0.7078825,0.82960945,0.5461566,0.8178106,0.928778,0.58157045,0.60313225,0.9220842,0.581447,0.7233803,0.8658771,0.5777428,0.8178326,0.93855053,0.5502587,0.39349622,0.96421725,0.5697633,0.39360198,0.9266005,0.54621506,0.39381343,0.5104376,0.5815107,0.3988246,0.9648591,0.5816353,0.84921855,0.8690865,0.5933858,0.84401304,0.78177077,0.573816,0.82314795,0.73193777,0.55013144,0.849206,0.869673,0.5384446,0.8490458,0.7955824,0.5462731,0.8232178,0.7711841
2023:03:04:19:56:20,up_90_1t_,45.30430769920349,72.97,75.09,177.82,84.96,0.5541731,0.3987402,0.9601139,0.55809647,0.44618866,0.8859931,0.5188722,0.4459725,0.9328669,0.4639051,0.4461333,0.866341,0.42067823,0.47208968,0.89845467,0.60507464,0.44620293,0.8810654,0.65617555,0.46175748,0.81101006,0.70724785,0.47753322,0.94844764,0.55805755,0.60311663,0.88296413,0.54227203,0.6030522,0.8837874,0.54246306,0.70791084,0.83071005,0.5461534,0.8178494,0.92784363,0.58157045,0.6031415,0.9220262,0.58144164,0.7234005,0.8699976,0.5777387,0.8178498,0.93915814,0.55025536,0.39350536,0.96585935,0.5697596,0.39361057,0.927137,0.54620975,0.39381403,0.5014947,0.5815094,0.3988294,0.9653503,0.5816562,0.849233,0.86830735,0.59340143,0.84401625,0.78105557,0.57380116,0.8231669,0.7276946,0.55015683,0.8492251,0.8687267,0.5384765,0.8490766,0.79796135,0.5462551,0.8282218,0.77101827
2023:03:04:19:56:20,up_90_1t_,45.36614227294922,72.97,75.08,177.82,84.97,0.5541883,0.3987429,0.9579346,0.558098,0.44618976,0.8855192,0.5188756,0.44597277,0.93241423,0.46391335,0.4461238,0.86824965,0.4206883,0.47210836,0.8998429,0.60507184,0.44619775,0.88189816,0.65615207,0.46175823,0.8117425,0.70724165,0.4775233,0.9484415,0.5580517,0.6030869,0.8812448,0.542268,0.6030219,0.87968457,0.54606247,0.70788324,0.83287716,0.5461566,0.8178304,0.93000126,0.581568,0.6031118,0.92107785,0.5814409,0.72337055,0.8688915,0.5777403,0.81784743,0.9406001,0.5502632,0.39350933,0.96553504,0.56977355,0.39361128,0.9273519,0.54621947,0.3938274,0.52298284,0.581509,0.39882708,0.96335864,0.5816417,0.84923613,0.8728168,0.5933886,0.84402287,0.7845284,0.57381237,0.8231707,0.730288,0.5501504,0.8492103,0.87140006,0.5384654,0.849057,0.7992098,0.5462618,0.8281985,0.7714707
2023:03:04:19:56:20,up_90_1t_,45.423987865448,72.96,75.09,177.82,84.95,0.5541746,0.39874923,0.959241,0.5581012,0.446179,0.8860956,0.51887786,0.44596276,0.9333385,0.46391553,0.44609228,0.87214756,0.42068294,0.47209865,0.8993081,0.60507363,0.44619083,0.8832115,0.6561809,0.46176597,0.8124692,0.70725465,0.47751784,0.94777465,0.5580751,0.6030725,0.87992585,0.54228854,0.6030032,0.88239133,0.546058,0.7078272,0.833303,0.5461589,0.8178117,0.9301569,0.5815869,0.60310197,0.92024416,0.58145005,0.7233577,0.8682977,0.5777498,0.8178393,0.9408397,0.5502533,0.39351782,0.96767056,0.5697547,0.39361516,0.9258599,0.5462077,0.39382342,0.5091654,0.5815004,0.39882752,0.9657605,0.58162653,0.84922284,0.87124795,0.59338063,0.84401834,0.78317153,0.57383096,0.8231613,0.73448545,0.550129,0.849198,0.87140363,0.5384438,0.8490347,0.79578793,0.54628015,0.8232207,0.7708946
2023:03:04:19:56:20,up_90_1t_,45.48183274269104,72.96,72.50,178.25,77.98,0.55418444,0.39874446,0.95817566,0.5580979,0.44616345,0.88717186,0.5188734,0.4411342,0.935332,0.46392956,0.4460843,0.8738279,0.42070368,0.4720625,0.8986692,0.60506946,0.44617966,0.8837986,0.65617347,0.46173957,0.813728,0.7072506,0.47752175,0.9480728,0.55805343,0.60305,0.87864375,0.54227656,0.6029803,0.877997,0.54245234,0.7077746,0.83376324,0.5461648,0.81776464,0.9306158,0.5815644,0.6030816,0.9194763,0.57788795,0.718368,0.8641653,0.5777595,0.8178174,0.9401075,0.55025965,0.3935133,0.9663429,0.5697663,0.39361006,0.9260804,0.5462143,0.39382413,0.5179971,0.5815056,0.3988221,0.96385914,0.5815857,0.84921074,0.8699115,0.593362,0.84402496,0.7826728,0.5738613,0.823143,0.74266374,0.55007637,0.84917444,0.87654245,0.5383768,0.84406507,0.79412526,0.54631346,0.8231634,0.7720935
2023:03:04:19:56:20,up_90_1t_,45.54366731643677,72.96,72.50,178.25,77.97,0.55418,0.39874938,0.9585168,0.5581036,0.44615835,0.88648087,0.5188763,0.44113085,0.93552244,0.46393117,0.4460716,0.8750273,0.42070234,0.47205853,0.8995432,0.60507333,0.4461849,0.88386023,0.6561614,0.4617381,0.8145512,0.7072504,0.47752377,0.9487344,0.55806917,0.60304093,0.877414,0.5422922,0.6029653,0.87937987,0.5424634,0.7077718,0.8346132,0.5461644,0.8177477,0.93057233,0.5815758,0.60307705,0.9194267,0.5778913,0.7183755,0.8652626,0.57774913,0.8178115,0.93920135,0.55025643,0.39351818,0.96702564,0.56975913,0.39361373,0.9257902,0.5462093,0.39382255,0.508637,0.5815044,0.39882421,0.96311945,0.5815741,0.84919655,0.8682173,0.5933415,0.84401137,0.78192645,0.57385,0.82313025,0.74238247,0.5500711,0.84915173,0.8756437,0.53837043,0.84403527,0.7942342,0.54631007,0.8231417,0.77297944
2023:03:04:19:56:20,up_90_1t_,45.60749673843384,72.95,72.50,178.24,77.98,0.5541878,0.39874256,0.9575334,0.558099,0.44616663,0.88720983,0.51887095,0.44113865,0.9353063,0.46392187,0.446074,0.8754507,0.42069727,0.47207394,0.9012013,0.60507596,0.44618204,0.8844482,0.65617245,0.46174636,0.81437355,0.70724803,0.47752675,0.94963765,0.5580833,0.6030629,0.8786212,0.542312,0.6029895,0.884773,0.5460587,0.70778877,0.8348764,0.546163,0.81774414,0.92991185,0.5815803,0.6030949,0.9200239,0.5778807,0.7183835,0.8655031,0.57775193,0.81780714,0.94003356,0.5502596,0.39351106,0.965997,0.56977046,0.3936082,0.92589676,0.5462075,0.3938322,0.5322979,0.5815017,0.39882547,0.96123636,0.5815486,0.8491845,0.8675537,0.589564,0.8439877,0.78249437,0.5738618,0.82312906,0.745936,0.5464868,0.84914,0.8769809,0.53834754,0.8440111,0.79142773,0.54632187,0.8231324,0.77236974
2023:03:04:19:56:21,up_90_1t_,45.66534233093262,72.96,72.50,178.25,77.97,0.5541852,0.39873725,0.95764947,0.5580958,0.44617525,0.8870791,0.51886797,0.44114015,0.93442976,0.46392253,0.4460694,0.8756175,0.42068306,0.4720828,0.90045,0.6050733,0.44619542,0.882608,0.6561618,0.4617652,0.81224376,0.70725626,0.47751734,0.94910264,0.55808467,0.60307163,0.8782802,0.54231566,0.6029979,0.8856696,0.54606247,0.70781434,0.83408713,0.5461693,0.8177534,0.93085146,0.5815794,0.6031017,0.9193859,0.57789445,0.7183928,0.866506,0.57776064,0.8178179,0.9398103,0.5502587,0.3935073,0.965155,0.5697665,0.39360407,0.9249364,0.5462085,0.39383972,0.5359912,0.5814979,0.39882782,0.9618107,0.5815744,0.84920216,0.87002945,0.5933464,0.8440245,0.7837376,0.5774666,0.82314587,0.7446457,0.5500597,0.8491515,0.8735309,0.53835875,0.8440308,0.7907593,0.54632264,0.8231455,0.772068
2023:03:04:19:56:21,up_90_1t_,45.721193075180054,72.96,72.51,178.24,77.97,0.5541849,0.3987376,0.9568789,0.55809355,0.44616532,0.88735414,0.51886815,0.44112796,0.93595153,0.4639051,0.44606328,0.87595326,0.42066652,0.4720745,0.8958153,0.60506743,0.44618756,0.8839128,0.65614605,0.46178016,0.8123062,0.70724374,0.47750574,0.9482406,0.55808806,0.6030518,0.8765677,0.5423188,0.60297906,0.8837229,0.5424649,0.7077962,0.83419204,0.5461645,0.8177468,0.9311411,0.58158094,0.6030825,0.9187566,0.5778863,0.71835953,0.86441165,0.5777536,0.81780624,0.9390451,0.5502561,0.39350873,0.9649466,0.5697618,0.39360133,0.9234935,0.546204,0.39385062,0.5463476,0.5814918,0.39882758,0.9617506,0.5815634,0.8491915,0.8716517,0.59333515,0.8440136,0.784197,0.57386035,0.8231283,0.7438758,0.54649156,0.84915024,0.8749434,0.5383517,0.84403116,0.79186153,0.5463181,0.82314086,0.7730967
2023:03:04:19:56:21,up_90_1t_,45.779038190841675,72.96,72.49,178.24,77.96,0.5541799,0.398727,0.95711344,0.5580987,0.44617343,0.8864583,0.51887006,0.44113627,0.9339054,0.463894,0.44608146,0.87362033,0.42065793,0.47211078,0.8954284,0.6050738,0.44619274,0.8837086,0.6561469,0.4617779,0.8119046,0.7072472,0.4775118,0.94861317,0.5580911,0.6030698,0.8772181,0.54232615,0.6029985,0.8858228,0.546059,0.70780206,0.8348164,0.5461614,0.81775737,0.930666,0.5815793,0.60309863,0.9192339,0.5778805,0.71838593,0.8656023,0.57774526,0.8178091,0.93893397,0.5502539,0.39349988,0.9633445,0.5697566,0.39359227,0.92225266,0.5462032,0.3938504,0.5350949,0.5814911,0.3988277,0.9613629,0.581578,0.8491929,0.8684703,0.59334135,0.84400713,0.7817156,0.5738439,0.82313406,0.741215,0.5500721,0.8491541,0.8750798,0.53837115,0.844046,0.7938619,0.54630417,0.82315797,0.7722913
2023:03:04:19:56:21,up_90_1t_,45.8408727645874,72.96,72.51,178.24,77.96,0.5541788,0.3987193,0.95723706,0.5580973,0.4461773,0.8867507,0.5188772,0.4411411,0.9340274,0.46389565,0.4460659,0.8757436,0.42065975,0.47209692,0.8966893,0.6050676,0.44619745,0.88293403,0.6561485,0.4617731,0.8129556,0.7072433,0.4775231,0.94920814,0.558095,0.6030635,0.8771395,0.5423317,0.602996,0.8861787,0.5460701,0.7077987,0.8366582,0.54616857,0.8177596,0.9311457,0.581582,0.6030891,0.92001224,0.5778825,0.7183641,0.86524296,0.5777471,0.817803,0.93920845,0.5502543,0.39349157,0.9622629,0.5697561,0.39358675,0.921697,0.54620296,0.39384618,0.5375068,0.581488,0.39882672,0.9615606,0.581582,0.84918123,0.8661901,0.5933393,0.8439865,0.7794359,0.5738454,0.82312536,0.74046695,0.5500854,0.849158,0.8748423,0.5383907,0.8440534,0.79487747,0.54630774,0.82315904,0.7729448
2023:03:04:19:56:21,up_90_1t_,45.8987181186676,72.94,72.51,178.25,77.95,0.5541671,0.39873013,0.95836234,0.55810577,0.4461734,0.8868568,0.5188859,0.44114283,0.93333036,0.4638996,0.44607127,0.8743413,0.42067412,0.47209126,0.8974955,0.60507333,0.446185,0.88458675,0.65618074,0.46172053,0.8156718,0.70726615,0.47754714,0.9496169,0.55809456,0.6030835,0.8788012,0.54233193,0.6030192,0.88880336,0.5460648,0.70785165,0.83436,0.5461681,0.8177772,0.92867386,0.5815808,0.6031044,0.92076,0.57789105,0.71838397,0.86648977,0.5777453,0.8178041,0.9396891,0.55024713,0.3935047,0.9637978,0.5659961,0.3935966,0.92227924,0.54620224,0.3938433,0.5129507,0.58148754,0.3988246,0.9632182,0.58158165,0.8491854,0.87041193,0.5933408,0.84398997,0.7830461,0.57384014,0.8231199,0.74084157,0.55007946,0.8491671,0.87085825,0.5383859,0.84406507,0.7899897,0.5463132,0.8231804,0.7694454
2023:03:04:19:56:21,up_90_1t_,45.956562995910645,72.96,72.50,178.24,77.93,0.55416447,0.3987302,0.9578282,0.5581003,0.4461872,0.8861448,0.5188713,0.44114217,0.9353827,0.46388432,0.44606584,0.8739904,0.42067033,0.47208545,0.8936422,0.60508156,0.44620657,0.88447887,0.65616983,0.46176177,0.8149208,0.7072558,0.47754827,0.94912845,0.5580695,0.6030733,0.8813155,0.5423126,0.6030067,0.8875755,0.5460629,0.7077989,0.83767694,0.5461634,0.8177414,0.9311119,0.5815627,0.60309935,0.9235728,0.5778723,0.7183641,0.86571497,0.57773596,0.81777626,0.940938,0.5502433,0.39349863,0.96290886,0.5659976,0.39359495,0.9220253,0.5461922,0.39383197,0.5055423,0.5814918,0.39882603,0.9612516,0.58160096,0.8491628,0.86954916,0.5933579,0.84394723,0.78111017,0.5738245,0.82309043,0.74260443,0.55010355,0.8491436,0.8738492,0.5384104,0.84404635,0.7948837,0.546294,0.82313687,0.77546775
2023:03:04:19:56:21,up_90_1t_,46.01827073097229,72.96,72.51,178.24,77.94,0.55416703,0.39873362,0.9578859,0.5581032,0.44618738,0.88589144,0.51887655,0.44114617,0.93516225,0.46389565,0.44607008,0.873313,0.42068088,0.47206607,0.8946325,0.60508364,0.4462028,0.8851225,0.6561656,0.46178028,0.814617,0.7072617,0.47754213,0.9489153,0.5580772,0.6030939,0.88221973,0.54232097,0.60303146,0.8903358,0.54606783,0.707834,0.83866817,0.5461616,0.817755,0.9309701,0.58156586,0.60311526,0.9242453,0.5778706,0.71837324,0.8666865,0.5777367,0.8177815,0.94157755,0.55024475,0.39350307,0.9640088,0.56600034,0.39359853,0.92253757,0.54619217,0.39383507,0.51379514,0.5814918,0.39882633,0.9612392,0.5816011,0.84916335,0.8711105,0.59335566,0.84394974,0.7822752,0.5738243,0.8230971,0.7438508,0.5500987,0.84914774,0.8745527,0.5384065,0.8440523,0.7951577,0.5462949,0.8231542,0.7756223
2023:03:04:19:56:21,up_90_1t_,46.0801055431366,72.97,75.09,178.24,84.91,0.5541568,0.3987409,0.9589163,0.5581015,0.44619203,0.8857882,0.51887727,0.44596273,0.93495786,0.4639176,0.44608468,0.87086713,0.42069846,0.47208935,0.90086055,0.60508215,0.4462108,0.88336825,0.6561648,0.46181047,0.812773,0.7072606,0.4775244,0.94929767,0.55808127,0.6031273,0.8821738,0.5423263,0.603067,0.8919871,0.5460663,0.7078587,0.8361706,0.54615885,0.81774884,0.92913437,0.58156586,0.6031471,0.9235319,0.577872,0.7184046,0.8653799,0.5777411,0.8177831,0.94081914,0.55024016,0.3935112,0.96482307,0.5659891,0.39360732,0.9231472,0.54619026,0.39383653,0.49939567,0.5814902,0.39883742,0.96322316,0.58159393,0.84915626,0.86602134,0.593345,0.8439494,0.77905047,0.5738316,0.82309574,0.745935,0.5500829,0.84913707,0.8732841,0.5383919,0.8440366,0.7930553,0.54629594,0.82314193,0.77485573
2023:03:04:19:56:21,up_90_1t_,46.137951374053955,72.98,72.51,178.31,77.93,0.55416673,0.39873487,0.9583341,0.55810606,0.44619286,0.88551855,0.5188775,0.4411471,0.9353529,0.46390882,0.44607204,0.8726257,0.4206834,0.47207853,0.8981913,0.6050898,0.4462204,0.8832012,0.6561669,0.46183524,0.8095529,0.70727444,0.4775155,0.9468658,0.5580931,0.60314167,0.8829354,0.54233545,0.6030819,0.8937626,0.5460684,0.70788676,0.83554596,0.5461683,0.81774956,0.9302418,0.58157533,0.60316443,0.924281,0.57786894,0.7233784,0.86709535,0.5777452,0.8177937,0.939981,0.5502472,0.3935043,0.9642568,0.56600374,0.39360353,0.9233672,0.54619724,0.39383397,0.5075723,0.58149785,0.3988359,0.9628298,0.5815969,0.8491651,0.8663559,0.5933531,0.8439627,0.7799393,0.5738418,0.8231093,0.7448604,0.55009484,0.84913486,0.8731197,0.5384045,0.8440324,0.7944603,0.5463058,0.82314044,0.77396506
2023:03:04:19:56:21,up_90_1t_,46.19579601287842,72.98,75.09,178.32,84.92,0.5541698,0.39872813,0.95846474,0.55811083,0.4461901,0.88543427,0.5188786,0.44596386,0.93446285,0.4638936,0.44608003,0.87301975,0.42066047,0.4721072,0.8987519,0.6050905,0.44621348,0.8842287,0.6561827,0.4618,0.8107571,0.7072759,0.47751805,0.9470846,0.5580867,0.6031405,0.8827697,0.54232943,0.60308176,0.8918801,0.5460675,0.7078884,0.8355675,0.5461681,0.81776744,0.92972803,0.58157045,0.60316193,0.92391074,0.5778718,0.72337824,0.8656621,0.5777428,0.8178046,0.939367,0.5502521,0.3934988,0.9628977,0.5660054,0.3935979,0.9231248,0.5462061,0.39383072,0.5031082,0.5815002,0.3988313,0.96369314,0.5815931,0.8491701,0.8650218,0.5933404,0.8439697,0.77895916,0.573838,0.8231172,0.74359226,0.550103,0.8491506,0.8743871,0.53841656,0.8440583,0.7957602,0.54630274,0.82316375,0.7720497
2023:03:04:19:56:21,up_90_1t_,46.25723075866699,72.97,75.09,178.32,84.95,0.55418086,0.39873523,0.95668656,0.5581041,0.44619635,0.88571954,0.5188746,0.4459716,0.9337743,0.46390605,0.44609317,0.8718046,0.4206637,0.47210512,0.89886856,0.60508794,0.44621524,0.8834733,0.65619195,0.46178246,0.8103751,0.7072814,0.47752184,0.9454138,0.5580868,0.60314834,0.882954,0.5423246,0.6030915,0.89164305,0.5460664,0.7079079,0.8344674,0.54616696,0.81776553,0.9291225,0.5815726,0.60316676,0.92398345,0.5778796,0.7233942,0.8666968,0.57775235,0.8178067,0.93980974,0.5502551,0.39350495,0.96358234,0.5697616,0.39359978,0.92376137,0.5462061,0.39384213,0.52453864,0.5815022,0.3988291,0.96235484,0.5815909,0.8491713,0.86554915,0.5933437,0.84397703,0.77957827,0.5738509,0.8231178,0.7453554,0.5500912,0.8491499,0.8752146,0.5384037,0.84405154,0.7949096,0.54630816,0.82315713,0.7715266
2023:03:04:19:56:21,up_90_1t_,46.31906533241272,72.98,72.49,178.23,77.94,0.55417687,0.39872497,0.95769316,0.55810726,0.4461812,0.8863576,0.5188793,0.44113684,0.9365806,0.46389407,0.44608343,0.8717153,0.42066264,0.47210935,0.8981974,0.6050912,0.4462201,0.8838758,0.6562158,0.46178213,0.80954933,0.70729786,0.47752362,0.9424355,0.55807674,0.6031309,0.8826849,0.54232275,0.60307235,0.88917965,0.5460783,0.70788586,0.83703244,0.5461658,0.81774706,0.92978126,0.5815598,0.6031507,0.92496896,0.57786894,0.71840376,0.8635134,0.5777534,0.8177928,0.94050217,0.5502585,0.39349404,0.96193385,0.5697561,0.39359525,0.92379457,0.54621285,0.3938268,0.505211,0.58150476,0.39882758,0.9643763,0.5815712,0.84916484,0.86883646,0.5895799,0.84395874,0.78187394,0.57385796,0.8231099,0.7489718,0.55006325,0.849143,0.8774821,0.5383692,0.84403116,0.7943921,0.54631674,0.82313645,0.7730108
2023:03:04:19:56:21,up_90_1t_,46.37691044807434,72.98,72.50,178.24,77.92,0.55416447,0.3987186,0.9584691,0.5581052,0.44617522,0.8864418,0.5188751,0.4411294,0.9373098,0.4639073,0.4460696,0.87284386,0.4206731,0.47206786,0.8948628,0.6050858,0.4462189,0.88360405,0.6562116,0.46178386,0.80908734,0.7072951,0.47752967,0.94240344,0.55808055,0.603126,0.8821006,0.54233,0.60306334,0.8890737,0.5460811,0.7078701,0.83759344,0.5461639,0.81775993,0.92768884,0.5815615,0.6031519,0.92518246,0.5778668,0.71839315,0.86325824,0.5777394,0.8177917,0.9401461,0.5502513,0.39348748,0.9607979,0.5659975,0.3935905,0.9225179,0.5462047,0.39381546,0.49284667,0.58149767,0.39882663,0.96416944,0.5816023,0.8491587,0.8647548,0.593346,0.8439531,0.77927434,0.57382643,0.82310826,0.7449614,0.55009055,0.84915686,0.8746754,0.53839844,0.84406114,0.7949178,0.5463,0.8231552,0.7725981
2023:03:04:19:56:21,up_90_1t_,46.43475556373596,72.97,72.50,178.24,77.93,0.5541644,0.39872143,0.95918375,0.55810624,0.44616646,0.88656485,0.5188734,0.44112748,0.9371449,0.46389017,0.44607767,0.8726532,0.4206732,0.47207388,0.8949137,0.6050903,0.44620448,0.88517153,0.65622026,0.46177474,0.80867845,0.7072887,0.4775234,0.94374895,0.5580829,0.6031276,0.88308823,0.54232985,0.6030656,0.8902345,0.5460782,0.70787376,0.8370806,0.54616576,0.8177422,0.9286824,0.581566,0.6031507,0.9256823,0.57787687,0.71839774,0.86382794,0.5777541,0.8177897,0.941778,0.5502505,0.39349067,0.96280456,0.56599736,0.39359218,0.9230696,0.54620373,0.39381483,0.49476945,0.58149934,0.39882442,0.965217,0.5815654,0.8491566,0.86786604,0.58957124,0.8439497,0.7819321,0.57385796,0.82310295,0.7503407,0.5464889,0.849141,0.8758908,0.53835624,0.84402364,0.79169905,0.54632026,0.82312596,0.7734925
2023:03:04:19:56:21,up_90_1t_,46.49858593940735,72.98,72.50,178.32,77.92,0.554159,0.39873204,0.9602268,0.55811006,0.446177,0.8853831,0.5188741,0.44113827,0.9361288,0.4638958,0.446091,0.871049,0.42068246,0.47207633,0.8957991,0.6050936,0.44621167,0.88510656,0.65618515,0.46179032,0.80922973,0.7072782,0.4775197,0.94565606,0.5580796,0.6031686,0.88555515,0.54231614,0.60311186,0.8911661,0.546065,0.71299034,0.83207655,0.5461652,0.81777585,0.9262615,0.5815697,0.60318756,0.92725074,0.57788193,0.72338563,0.86688703,0.57775337,0.8178201,0.9424796,0.5502486,0.39350182,0.96456206,0.5659925,0.39360535,0.92465764,0.54620284,0.39381212,0.4803499,0.5815003,0.39883748,0.9661426,0.5815736,0.849171,0.86759984,0.58956504,0.8439736,0.7847425,0.5738556,0.82314354,0.751119,0.54647756,0.8491701,0.8771544,0.5383494,0.8440575,0.7903546,0.54632676,0.8231669,0.76974446
2023:03:04:19:56:21,up_90_1t_,46.56241416931152,72.97,72.50,178.31,77.90,0.55414075,0.39873555,0.9624957,0.55810404,0.44617254,0.8858586,0.5188619,0.4411318,0.9383414,0.46388033,0.44609806,0.86968565,0.42066103,0.47206953,0.8933711,0.60509545,0.44620708,0.8854602,0.65619504,0.46179458,0.80954957,0.7072775,0.47751826,0.94590837,0.55807906,0.6031638,0.885623,0.54231125,0.60310405,0.89077246,0.54606503,0.7079432,0.83272755,0.54617023,0.81774163,0.9272955,0.5815699,0.60318637,0.9270759,0.57787275,0.7233943,0.86693,0.5777477,0.8177992,0.94058883,0.5502373,0.3935033,0.96679235,0.5659697,0.39360735,0.92552173,0.54619455,0.39378035,0.45049736,0.5815017,0.39883026,0.96753204,0.5815539,0.8491446,0.86243606,0.58954734,0.84394157,0.78202856,0.5738566,0.8231099,0.75295043,0.54647464,0.8491316,0.87800515,0.5345962,0.84399694,0.79110897,0.54633325,0.82312226,0.77152425
2023:03:04:19:56:21,up_90_1t_,46.62225413322449,72.97,72.52,178.31,77.92,0.55414474,0.39874274,0.9618612,0.5581071,0.44618014,0.88515276,0.5188617,0.44114617,0.93678224,0.46389076,0.44610915,0.86780757,0.4206846,0.47205728,0.89227825,0.6051094,0.44620785,0.886852,0.6562443,0.46178597,0.8115362,0.7072991,0.4775302,0.94228184,0.5580904,0.6031838,0.88655114,0.54231644,0.60313004,0.8930495,0.5460783,0.71300966,0.8333168,0.54617155,0.8177587,0.9271599,0.5815825,0.6032007,0.9279819,0.5778782,0.7234121,0.8673574,0.5777494,0.81781185,0.9412853,0.5502358,0.39350805,0.96701163,0.5659783,0.39361125,0.9259057,0.5461852,0.39378712,0.45250663,0.5815087,0.3988343,0.96631265,0.58155835,0.8491621,0.8637574,0.58954895,0.8439655,0.78252685,0.5738529,0.82312256,0.75054747,0.5464838,0.8491389,0.8754967,0.5383532,0.84401834,0.7916351,0.5463259,0.8231414,0.7710797
2023:03:04:19:56:22,up_90_1t_,46.6781051158905,72.96,75.09,178.32,84.91,0.5541404,0.3987401,0.96255744,0.5581024,0.44618514,0.8854134,0.5188614,0.44596526,0.9360015,0.4638998,0.44614282,0.863282,0.4206947,0.4721009,0.89525527,0.6051028,0.44620755,0.886696,0.65623367,0.4617502,0.81310415,0.70730114,0.4775481,0.9436275,0.5580856,0.6031772,0.8867167,0.5423102,0.60312057,0.89203703,0.5460798,0.7129936,0.83406866,0.5461645,0.8177691,0.926495,0.581579,0.60319656,0.9282291,0.57787687,0.7234173,0.8674124,0.57773656,0.81781936,0.9407577,0.5502342,0.39350748,0.96746385,0.56597066,0.39360923,0.926092,0.54618895,0.39378586,0.44832158,0.5815068,0.39882994,0.96759343,0.58157974,0.84917074,0.86362743,0.5895547,0.8439635,0.7824675,0.57382953,0.82313216,0.74749875,0.5500634,0.8491523,0.87497747,0.5383727,0.844045,0.79288733,0.5463056,0.8231584,0.77127725
2023:03:04:19:56:22,up_90_1t_,46.73794484138489,72.95,75.08,178.32,84.92,0.55414647,0.39874426,0.96220815,0.5580975,0.44619095,0.88519853,0.51885986,0.44597128,0.9358092,0.46389693,0.44616175,0.86244005,0.42069265,0.47211558,0.89538336,0.605101,0.44621354,0.8853627,0.6562585,0.46173003,0.81355214,0.70730597,0.4775676,0.9411362,0.5580876,0.60316545,0.88630813,0.54230684,0.6031072,0.8905786,0.5460865,0.707932,0.8368334,0.54616416,0.8177795,0.9281027,0.5815844,0.60318524,0.92790174,0.57787997,0.72338855,0.86571836,0.5777378,0.81782,0.9414652,0.55023813,0.39350998,0.9673752,0.5659795,0.39361405,0.92667115,0.54618955,0.39379275,0.4540892,0.58150923,0.39883286,0.9675539,0.5816252,0.8491736,0.8619338,0.5933479,0.8439678,0.7787051,0.57381856,0.82313806,0.7425962,0.5501115,0.84915864,0.8729888,0.53843033,0.84899116,0.7961674,0.54628557,0.8231769,0.77255666
2023:03:04:19:56:22,up_90_1t_,46.799779653549194,72.96,75.08,178.34,84.93,0.55414546,0.3987429,0.9622493,0.5580856,0.44618803,0.88656807,0.5188528,0.44596618,0.93653846,0.46390903,0.4461525,0.8623276,0.420704,0.47211206,0.8984171,0.6050918,0.44621623,0.8836938,0.6562458,0.46171787,0.81181103,0.707305,0.4775529,0.9420756,0.5580682,0.60317934,0.8877541,0.5422851,0.6031249,0.8869535,0.54608977,0.71301466,0.8365302,0.5461678,0.8178285,0.9268441,0.5815748,0.60319537,0.9297463,0.57788783,0.7234207,0.8670323,0.577735,0.81784797,0.93868047,0.5502382,0.39350742,0.967051,0.56597865,0.3936133,0.9266683,0.54619163,0.39378306,0.44953534,0.58150893,0.39883196,0.96876734,0.5816613,0.84919244,0.8611933,0.5933721,0.84397507,0.77897406,0.5738067,0.82316786,0.7346222,0.5501504,0.8491892,0.86773354,0.5384747,0.84904045,0.7968837,0.54627556,0.82818943,0.77129513
2023:03:04:19:56:22,up_90_1t_,46.857625246047974,72.98,75.09,178.34,84.92,0.55414623,0.39874566,0.96169615,0.55809623,0.44619885,0.8854249,0.51885396,0.44598103,0.93574953,0.4639138,0.44613498,0.864159,0.42068663,0.4721066,0.89588654,0.6050995,0.44622484,0.8844808,0.6561771,0.46179304,0.8076383,0.70727324,0.47752473,0.9457917,0.5580736,0.6031958,0.88841754,0.54229146,0.6031396,0.8893797,0.5460855,0.7130104,0.8359041,0.5461588,0.8177971,0.9262364,0.58157504,0.603214,0.9306198,0.5778906,0.7234101,0.86525714,0.57773215,0.81782085,0.93997514,0.5502386,0.3935093,0.96647274,0.5659785,0.39361554,0.92686546,0.54619396,0.39378205,0.44588593,0.58151054,0.3988325,0.96900725,0.5816232,0.8491714,0.8609754,0.5933415,0.8439624,0.77825934,0.57380587,0.8231291,0.73994124,0.55010825,0.8491682,0.8748569,0.5384251,0.8490049,0.79856944,0.5462776,0.82319856,0.7703683
2023:03:04:19:56:22,up_90_1t_,46.91299819946289,72.97,75.09,177.82,84.93,0.55414397,0.39874077,0.96219426,0.55809814,0.44620317,0.8850246,0.51885253,0.44599238,0.93406785,0.46391073,0.44614318,0.86228085,0.4206769,0.47212052,0.8975237,0.6050988,0.44622934,0.8844307,0.656171,0.46182433,0.8055185,0.707262,0.47751698,0.94612277,0.5580919,0.6032445,0.89031196,0.542306,0.60319346,0.89417,0.5460997,0.71311015,0.8384515,0.5461619,0.8178098,0.9249635,0.58159333,0.6032548,0.9330946,0.58144426,0.7234695,0.8702884,0.57772934,0.81784105,0.9390149,0.5502378,0.3935045,0.9666009,0.5659766,0.3936113,0.92659354,0.5461948,0.39377686,0.44429314,0.58151144,0.39883083,0.9688031,0.5816208,0.8491807,0.858115,0.5895784,0.8439578,0.7777147,0.57380277,0.82314,0.74046654,0.55010283,0.8491755,0.8740277,0.5384233,0.8490086,0.79759705,0.54628205,0.8232052,0.76935434
2023:03:04:19:56:22,up_90_1t_,46.9724006652832,72.97,75.12,177.81,84.97,0.55415726,0.39872664,0.96058387,0.5581086,0.44620326,0.8847585,0.5188619,0.44601384,0.9322495,0.4639275,0.44615054,0.8620689,0.42068484,0.47209764,0.8987123,0.6051,0.4462063,0.8872711,0.6562134,0.4617719,0.806679,0.7072778,0.47750765,0.94209206,0.5581125,0.6032449,0.89170635,0.5423258,0.60319656,0.89963675,0.54609877,0.7131246,0.838152,0.5461593,0.8178168,0.92720115,0.5816108,0.60325414,0.9348207,0.58145905,0.7234857,0.87398344,0.57773,0.8178392,0.94036585,0.550248,0.39349246,0.9632963,0.5659894,0.39359814,0.9250878,0.5462091,0.39379472,0.47093594,0.5815057,0.3988208,0.9656394,0.5816067,0.8491886,0.8669584,0.58956957,0.8439719,0.78425086,0.5738047,0.8231259,0.74207485,0.5500992,0.84917814,0.8722763,0.5384215,0.8490116,0.7947704,0.5462835,0.82320595,0.77144825
2023:03:04:19:56:22,up_90_1t_,47.03822469711304,72.97,75.12,177.79,84.99,0.55416834,0.39870661,0.9587923,0.5580984,0.4462154,0.8855464,0.5188652,0.44602346,0.9297313,0.4639387,0.44613218,0.8630227,0.42068848,0.47211495,0.8977,0.6050803,0.44621682,0.8833846,0.6562142,0.46172616,0.8040089,0.7072877,0.47752053,0.94062036,0.55811083,0.60325474,0.8922417,0.5423285,0.60321057,0.8996893,0.54610354,0.713169,0.8383055,0.5461595,0.81782985,0.9258271,0.5816054,0.60325634,0.93552125,0.58147514,0.7234798,0.87416434,0.57773733,0.81783926,0.9407909,0.55025434,0.39347327,0.9600116,0.56600434,0.3935808,0.92275864,0.54621404,0.3938158,0.502239,0.5815023,0.39882255,0.9636281,0.58160007,0.8491911,0.86917377,0.5895684,0.8439849,0.7865429,0.5738156,0.82312715,0.7438601,0.5500743,0.8491976,0.875505,0.5383944,0.8490222,0.7945802,0.54629326,0.8281712,0.77009135
2023:03:04:19:56:22,up_90_1t_,47.09607005119324,72.97,75.07,177.79,85.00,0.5541661,0.39870235,0.958994,0.55810636,0.44623378,0.8843413,0.51887584,0.44605818,0.9254545,0.4639681,0.44619837,0.8555203,0.4207491,0.47222686,0.9147791,0.60508835,0.44622624,0.8831134,0.6600602,0.4616781,0.80582166,0.70732397,0.47753093,0.9364971,0.5581236,0.60325813,0.8924988,0.54233766,0.6032157,0.90158117,0.546099,0.71819,0.8382834,0.54615015,0.81782246,0.92572296,0.5816157,0.6032573,0.9366644,0.58148694,0.723471,0.87400126,0.57774365,0.8178283,0.9435932,0.55025387,0.39347035,0.95898974,0.5660029,0.3935765,0.9222511,0.54621536,0.39382106,0.49364722,0.5815057,0.39882156,0.96415865,0.5815935,0.84918576,0.87148154,0.5895682,0.843979,0.7874581,0.57382345,0.82311404,0.74733734,0.54649216,0.8491884,0.87417966,0.5383685,0.84900457,0.7900796,0.54629123,0.82320863,0.77031875
2023:03:04:19:56:22,up_90_1t_,47.15391564369202,72.97,75.08,177.79,85.44,0.5541682,0.3939647,0.95888555,0.5581173,0.4462491,0.88342774,0.5188928,0.4460827,0.92232955,0.4639865,0.44622338,0.8521536,0.420756,0.47223985,0.9165665,0.6050926,0.44623303,0.88267314,0.6600729,0.46167582,0.8049198,0.7073284,0.4775305,0.9371151,0.55813456,0.6032965,0.893432,0.5423395,0.60325295,0.90450966,0.54609615,0.7182486,0.84101444,0.54616016,0.81783015,0.92810744,0.58163023,0.6032977,0.9371412,0.5814931,0.7234997,0.8783417,0.5777394,0.8178197,0.94354934,0.5502591,0.3934525,0.9566016,0.5697536,0.39355922,0.9214935,0.54622847,0.3938133,0.49279755,0.58151203,0.39881268,0.96514404,0.58160293,0.8491714,0.8722069,0.589574,0.84395933,0.7875311,0.5738142,0.8230955,0.7454155,0.5500732,0.8491744,0.87153167,0.53839684,0.8490033,0.7905866,0.54629475,0.82321656,0.77226466
2023:03:04:19:56:22,up_90_1t_,47.21375513076782,72.97,75.10,177.78,85.44,0.5541635,0.39397392,0.9590821,0.5581125,0.44624972,0.8834258,0.5188883,0.44608608,0.9214589,0.46397913,0.4462171,0.85364175,0.42075887,0.47221726,0.9116433,0.6050875,0.44622722,0.88270795,0.66005707,0.461678,0.8039693,0.70731777,0.47752237,0.93946624,0.55813354,0.6033255,0.89418095,0.54233694,0.6032831,0.90497875,0.54609716,0.7182961,0.8413509,0.54616475,0.8178468,0.92795056,0.5816355,0.6033269,0.93751496,0.5815039,0.7235353,0.8816212,0.5777376,0.8178322,0.9431757,0.5502547,0.3934593,0.9576386,0.56600577,0.39356583,0.921966,0.5462229,0.39380196,0.47983164,0.5815149,0.39880827,0.9643071,0.581614,0.8491837,0.87371945,0.5895801,0.8439707,0.78828037,0.57380694,0.82310575,0.74377257,0.55008304,0.8491921,0.870382,0.5384121,0.8490259,0.7916594,0.54629165,0.8281869,0.7726457
2023:03:04:19:56:22,up_90_1t_,47.277127265930176,72.98,75.12,177.78,85.44,0.55415577,0.39397222,0.9601208,0.5581103,0.4462407,0.8829255,0.51889133,0.4460823,0.9220409,0.46396515,0.44619152,0.85652125,0.42071405,0.4721823,0.90351784,0.6050851,0.44621602,0.8829074,0.6562774,0.46168306,0.7993224,0.7073093,0.4775093,0.9434303,0.5581217,0.6033252,0.89663124,0.5423392,0.603279,0.90820324,0.54609835,0.71830755,0.84275556,0.546174,0.8178066,0.93154144,0.5816226,0.6033323,0.9391961,0.5815004,0.72355217,0.8851739,0.5777428,0.8178184,0.94401574,0.5502504,0.39345872,0.9578335,0.565991,0.3935626,0.9220793,0.5462192,0.39379367,0.46478552,0.5815161,0.39879784,0.96607095,0.58156395,0.84917325,0.87900555,0.589542,0.8439743,0.7953601,0.5738299,0.8230757,0.7509964,0.5464818,0.84915787,0.8715751,0.538363,0.8440472,0.7873795,0.5463219,0.8231713,0.7761594
2023:03:04:19:56:22,up_90_1t_,47.334972620010376,72.99,75.11,177.78,85.02,0.55417436,0.39870596,0.9584619,0.55812,0.44624293,0.88149786,0.518901,0.44607896,0.9218043,0.46398485,0.44615972,0.8601304,0.4207343,0.4721764,0.90208054,0.6050957,0.4462349,0.88164616,0.66004735,0.4617129,0.79781055,0.70730627,0.47750795,0.94184613,0.55810666,0.60333437,0.8979236,0.54232687,0.60329455,0.9071083,0.54609585,0.7183186,0.8437097,0.54616827,0.817803,0.9326735,0.58161396,0.6033379,0.9403993,0.5814943,0.7235243,0.8816598,0.5777505,0.8178072,0.94635755,0.5502598,0.3934727,0.9585895,0.5697526,0.39357305,0.92340386,0.54622996,0.39380395,0.47661445,0.581524,0.3987993,0.9655642,0.5815242,0.8491701,0.88626075,0.5895108,0.84398645,0.8029175,0.5738481,0.8230652,0.7554839,0.54644185,0.8491515,0.8778404,0.5345691,0.84401727,0.78728807,0.5463308,0.8231634,0.77684724
2023:03:04:19:56:22,up_90_1t_,47.392818212509155,72.98,75.07,177.78,85.02,0.55417293,0.39869907,0.9582162,0.5581221,0.4462378,0.8816988,0.5189109,0.446081,0.91989547,0.4677442,0.4461867,0.8561235,0.42074326,0.4722376,0.9127303,0.6050876,0.44622234,0.88165754,0.6600515,0.46169236,0.7994528,0.70730007,0.47751805,0.94348717,0.55810106,0.60330796,0.8993944,0.5423254,0.60327107,0.90641266,0.5461047,0.71831876,0.84572655,0.5461728,0.81784046,0.9317188,0.5816115,0.60330975,0.9410611,0.58150417,0.7235097,0.8823134,0.57775927,0.81782216,0.94588137,0.55026037,0.39346674,0.9572185,0.5660065,0.3935688,0.92268884,0.5462331,0.39380068,0.4716501,0.5815217,0.39879537,0.9662713,0.58154804,0.84918356,0.8858975,0.58953553,0.84399396,0.7994209,0.57385397,0.8230855,0.7501932,0.54647523,0.8491799,0.8770462,0.53836113,0.8489945,0.78905404,0.5463254,0.8232127,0.7729301
2023:03:04:19:56:22,up_90_1t_,47.45265817642212,72.97,75.03,177.77,85.02,0.5541629,0.3986948,0.958735,0.55812126,0.44622475,0.8832217,0.51890147,0.4460743,0.9190948,0.46778408,0.44623452,0.85107505,0.42076814,0.47229898,0.9190852,0.60509145,0.44620594,0.8840391,0.66005784,0.4616888,0.8034568,0.70730436,0.4775365,0.9439447,0.55808824,0.6033029,0.89991355,0.5423115,0.6032733,0.90339124,0.54610986,0.71829927,0.84557897,0.54617774,0.8178434,0.9346255,0.58160734,0.6032961,0.9414301,0.58151335,0.72346824,0.8787285,0.5777727,0.8178117,0.946587,0.5502549,0.39345935,0.9569067,0.56599736,0.3935664,0.92309195,0.5462257,0.3937616,0.43772924,0.58152914,0.3987888,0.96864974,0.581549,0.84917545,0.88793415,0.58954525,0.84398645,0.79853296,0.5774753,0.82308567,0.74935114,0.5464772,0.8491773,0.877663,0.5383655,0.8489927,0.789238,0.5463334,0.8232167,0.775106
2023:03:04:19:56:22,up_90_1t_,47.51449251174927,72.97,75.02,177.77,85.00,0.5541483,0.39869684,0.95992553,0.55813056,0.44621113,0.8838691,0.5189152,0.44606903,0.9188264,0.46779698,0.44623378,0.85059,0.4207723,0.47229517,0.9197755,0.6050921,0.4461938,0.88462895,0.660078,0.46168384,0.8050026,0.707313,0.4775347,0.942966,0.5580846,0.6032927,0.90036356,0.5423118,0.6032618,0.9027215,0.5461127,0.7182976,0.8460918,0.546179,0.8178578,0.93456393,0.5816065,0.60328406,0.9416202,0.58152205,0.72345674,0.87824863,0.5777789,0.8178171,0.9475912,0.55024666,0.3934603,0.957173,0.5659804,0.39356837,0.92315865,0.5462166,0.3937421,0.4106477,0.58152986,0.39878607,0.97006893,0.5815707,0.8491769,0.8884014,0.58956426,0.8439824,0.79716563,0.5774758,0.82309693,0.7490488,0.54648674,0.8491874,0.8757923,0.53838223,0.8490068,0.7900272,0.5463296,0.8281797,0.7776807
2023:03:04:19:56:22,up_90_1t_,47.57233786582947,72.98,75.03,177.76,84.96,0.55414003,0.39870647,0.9601142,0.55815744,0.4461991,0.88226384,0.51893663,0.44606128,0.91783714,0.467789,0.44621265,0.853112,0.42076957,0.4722709,0.91658765,0.6051027,0.44619828,0.8852325,0.66007847,0.4616914,0.805156,0.70730066,0.47753415,0.94445324,0.55808634,0.60327464,0.9001688,0.54232,0.60324466,0.90283424,0.5461218,0.71828383,0.8463186,0.5461814,0.8178751,0.93324304,0.5816059,0.6032645,0.9413448,0.5815235,0.72344273,0.87685466,0.5777607,0.8178213,0.9457678,0.55024314,0.39346907,0.95723736,0.5659723,0.39357892,0.92402947,0.546213,0.3937344,0.38483292,0.58153665,0.39879197,0.97207594,0.58160245,0.84918946,0.88559544,0.5933385,0.84399927,0.7945457,0.5738337,0.82309365,0.74152815,0.5500852,0.8492003,0.8739635,0.5384267,0.8490361,0.7946955,0.5463091,0.8282117,0.77658224
2023:03:04:19:56:22,up_90_1t_,47.62818908691406,73.00,75.04,177.77,84.93,0.5541399,0.39871538,0.96101445,0.5581801,0.4462044,0.8789855,0.518947,0.44606218,0.91538686,0.46776164,0.4461699,0.8577424,0.4207465,0.47224846,0.9129084,0.6051197,0.4462255,0.8841806,0.6600727,0.4617348,0.8019592,0.70729285,0.47753176,0.9445001,0.55809045,0.60328466,0.90102494,0.5423219,0.603249,0.9046116,0.5461257,0.7182877,0.84920657,0.5461711,0.81785905,0.9338781,0.5816121,0.6032825,0.94108593,0.5815166,0.723455,0.87920725,0.5777658,0.8178085,0.9471552,0.55024594,0.39348018,0.9588662,0.56597596,0.39359084,0.92555195,0.5462195,0.39374405,0.37318593,0.58154595,0.39880535,0.9706659,0.58157223,0.8491726,0.8840351,0.5895657,0.8439746,0.7947102,0.57385045,0.8230804,0.7464262,0.54647887,0.8491804,0.8819736,0.5383675,0.8489989,0.7948864,0.5463128,0.8281858,0.7772868
2023:03:04:19:56:23,up_90_1t_,47.68802809715271,73.01,75.04,177.76,84.90,0.5541438,0.39871898,0.96079123,0.55818754,0.4462051,0.87762314,0.51894695,0.44604743,0.91762066,0.4639777,0.4461698,0.858919,0.42070854,0.4722367,0.90931666,0.6051274,0.4462504,0.88178414,0.6600544,0.46180573,0.7999656,0.70728284,0.4775272,0.94117045,0.5581027,0.6032812,0.89967984,0.5423311,0.6032463,0.90548503,0.54612947,0.7182815,0.8482851,0.54617214,0.8178626,0.9344723,0.58162236,0.6032771,0.93993855,0.58153594,0.723438,0.8778584,0.57777137,0.81781524,0.9479416,0.55024904,0.39348045,0.95903265,0.56598485,0.39359635,0.9264912,0.54621714,0.39373732,0.37418997,0.5815506,0.3988118,0.97037387,0.58157927,0.84917724,0.8824439,0.5895699,0.84398514,0.7940111,0.57385695,0.82309085,0.74804515,0.54647595,0.8491789,0.88135874,0.5383681,0.8489932,0.79384345,0.5463141,0.828188,0.7785392
2023:03:04:19:56:23,up_90_1t_,47.7498676776886,73.01,75.04,177.74,84.88,0.5541359,0.39872542,0.9618437,0.55819345,0.44620535,0.8769306,0.5189518,0.44604632,0.918075,0.46397415,0.44617635,0.85834295,0.4207105,0.47224495,0.9099351,0.605132,0.4462544,0.8825885,0.6600537,0.46183676,0.8009149,0.70727867,0.47752982,0.94033706,0.5581056,0.60328627,0.9000422,0.5423317,0.6032493,0.9063934,0.54613185,0.7182824,0.8481478,0.54617137,0.81788355,0.93312013,0.58162606,0.6032842,0.9402305,0.5815496,0.72343576,0.878191,0.5777639,0.81782454,0.9494889,0.55024433,0.3934846,0.96061015,0.56597775,0.39360282,0.92729807,0.5462173,0.3937289,0.3618428,0.58155316,0.39881435,0.9710358,0.5816182,0.8491826,0.8832491,0.5933486,0.8439919,0.7937857,0.5738326,0.8231019,0.745971,0.5500749,0.8491942,0.87462777,0.53841496,0.8490253,0.79360723,0.546295,0.82822204,0.7790894
2023:03:04:19:56:23,up_90_1t_,47.80770826339722,74.38,73.66,177.75,80.45,0.5541383,0.3987351,0.9613063,0.5619406,0.44619638,0.877143,0.5189595,0.44603607,0.9181515,0.46396944,0.44615954,0.8603894,0.42071012,0.47224668,0.9099338,0.60513383,0.44625476,0.88282305,0.6600737,0.4618149,0.8018348,0.7073004,0.4775292,0.93850565,0.5581034,0.60329014,0.89995074,0.5423327,0.60325,0.9065714,0.54613763,0.7182883,0.8504448,0.5461776,0.81789076,0.9341197,0.5816228,0.60328996,0.9401107,0.5815431,0.7234553,0.8800558,0.5777667,0.81783324,0.948634,0.550245,0.39349312,0.96151567,0.5659795,0.39361012,0.92761683,0.54621834,0.3937293,0.35894614,0.58155626,0.39881495,0.9717933,0.5816067,0.8491937,0.88231486,0.59333813,0.84400904,0.79262835,0.5738411,0.8231096,0.7450341,0.5500872,0.84919465,0.8789901,0.5384309,0.8490289,0.7984492,0.54630154,0.8282347,0.7779257
2023:03:04:19:56:23,up_90_1t_,47.86555337905884,74.38,73.67,177.75,80.43,0.55413187,0.39874923,0.96187896,0.5619499,0.44621363,0.8758183,0.5189593,0.44604942,0.91593707,0.4639532,0.44614586,0.8638317,0.42070615,0.47223523,0.90491265,0.605149,0.4462716,0.8828437,0.6601316,0.4618341,0.80737716,0.707342,0.47755837,0.9365631,0.55810165,0.60330826,0.90074766,0.5423306,0.60326564,0.9076475,0.5461251,0.7183134,0.8493833,0.5461755,0.81786984,0.93421257,0.5816224,0.6033114,0.93983865,0.5815443,0.7234662,0.8803204,0.57777333,0.81782097,0.9491621,0.5502386,0.39350682,0.96405137,0.56597453,0.3936179,0.9284586,0.5462235,0.39372742,0.33683887,0.5815664,0.39881164,0.97512305,0.58157927,0.8491818,0.8875721,0.5895657,0.84399194,0.7982886,0.57386017,0.82309514,0.7512977,0.54648674,0.8491858,0.87840873,0.53838474,0.8490018,0.792506,0.5463162,0.8281959,0.778323
2023:03:04:19:56:23,up_90_1t_,47.92697548866272,74.38,73.66,177.76,80.43,0.5541385,0.39875862,0.96151745,0.5619504,0.44621328,0.87591106,0.51896113,0.44605023,0.9166779,0.46395543,0.4461884,0.85720384,0.42069194,0.4722533,0.9032742,0.6051497,0.44626307,0.88374066,0.66013956,0.46181315,0.8082157,0.707326,0.47755423,0.9392239,0.5580936,0.60330063,0.90155554,0.5423268,0.60325795,0.90759015,0.5461218,0.71830446,0.8497051,0.5461697,0.81786007,0.9332731,0.5816143,0.60330385,0.9408531,0.58153033,0.72345746,0.8792851,0.57777286,0.8178119,0.94970804,0.550241,0.39351362,0.9649022,0.56598264,0.39362374,0.92895985,0.5462245,0.3937293,0.3391043,0.5815739,0.39881042,0.97532654,0.5815632,0.84916556,0.8859145,0.5895493,0.8439768,0.7975631,0.5774697,0.82309085,0.7544187,0.54645985,0.849172,0.88201547,0.5383496,0.8440607,0.79148424,0.5463217,0.8281826,0.77752936
2023:03:04:19:56:23,up_90_1t_,47.99040508270264,74.38,73.66,177.74,80.41,0.55412734,0.3987506,0.9621838,0.5619605,0.4462042,0.87603986,0.5189621,0.4460445,0.9165122,0.46393916,0.44613206,0.86540586,0.4207257,0.47223163,0.90902174,0.6051552,0.44625697,0.88475144,0.66017663,0.461824,0.810365,0.70734316,0.47756222,0.9393549,0.55809593,0.6033017,0.9007946,0.5423328,0.603263,0.9084178,0.5461217,0.7183025,0.8484916,0.54617494,0.81785274,0.9318723,0.58161056,0.6032975,0.9402316,0.5815348,0.72347975,0.88036674,0.5777593,0.81781083,0.94901556,0.55023557,0.3935087,0.9636094,0.5659688,0.3936154,0.9279994,0.5462283,0.39371645,0.3206179,0.58157057,0.3988036,0.97662175,0.5815805,0.849149,0.8788432,0.5895551,0.8439452,0.7924657,0.57384205,0.8230823,0.75166076,0.54648304,0.8491599,0.8766198,0.5383761,0.8440566,0.7909028,0.5463164,0.8281768,0.77641416
2023:03:04:19:56:23,up_90_1t_,48.048250675201416,74.38,73.69,177.74,80.42,0.5541309,0.39875114,0.9618942,0.5619606,0.4462078,0.8758837,0.5189645,0.44604632,0.9167123,0.46398452,0.4461008,0.868482,0.42078468,0.4721734,0.9138079,0.60515285,0.44626766,0.8829175,0.6601641,0.4618423,0.80911285,0.7073482,0.47756925,0.9382372,0.5580976,0.60328513,0.9009079,0.5423319,0.60324734,0.90792394,0.54612637,0.7183109,0.8493146,0.54616886,0.81788397,0.9293827,0.58161277,0.6032795,0.94040763,0.5815344,0.7234836,0.8813151,0.5777476,0.8178249,0.94756794,0.5502377,0.3935111,0.9638051,0.56597346,0.39361838,0.92816174,0.546229,0.39372343,0.32718578,0.58157045,0.39880985,0.976226,0.5816138,0.8491668,0.87520957,0.5895783,0.84395283,0.78946173,0.573817,0.8231042,0.7464717,0.5500676,0.8491827,0.8761363,0.53840995,0.84901434,0.7944447,0.546294,0.82822716,0.7753674
2023:03:04:19:56:23,up_90_1t_,48.10808992385864,74.39,73.72,177.74,80.41,0.55413705,0.3987587,0.9614646,0.5619806,0.44620517,0.87648505,0.518977,0.44605497,0.9165995,0.46780413,0.4460765,0.87206256,0.42083964,0.47210854,0.91983366,0.60517234,0.44626468,0.8839938,0.6601846,0.46181694,0.80847704,0.70736605,0.4775568,0.9356091,0.5581108,0.6032971,0.90020955,0.5423399,0.60325545,0.9087893,0.54612213,0.71829516,0.84708273,0.5461761,0.817869,0.930072,0.58162355,0.60329276,0.940962,0.5815381,0.72347987,0.8796191,0.57774854,0.8178166,0.947485,0.55023915,0.39351967,0.9645589,0.56598085,0.39362246,0.9286182,0.5462325,0.39373115,0.33100417,0.5815772,0.3988084,0.97642654,0.581607,0.84915495,0.8732225,0.5895694,0.84394324,0.78886694,0.5738169,0.82309103,0.74678344,0.550071,0.84917134,0.87286913,0.53841376,0.84900165,0.7918662,0.5463068,0.828209,0.7749958
2023:03:04:19:56:23,up_90_1t_,48.16992521286011,74.38,73.75,177.73,80.41,0.5541348,0.39875785,0.9614891,0.5619695,0.44619963,0.8764014,0.518969,0.44604358,0.91876775,0.46779865,0.44603285,0.8796998,0.4208521,0.4720477,0.9175566,0.605168,0.4462674,0.88375765,0.66396916,0.46184018,0.81175196,0.7073823,0.47756416,0.9358927,0.55811584,0.6033393,0.9000341,0.5423337,0.60329825,0.9097031,0.5461155,0.7183714,0.8481124,0.54617447,0.81786615,0.9282161,0.58163077,0.60333586,0.941369,0.58154297,0.72355586,0.88586134,0.57774407,0.8178196,0.94567376,0.55023825,0.39351746,0.96445733,0.5659819,0.39362106,0.9285259,0.5462369,0.39371464,0.3230492,0.58158004,0.3988062,0.9767095,0.5815849,0.8491623,0.87805307,0.5895455,0.84395725,0.79426885,0.5738142,0.8230786,0.74968636,0.5464882,0.8491723,0.86945474,0.53839374,0.84899354,0.78586495,0.5463164,0.8281941,0.7763351
2023:03:04:19:56:23,up_90_1t_,48.23375415802002,74.37,73.77,177.75,80.46,0.5541341,0.3987539,0.96161085,0.5619421,0.44620392,0.876821,0.5189464,0.4460582,0.9189553,0.46777648,0.44604486,0.87688684,0.42080086,0.47204304,0.91029406,0.6051598,0.4462415,0.88590926,0.6639612,0.4618029,0.8096954,0.7073626,0.4775458,0.9393577,0.5581081,0.60335964,0.89979374,0.54232234,0.6033203,0.9078114,0.54610825,0.718391,0.8470393,0.54617095,0.8178286,0.9281809,0.5816242,0.60335535,0.9410356,0.5815218,0.7235871,0.88803124,0.5777386,0.81781095,0.94561625,0.5502377,0.39351684,0.9643643,0.56597936,0.39362025,0.92843056,0.54623264,0.393728,0.32525378,0.5815773,0.39881516,0.9763929,0.5815426,0.8491505,0.87563056,0.5895022,0.84396577,0.79622614,0.57382095,0.82306695,0.7576904,0.54643977,0.8491434,0.8748766,0.5345878,0.84401447,0.7863668,0.54633087,0.8231951,0.77717954
2023:03:04:19:56:23,up_90_1t_,48.29272198677063,73.00,75.15,177.76,84.90,0.55413234,0.39870566,0.96085054,0.5581711,0.4462313,0.87813807,0.51893216,0.4460668,0.92050743,0.46778288,0.44606468,0.87440956,0.42081654,0.47204083,0.9114159,0.605134,0.4462648,0.8820239,0.6601811,0.46185413,0.8052447,0.7073551,0.4775499,0.938153,0.5581154,0.6081311,0.89761716,0.5423321,0.6033478,0.9080595,0.54611385,0.71839684,0.84807694,0.5461662,0.8178423,0.9262666,0.58162457,0.60815674,0.9408316,0.5815003,0.72360533,0.8873769,0.57772124,0.81781906,0.94385004,0.5502405,0.3934705,0.9591702,0.5659794,0.39358687,0.92571366,0.5462179,0.39373314,0.34733373,0.581566,0.3988299,0.9753377,0.58157283,0.84916407,0.8736205,0.58952373,0.84395695,0.793875,0.5737917,0.8230788,0.74992514,0.5464796,0.84916574,0.87187004,0.5383727,0.8440616,0.7876415,0.546303,0.82817006,0.7735586
2023:03:04:19:56:23,up_90_1t_,48.35056710243225,72.99,75.16,177.76,85.36,0.55412436,0.39397058,0.9613457,0.5581574,0.4462387,0.87914246,0.51892316,0.44608408,0.91941494,0.467797,0.44610295,0.86988705,0.42082074,0.47205758,0.9110013,0.60512763,0.4462553,0.88286126,0.6601758,0.46177286,0.80600464,0.7073454,0.47754398,0.9386777,0.5581211,0.6081355,0.89662355,0.5423369,0.60335493,0.9080559,0.54612076,0.72335833,0.8494575,0.54616433,0.81787443,0.92372745,0.58162767,0.60815674,0.94055635,0.5815036,0.723616,0.88801134,0.5777205,0.8178407,0.9434053,0.55023795,0.39345694,0.95692396,0.5659719,0.39357257,0.9242227,0.54621404,0.39374,0.35658377,0.58155406,0.39882863,0.97314596,0.5816117,0.849178,0.8707644,0.58955765,0.84396094,0.7900188,0.57378304,0.82310873,0.7452712,0.5500809,0.8491953,0.8685333,0.5384181,0.84903044,0.7894415,0.5462883,0.82822305,0.77013093
2023:03:04:19:56:23,up_90_1t_,48.41240191459656,72.98,75.15,177.75,84.94,0.5541245,0.39870143,0.9618814,0.5581457,0.44622266,0.881326,0.5189123,0.4460673,0.9212559,0.46776274,0.44612136,0.8670993,0.42079696,0.472069,0.9095672,0.60511535,0.44623438,0.8832761,0.6601499,0.46174067,0.8062871,0.70733577,0.47754624,0.9399439,0.558121,0.6081508,0.8954807,0.54233384,0.603367,0.9062924,0.5461184,0.7233894,0.8511612,0.5461686,0.8178644,0.9244316,0.5816279,0.6081708,0.93996733,0.58151585,0.72364795,0.8911302,0.57772887,0.8178427,0.9429659,0.55023515,0.3934686,0.95787364,0.5659655,0.3935825,0.9244505,0.54620904,0.39374405,0.36300236,0.5815421,0.3988291,0.971638,0.58158845,0.8491826,0.87281567,0.5895396,0.8439748,0.79220796,0.57379925,0.82309777,0.74858624,0.5500651,0.849181,0.86891484,0.538407,0.8490062,0.7868049,0.5463024,0.82818943,0.77064925
2023:03:04:19:56:23,up_90_1t_,48.47623157501221,72.98,75.14,177.75,85.39,0.5541307,0.39396736,0.9615538,0.558127,0.446228,0.88293916,0.51889604,0.44606417,0.9227832,0.46398798,0.44614008,0.86576986,0.4207607,0.47209817,0.9085287,0.6051087,0.44623852,0.8826021,0.66015774,0.4617194,0.8082664,0.7073465,0.47754595,0.9385927,0.5581182,0.608154,0.8955651,0.54232866,0.6033734,0.9050238,0.54611313,0.72339064,0.85008085,0.5461724,0.817854,0.9263811,0.58162796,0.60817033,0.9401538,0.5815197,0.7236361,0.8910496,0.5777347,0.81783026,0.94422555,0.55024195,0.39345288,0.95565724,0.5659754,0.39356875,0.92330945,0.54620755,0.393745,0.38466996,0.5815346,0.39882535,0.97165567,0.58157265,0.8491707,0.8749695,0.5895278,0.8439667,0.79389274,0.57381135,0.8230839,0.7519245,0.5464913,0.84918207,0.8717655,0.5383897,0.8490027,0.78785,0.54631346,0.828174,0.7724051
2023:03:04:19:56:23,up_90_1t_,48.53407669067383,72.96,75.13,177.75,85.43,0.55414003,0.3939632,0.96140516,0.5581046,0.4462291,0.8846677,0.5188753,0.4460667,0.9230141,0.46395576,0.44614062,0.86616504,0.4207191,0.4721471,0.90557134,0.6050905,0.44622022,0.88355714,0.6601134,0.46174318,0.8085102,0.707356,0.47755602,0.9367753,0.55812085,0.6081267,0.8955895,0.5423311,0.60334826,0.90786695,0.5461045,0.7233479,0.84629357,0.5461766,0.81787235,0.92821723,0.58162415,0.60814613,0.9389756,0.5815258,0.7235826,0.8881323,0.5777385,0.81781507,0.94512457,0.5502456,0.39344865,0.95623446,0.5659846,0.39356345,0.92246675,0.546207,0.3937593,0.415123,0.5815284,0.39882633,0.96854186,0.58163077,0.84915507,0.8698532,0.59333557,0.84394294,0.78502816,0.5737982,0.8230754,0.74508816,0.5501114,0.8491904,0.86716986,0.53845614,0.84903723,0.7911669,0.546294,0.8282082,0.77470624
2023:03:04:19:56:23,up_90_1t_,48.59192156791687,72.95,75.12,177.77,85.41,0.55414957,0.39396453,0.9608811,0.55810475,0.44622058,0.88590103,0.5188741,0.44603887,0.9265265,0.46394867,0.44616315,0.8646499,0.42070392,0.4721297,0.90618515,0.6050853,0.446221,0.88397455,0.6600963,0.46175295,0.8107773,0.70734584,0.47755972,0.93668175,0.5581267,0.6033549,0.8953419,0.5423348,0.6033184,0.9083721,0.5461044,0.718388,0.8465982,0.54616743,0.8178869,0.9257729,0.58162576,0.6033507,0.9383218,0.5815018,0.7235983,0.8879196,0.5777321,0.81784254,0.9414223,0.55025285,0.3934455,0.9560139,0.56600016,0.3935672,0.92247957,0.5462096,0.3937525,0.43056822,0.5815235,0.3988314,0.96528524,0.58164036,0.8491908,0.8642751,0.59334385,0.8439809,0.78158265,0.5737882,0.82310706,0.7374213,0.550152,0.8491987,0.8683085,0.5384859,0.84905785,0.7968352,0.54626995,0.8282331,0.77153784
2023:03:04:19:56:24,up_90_1t_,48.651761531829834,72.96,75.11,177.79,84.97,0.5541449,0.39871395,0.9600453,0.5580987,0.44621947,0.88528013,0.5188827,0.44603354,0.9272613,0.46395954,0.4461685,0.86419415,0.42071012,0.47212386,0.90563154,0.60507584,0.44622198,0.88257617,0.65627825,0.46180996,0.8092382,0.70731455,0.47756806,0.93823135,0.5580883,0.60325307,0.8936538,0.54230654,0.60321045,0.89876384,0.5460882,0.7182321,0.83897686,0.54616815,0.8178718,0.92664117,0.5815932,0.60325307,0.93553627,0.58147645,0.72349375,0.87727404,0.57773614,0.81783867,0.9412129,0.5502474,0.39347193,0.9576206,0.56598926,0.39359438,0.92378163,0.5462035,0.39375162,0.4086191,0.5815215,0.39884308,0.9629162,0.58165604,0.84919614,0.8655879,0.59337413,0.8439815,0.7810727,0.573796,0.8231264,0.7335707,0.55016327,0.8492009,0.86467385,0.53848827,0.84906334,0.7958858,0.5462681,0.8282338,0.77010185
2023:03:04:19:56:24,up_90_1t_,48.715590953826904,72.96,75.08,177.80,84.96,0.55414027,0.39871478,0.9605253,0.5580971,0.44622138,0.8851351,0.51888496,0.44602793,0.9275327,0.4639445,0.44618016,0.8629714,0.42069206,0.47217646,0.90429056,0.60506755,0.44622466,0.8816954,0.6562417,0.461844,0.81041825,0.7073111,0.47757128,0.9400624,0.5580805,0.6032335,0.8920168,0.5423079,0.6031859,0.8972118,0.54609114,0.7181851,0.83823913,0.5461696,0.81786215,0.92698014,0.58158225,0.60323924,0.93417925,0.58146536,0.72346795,0.87468964,0.5777411,0.8178401,0.94055945,0.55024457,0.3934715,0.9583169,0.5659863,0.39359677,0.92385346,0.54620105,0.39374936,0.40531486,0.58152163,0.3988471,0.9628118,0.5816456,0.849197,0.865097,0.59336466,0.8439877,0.78003806,0.57380575,0.82313156,0.7340133,0.5501638,0.84920067,0.866771,0.5384894,0.8490615,0.7973871,0.5462724,0.8282217,0.76999503
2023:03:04:19:56:24,up_90_1t_,48.773436546325684,72.97,75.07,177.80,84.94,0.5541458,0.39872065,0.9591323,0.5580959,0.44622865,0.8839457,0.5188749,0.44602162,0.92849684,0.4639287,0.44619757,0.8597222,0.4206988,0.47217456,0.9021137,0.60506415,0.44624075,0.8793427,0.656184,0.46688432,0.81124616,0.7072858,0.47758827,0.9425068,0.55805105,0.60323507,0.8916975,0.54227895,0.6031893,0.89002967,0.54608124,0.71316886,0.8336376,0.5461677,0.8178386,0.9258259,0.58156204,0.6032386,0.93402725,0.58145416,0.7234737,0.8720544,0.57774013,0.8178367,0.93949085,0.5502464,0.3934758,0.957564,0.5659874,0.39360052,0.9236131,0.54619944,0.3937607,0.41999793,0.5815124,0.3988513,0.9611319,0.58163476,0.8492018,0.8635392,0.5933623,0.84400344,0.77940255,0.5738087,0.82312596,0.73662466,0.5501427,0.84918934,0.8667596,0.5384657,0.8490418,0.79567057,0.54627687,0.8281863,0.76866627
2023:03:04:19:56:24,up_90_1t_,48.831281900405884,72.97,75.05,178.34,84.86,0.55408853,0.39876246,0.96144736,0.55811054,0.44623804,0.883159,0.51888555,0.44603562,0.9268971,0.46394557,0.44620275,0.85982037,0.42068964,0.472185,0.9032647,0.60507065,0.4462305,0.88059163,0.65237755,0.46686524,0.8132459,0.7072509,0.47760233,0.9494169,0.5580123,0.60315657,0.8868749,0.5422489,0.6031021,0.8813838,0.5460624,0.7079294,0.83268464,0.5461628,0.81777406,0.927164,0.5815237,0.6031729,0.9263699,0.5778665,0.7233813,0.8656173,0.57772946,0.8178061,0.9392316,0.55020386,0.39352274,0.96451545,0.56591123,0.39363152,0.9230913,0.5461804,0.39377785,0.36720544,0.58148605,0.3988642,0.9648373,0.58161235,0.84918666,0.8648911,0.5933474,0.84398246,0.7799111,0.5738067,0.82310873,0.7406385,0.55011576,0.84917325,0.8707333,0.5384305,0.8490068,0.7954993,0.5462855,0.8231688,0.7725914
2023:03:04:19:56:24,up_90_1t_,48.89267539978027,74.33,73.70,178.33,84.84,0.5540852,0.39877877,0.96199125,0.55811405,0.44622704,0.88361406,0.51889026,0.44601956,0.92703205,0.4639531,0.44615245,0.8674602,0.42068666,0.47217134,0.90312636,0.60507864,0.44622684,0.88131386,0.6561512,0.46185714,0.8147485,0.707273,0.47760108,0.95217323,0.5543,0.60312736,0.8861513,0.5422278,0.6030645,0.87706256,0.54245675,0.7078784,0.8299927,0.54617083,0.8177558,0.92690027,0.581501,0.6031546,0.9224787,0.577846,0.72338855,0.86492074,0.5777245,0.8178056,0.93544567,0.55020064,0.3935395,0.9668392,0.5659015,0.39364347,0.9238287,0.5461799,0.3937902,0.37150553,0.5814781,0.39886343,0.9652128,0.58160037,0.8491857,0.86071306,0.5933422,0.8439783,0.7766857,0.573808,0.82310903,0.7355878,0.55011916,0.8491576,0.86835974,0.5384247,0.84406567,0.7937594,0.5462964,0.8231505,0.7712737
2023:03:04:19:56:24,up_90_1t_,48.95441699028015,74.32,73.69,178.23,80.54,0.55045795,0.39877772,0.9632992,0.5581039,0.44622847,0.88486105,0.51888305,0.4460194,0.92689514,0.46395898,0.44616643,0.86443627,0.42070898,0.47217208,0.9074577,0.6050624,0.4462301,0.87897134,0.65236974,0.4618527,0.81621355,0.70725095,0.4776049,0.95393,0.5542908,0.6031618,0.886825,0.54221153,0.60310906,0.87452096,0.54244286,0.70784575,0.8306944,0.5461702,0.8177448,0.9315034,0.58149403,0.6031743,0.9226048,0.5778325,0.7183813,0.8611797,0.57774997,0.8177944,0.93988365,0.55018204,0.3935371,0.96495783,0.56586856,0.39364204,0.92202663,0.5461671,0.39377102,0.34022158,0.58146834,0.39886752,0.96595234,0.5815697,0.8491868,0.87154347,0.59334266,0.8439921,0.78139824,0.57385427,0.82310987,0.74003255,0.55009747,0.84915453,0.8735757,0.5383977,0.8440578,0.79493004,0.54631174,0.8231353,0.77461195
2023:03:04:19:56:24,up_90_1t_,49.01582217216492,74.34,73.69,178.30,80.51,0.5504404,0.39877042,0.9654465,0.5581034,0.44624412,0.8836691,0.51887745,0.44602704,0.9267535,0.46398348,0.4461452,0.86727923,0.4207722,0.47216025,0.9181018,0.60506034,0.44625247,0.8755178,0.6523386,0.46186385,0.82045877,0.7072272,0.4776035,0.9565993,0.5542743,0.60323024,0.89010423,0.53851384,0.6031834,0.8791646,0.54241014,0.7079035,0.8256851,0.5461733,0.81768805,0.9318104,0.5814729,0.6032315,0.9236162,0.57781976,0.72338223,0.8637092,0.5777581,0.8177786,0.93832284,0.55016744,0.39353254,0.96500957,0.56208634,0.39363533,0.9206679,0.54616356,0.39376357,0.3249913,0.5814615,0.3988675,0.9691097,0.5815161,0.84916943,0.87162715,0.58955604,0.8439776,0.787711,0.5774841,0.82308453,0.75271636,0.5464608,0.8491001,0.87671685,0.53456485,0.84394664,0.7902655,0.5463534,0.8230493,0.7805424
2023:03:04:19:56:24,up_90_1t_,49.07366728782654,74.34,73.70,178.30,80.50,0.5504299,0.39876038,0.96570307,0.5581062,0.44624203,0.88396066,0.5188838,0.44602728,0.926558,0.4639658,0.44611758,0.87158096,0.4207288,0.47215262,0.9124087,0.60505575,0.446253,0.87475705,0.6523244,0.46186408,0.82152903,0.7072211,0.4776033,0.9589,0.55427307,0.60326207,0.8908864,0.5385154,0.6032142,0.8805009,0.54241824,0.7129847,0.8226001,0.5461708,0.81768465,0.93048316,0.5814699,0.6032613,0.9251758,0.57781804,0.72342026,0.86507165,0.5777552,0.81778705,0.93809766,0.5501575,0.39352414,0.9635825,0.5620706,0.393625,0.91961527,0.54615825,0.39375907,0.31787395,0.5814539,0.3988629,0.96917087,0.5815017,0.8491689,0.87298524,0.5895346,0.84399253,0.7923917,0.57748586,0.82309324,0.7553524,0.54644066,0.84909767,0.8761072,0.53454626,0.8439385,0.7882844,0.5463587,0.8230416,0.77921784
2023:03:04:19:56:24,up_90_1t_,49.13350772857666,74.35,73.71,178.30,80.52,0.5504381,0.39874187,0.96569633,0.5580969,0.4462541,0.883909,0.5188828,0.44603083,0.9275447,0.46392888,0.44613212,0.8728173,0.4206648,0.47215518,0.90166533,0.60504013,0.44625944,0.8719825,0.6522898,0.4668845,0.824148,0.7071993,0.47758967,0.96122384,0.55426913,0.60331064,0.89072394,0.53851473,0.6032717,0.8806483,0.5424199,0.71306866,0.82366997,0.5461751,0.8176888,0.9312376,0.5814647,0.6032979,0.92510784,0.5778152,0.7234616,0.8671883,0.5777569,0.81778973,0.93798137,0.5501635,0.39351234,0.9639434,0.562082,0.3936109,0.91866815,0.5461673,0.39375412,0.32645696,0.5814568,0.39884928,0.97278214,0.58149374,0.84916914,0.8758971,0.58953315,0.8439991,0.79593015,0.5774927,0.82309306,0.75569886,0.5464129,0.8491072,0.87802565,0.5345137,0.84394044,0.78837943,0.5463724,0.82304627,0.778038
2023:03:04:19:56:24,up_90_1t_,49.19733738899231,74.36,73.71,179.99,80.48,0.55039924,0.39875695,0.9702382,0.55810404,0.4462695,0.8815644,0.51889676,0.44605625,0.92246276,0.46393773,0.44615823,0.86846614,0.4206672,0.47215754,0.9075246,0.6050348,0.44626525,0.86977285,0.65227586,0.46689925,0.8247644,0.70719135,0.477589,0.9651903,0.55424285,0.6032992,0.8913425,0.53848445,0.6032523,0.87879753,0.54239786,0.71306515,0.8213396,0.5461741,0.8177156,0.93287057,0.57789135,0.6032946,0.9239038,0.57781327,0.7234415,0.86838424,0.5777607,0.81778467,0.9389987,0.5501328,0.3935298,0.96608907,0.5620247,0.39361754,0.92160475,0.5461728,0.39376402,0.28409746,0.58144784,0.39884603,0.97578794,0.5815361,0.84918004,0.8833164,0.5933408,0.84399223,0.792248,0.5774823,0.8230949,0.75039375,0.54644996,0.8491349,0.87535554,0.5345569,0.8439918,0.7886205,0.54635763,0.8230841,0.7782866
2023:03:04:19:56:24,up_90_1t_,49.256723165512085,74.38,73.71,179.99,80.48,0.5503854,0.3987379,0.97158885,0.5580953,0.44626513,0.8828049,0.5188913,0.4460557,0.92446387,0.46397334,0.44614086,0.86687917,0.42076018,0.47212306,0.913732,0.6050262,0.44626686,0.8686644,0.6522473,0.46690917,0.82635665,0.7071835,0.47757423,0.9642116,0.55421966,0.60329777,0.89470625,0.5384571,0.60324025,0.8785909,0.5423678,0.7130075,0.8194755,0.54616696,0.8176759,0.9313667,0.5778756,0.60330844,0.92533016,0.5778,0.7234635,0.8684325,0.5777617,0.8177847,0.9396052,0.55012137,0.39351162,0.9643425,0.56200606,0.39359966,0.92042464,0.546169,0.39374393,0.27337062,0.5778956,0.39883325,0.9796931,0.5815068,0.8491606,0.88018763,0.5895516,0.84396946,0.79561996,0.5774949,0.8230939,0.75730556,0.5464305,0.84910333,0.8760008,0.53452814,0.8439421,0.78689027,0.54636407,0.8230296,0.7811291
2023:03:04:19:56:24,up_90_1t_,49.314568519592285,74.94,73.71,180.00,80.48,0.5503798,0.3987321,0.97232985,0.55808127,0.44626528,0.8832668,0.51888853,0.44605118,0.9258525,0.4677491,0.4461182,0.8680823,0.4207843,0.47211847,0.9201664,0.60131216,0.4462675,0.8655646,0.65223724,0.46690997,0.8239479,0.7071695,0.47756383,0.965359,0.55421555,0.6032928,0.8988389,0.5384575,0.6032369,0.8824581,0.5423594,0.7130385,0.82347536,0.54616034,0.81766987,0.93222594,0.5778673,0.60330343,0.92774785,0.57780826,0.7234687,0.87175095,0.5777666,0.81777084,0.94030243,0.55011666,0.39351025,0.9638133,0.56199783,0.39359617,0.91989934,0.546165,0.39374956,0.27215287,0.5778896,0.39884332,0.9813596,0.5814895,0.8491508,0.88311124,0.5895449,0.84396446,0.7979872,0.57750666,0.8230646,0.76208335,0.5463995,0.8490915,0.8752996,0.5344958,0.8439186,0.7835474,0.5463726,0.8230175,0.78250855
2023:03:04:19:56:24,up_90_1t_,49.375433683395386,74.93,73.70,180.00,80.49,0.5503761,0.39871907,0.97243243,0.5580768,0.44625592,0.884156,0.51887965,0.44604534,0.9275937,0.46397668,0.44613165,0.8690691,0.42077345,0.47213084,0.9199679,0.601317,0.446252,0.8679785,0.6522501,0.46687087,0.82125354,0.7071726,0.4775583,0.9643274,0.55422014,0.6032919,0.89916646,0.53845346,0.6032364,0.8826198,0.5423769,0.71304244,0.82514477,0.5461578,0.8176329,0.9295233,0.57787645,0.6033025,0.92820746,0.5778065,0.7235062,0.8750122,0.5777583,0.81776714,0.9407593,0.5501136,0.3934977,0.96255326,0.5619935,0.39358464,0.91899467,0.5461607,0.39373982,0.27322716,0.57788914,0.39883655,0.9826913,0.58147323,0.84913224,0.8794254,0.58951944,0.84395874,0.8003648,0.57749987,0.8230542,0.76654416,0.54637384,0.8490546,0.8774306,0.5344602,0.84386384,0.78543496,0.5463765,0.82296777,0.78448594
2023:03:04:19:56:24,up_90_1t_,49.441261768341064,74.93,73.72,179.98,80.49,0.5503766,0.39871678,0.9723418,0.5580732,0.44626302,0.88354003,0.51888376,0.44605038,0.925252,0.4639701,0.44609898,0.87464875,0.42076132,0.47211483,0.91758436,0.6013187,0.44626573,0.8657343,0.6522644,0.4618737,0.819417,0.70718825,0.4775793,0.96636987,0.5542139,0.6033113,0.89973307,0.5384586,0.60324466,0.88430893,0.54239136,0.71305406,0.8272471,0.5461542,0.8176329,0.93013334,0.57786375,0.60333264,0.92950237,0.5777904,0.72353154,0.8785871,0.5777585,0.8177721,0.94127446,0.5501116,0.39350194,0.9633888,0.56198883,0.39358222,0.9191737,0.5461568,0.3937598,0.28229353,0.5778818,0.3988329,0.9812506,0.5814685,0.84913695,0.8780794,0.58951354,0.84396416,0.8000791,0.57750154,0.8230672,0.7648793,0.54636943,0.8490615,0.8796956,0.5344513,0.84387183,0.7871279,0.5463689,0.82297146,0.78571266
2023:03:04:19:56:24,up_90_1t_,49.50110602378845,74.93,73.72,179.98,80.50,0.55036795,0.39871445,0.973018,0.5580775,0.44625518,0.88410383,0.51888216,0.44605577,0.92523265,0.46396136,0.44610822,0.8755971,0.42074308,0.47211942,0.9163852,0.6013204,0.44624874,0.86789197,0.65225416,0.46185783,0.8203161,0.7071784,0.47757277,0.9661698,0.554213,0.60331017,0.900078,0.53845537,0.6032464,0.8835074,0.5423803,0.71302646,0.82582897,0.5461594,0.8176152,0.9322346,0.5778647,0.60332763,0.92940503,0.577793,0.72349083,0.87443906,0.5777756,0.8177717,0.9434956,0.550105,0.39349985,0.96308887,0.5619763,0.3935781,0.91928136,0.5461608,0.39376003,0.27266684,0.5778824,0.398831,0.98320156,0.58145803,0.84913754,0.8817023,0.5895138,0.8439805,0.803194,0.5775345,0.8230711,0.771569,0.5463536,0.8490511,0.8797713,0.53066695,0.8438493,0.787695,0.5463874,0.8229472,0.78720427
2023:03:04:19:56:24,up_90_1t_,49.55891513824463,74.93,73.70,179.98,80.51,0.550367,0.39870775,0.97258496,0.5580597,0.44626272,0.8852765,0.518867,0.44605806,0.92643416,0.46395692,0.44612387,0.87166697,0.42073795,0.47215748,0.9189551,0.60131925,0.44626436,0.86572355,0.65222776,0.46687296,0.82221055,0.7071679,0.47757387,0.9640902,0.55420953,0.6033523,0.90118814,0.53845865,0.60329187,0.88395715,0.54238766,0.71307796,0.8249986,0.5461593,0.81761396,0.93201166,0.5778599,0.6033655,0.92973506,0.5777922,0.7235312,0.87584645,0.5777775,0.817779,0.94413054,0.5501029,0.39349347,0.96217346,0.5619779,0.3935733,0.9181454,0.54614884,0.39375648,0.28431466,0.57787955,0.39883623,0.98189044,0.58145773,0.8491339,0.8768485,0.58950675,0.84398305,0.8026419,0.57754195,0.823076,0.7769852,0.54632723,0.84905374,0.88309824,0.5306349,0.8438467,0.7925919,0.54639333,0.8229425,0.7885031
2023:03:04:19:56:24,up_90_1t_,49.620749950408936,74.92,73.70,179.96,80.51,0.5503563,0.3987032,0.9717774,0.5580515,0.44625974,0.8859711,0.51886284,0.44605833,0.92742133,0.463981,0.44614926,0.8681471,0.42077923,0.4721608,0.92114425,0.601313,0.44624957,0.86604315,0.65221834,0.4618754,0.81936276,0.7071593,0.4775651,0.96377707,0.55420804,0.60336924,0.90037143,0.5384691,0.6033036,0.8840519,0.5423974,0.7130725,0.8264477,0.5461604,0.8175948,0.93267035,0.5778538,0.60815436,0.9306056,0.5777767,0.7235383,0.87328553,0.5777749,0.8177666,0.9443134,0.5500924,0.39348766,0.9598699,0.56196404,0.39356688,0.91693985,0.54613715,0.3937521,0.2806171,0.57787275,0.3988342,0.9822713,0.5778605,0.8491127,0.87938166,0.58947307,0.84398586,0.80813944,0.5775477,0.82305604,0.7790875,0.5463152,0.84903413,0.88266397,0.5306196,0.8388206,0.79213667,0.5463995,0.81804496,0.7903981
2023:03:04:19:56:25,up_90_1t_,49.68258500099182,74.92,73.70,179.96,80.51,0.5503563,0.3987032,0.9717774,0.5580515,0.44625974,0.8859711,0.51886284,0.44605833,0.92742133,0.463981,0.44614926,0.8681471,0.42077923,0.4721608,0.92114425,0.601313,0.44624957,0.86604315,0.65221834,0.4618754,0.81936276,0.7071593,0.4775651,0.96377707,0.55420804,0.60336924,0.90037143,0.5384691,0.6033036,0.8840519,0.5423974,0.7130725,0.8264477,0.5461604,0.8175948,0.93267035,0.5778538,0.60815436,0.9306056,0.5777767,0.7235383,0.87328553,0.5777749,0.8177666,0.9443134,0.5500924,0.39348766,0.9598699,0.56196404,0.39356688,0.91693985,0.54613715,0.3937521,0.2806171,0.57787275,0.3988342,0.9822713,0.5778605,0.8491127,0.87938166,0.58947307,0.84398586,0.80813944,0.5775477,0.82305604,0.7790875,0.5463152,0.84903413,0.88266397,0.5306196,0.8388206,0.79213667,0.5463995,0.81804496,0.7903981
2023:03:04:19:56:25,up_90_1t_,49.73843574523926,74.91,73.69,179.96,80.52,0.5503637,0.3986956,0.9718306,0.55804133,0.44625455,0.88787365,0.51886743,0.44604495,0.92979956,0.46398845,0.44616756,0.86628425,0.42078057,0.47216368,0.9220114,0.6012944,0.44625252,0.86504704,0.6522122,0.4668966,0.82035315,0.70715904,0.47757956,0.9625164,0.5542094,0.6033767,0.90004694,0.53847444,0.60331184,0.88448465,0.54241586,0.7131151,0.8299476,0.5461589,0.81761956,0.93194413,0.5778536,0.6081621,0.92994636,0.5777697,0.72355205,0.87447494,0.5777692,0.81775963,0.9423653,0.55009836,0.39348373,0.9601259,0.5619744,0.39356092,0.91652536,0.5461329,0.3937552,0.2971585,0.57787144,0.39882737,0.9841775,0.5814623,0.8491137,0.8784833,0.589511,0.8439484,0.80127805,0.5775224,0.82304615,0.7703947,0.54635817,0.8490492,0.88223624,0.53067315,0.8438453,0.79068077,0.5463781,0.822942,0.7883966
2023:03:04:19:56:25,up_90_1t_,49.79628038406372,74.87,73.72,179.97,80.52,0.55035985,0.39869842,0.971424,0.5580387,0.44624814,0.88831043,0.5188656,0.44603562,0.93178105,0.4639777,0.44620377,0.8628432,0.42076805,0.47217315,0.9233324,0.60129756,0.44624633,0.8656512,0.6522176,0.46689668,0.8199798,0.7071571,0.47757703,0.9634628,0.55419856,0.60813177,0.9013941,0.53846204,0.60331756,0.8841367,0.54241705,0.7131601,0.8313223,0.54616696,0.817652,0.9320425,0.5778459,0.60817003,0.9302825,0.5777714,0.7235908,0.88040376,0.5777622,0.81778127,0.9408419,0.5500934,0.39348742,0.95997953,0.5619676,0.39356092,0.916216,0.54613006,0.39375883,0.29492116,0.5778692,0.39882493,0.98323905,0.58148664,0.8491383,0.87708956,0.589523,0.84396386,0.7982659,0.5775046,0.82307345,0.7654932,0.5463786,0.84907633,0.8846104,0.5344725,0.84389114,0.79386663,0.54637367,0.82298964,0.78702706
2023:03:04:19:56:25,up_90_1t_,49.85612082481384,74.91,73.67,179.96,80.51,0.5503583,0.3987023,0.97084385,0.5580311,0.44625005,0.8892194,0.5188626,0.44602916,0.93280905,0.46398294,0.44621944,0.86097336,0.42077932,0.47217968,0.9222084,0.6012834,0.44625175,0.86440367,0.6484923,0.4669119,0.82336116,0.70714736,0.47758004,0.9644942,0.55419135,0.60337955,0.9024447,0.5384554,0.6033152,0.8834778,0.5424164,0.7131483,0.8310268,0.54616183,0.81763655,0.93132865,0.57783914,0.60816556,0.93077946,0.5777608,0.7235736,0.880131,0.5777665,0.81779104,0.94381917,0.55009216,0.39348954,0.95955056,0.5619654,0.39356512,0.91602933,0.54612654,0.3937585,0.29338062,0.5778647,0.3988266,0.9824243,0.5778691,0.84913254,0.87462455,0.589463,0.84400284,0.80595595,0.57752925,0.8230886,0.77498955,0.5463424,0.849064,0.8891293,0.5306661,0.8438588,0.7952156,0.546388,0.8229636,0.78487563
2023:03:04:19:56:25,up_90_1t_,49.91748309135437,74.88,73.71,179.95,80.50,0.5503512,0.39870742,0.971806,0.55803514,0.44625098,0.88926697,0.51886666,0.44603476,0.9313609,0.46398437,0.44623333,0.85910195,0.42077628,0.4721836,0.9210432,0.6012887,0.4462511,0.86475015,0.64849275,0.4669169,0.82365245,0.70715225,0.47757724,0.9630189,0.55418265,0.6081312,0.9035571,0.53844297,0.6033184,0.8820451,0.5424082,0.71312153,0.8302319,0.5461582,0.81762725,0.930988,0.5778368,0.6081691,0.9312184,0.57775384,0.7235486,0.8768803,0.5777644,0.81779134,0.944877,0.55008847,0.39349207,0.96032,0.56195796,0.39357054,0.9169761,0.5461302,0.39374712,0.28001577,0.57786655,0.39882848,0.98342055,0.57784384,0.849126,0.87347865,0.589432,0.84401125,0.8084503,0.57753617,0.82309145,0.77943224,0.546314,0.8490511,0.8882938,0.53063494,0.84384114,0.79519725,0.5463943,0.82295096,0.7852065
2023:03:04:19:56:25,up_90_1t_,49.97641968727112,74.86,73.69,179.95,80.53,0.5503513,0.39870173,0.970883,0.55802584,0.44624168,0.8903228,0.5188544,0.44603387,0.93177676,0.46396154,0.44626608,0.8555906,0.42076424,0.4722252,0.9219486,0.6012801,0.44622183,0.86753964,0.6484806,0.46690202,0.82457286,0.7071435,0.4775754,0.9638779,0.55419403,0.6081402,0.9037582,0.53846055,0.6033345,0.883232,0.54239047,0.71314305,0.8289575,0.5461629,0.8176611,0.93410885,0.5778451,0.60816896,0.93119013,0.5777667,0.7235305,0.874714,0.57778114,0.8178023,0.94555444,0.5500886,0.3934854,0.9585029,0.5619584,0.39356422,0.9159699,0.5461256,0.393739,0.27803862,0.5778679,0.39882207,0.9804165,0.5814505,0.849154,0.8804029,0.58949274,0.8440129,0.80572146,0.5775482,0.8231096,0.77614254,0.54633087,0.8490951,0.88792485,0.5306506,0.84390265,0.7946806,0.5463987,0.8229954,0.7855638
2023:03:04:19:56:25,up_90_1t_,50.032270431518555,74.87,73.72,179.96,80.54,0.5503771,0.3987086,0.9701037,0.55803597,0.44625553,0.88898915,0.51886404,0.4460472,0.9304613,0.46397325,0.44623446,0.8586689,0.42077288,0.47218367,0.9161952,0.6012904,0.446228,0.8669245,0.64848804,0.4668682,0.8220397,0.707146,0.47757253,0.9652462,0.5541916,0.6081313,0.9042601,0.53845584,0.60332257,0.8830998,0.5423895,0.7131146,0.8289851,0.5461636,0.81766707,0.9339374,0.57784367,0.608165,0.9315029,0.57776344,0.7235484,0.8772037,0.5777698,0.81780785,0.9437427,0.55010515,0.39349326,0.96109784,0.5619928,0.39357066,0.91602117,0.5461197,0.39376265,0.31955922,0.57787406,0.39882538,0.979475,0.5814699,0.84916294,0.8793707,0.5895057,0.8440085,0.8032943,0.57752556,0.8231172,0.7685438,0.5463719,0.8490974,0.8872677,0.53446186,0.8439173,0.7938586,0.5463825,0.82300603,0.78618616
2023:03:04:19:56:25,up_90_1t_,50.090115547180176,74.87,73.72,179.96,80.54,0.5503848,0.3987162,0.9699287,0.55803204,0.44625458,0.88877577,0.5188601,0.4460346,0.93144566,0.4639697,0.44621694,0.8602506,0.42076272,0.47217408,0.91559684,0.60128725,0.44624233,0.8655669,0.6484763,0.46688366,0.82371163,0.70714676,0.4775741,0.96444345,0.5541945,0.6081677,0.9045697,0.53845173,0.60335976,0.8821732,0.542411,0.7182164,0.83151114,0.54615676,0.8176879,0.93150455,0.57785106,0.6082006,0.93311524,0.5777663,0.723616,0.881146,0.577756,0.8178169,0.9432875,0.55011034,0.3934972,0.96212983,0.56200343,0.39357686,0.916365,0.5461125,0.3937598,0.3324237,0.5778756,0.39882472,0.9761832,0.58147305,0.84915215,0.87683994,0.5894856,0.8439982,0.8043661,0.57750344,0.8231175,0.76784235,0.5463637,0.849093,0.8845961,0.53445894,0.8439181,0.79267573,0.54636943,0.823029,0.7848099
2023:03:04:19:56:25,up_90_1t_,50.14995622634888,74.91,73.69,179.96,80.54,0.55039275,0.39872324,0.9701047,0.55803406,0.44625047,0.8889129,0.51886046,0.44602814,0.93096966,0.46397498,0.4461644,0.86679053,0.42075893,0.47214332,0.914834,0.6012877,0.44623977,0.8660575,0.6484848,0.46687064,0.82342786,0.7071499,0.4775783,0.96357656,0.55419016,0.6033657,0.90662193,0.5384515,0.6033008,0.8843075,0.54239583,0.7131217,0.82973266,0.54615957,0.8176662,0.9329277,0.5778415,0.6081498,0.9329044,0.5777649,0.7235663,0.8785832,0.5777618,0.81780845,0.9442427,0.5501203,0.3935038,0.9635279,0.56201357,0.39358738,0.9174707,0.546127,0.39376035,0.32846594,0.5778776,0.3988295,0.97687334,0.581471,0.84915507,0.8775315,0.5894942,0.84400105,0.803332,0.57751256,0.8231146,0.7705669,0.5463649,0.8490833,0.8842164,0.53445524,0.84390116,0.7931123,0.5463743,0.8230058,0.786421
2023:03:04:19:56:25,up_90_1t_,50.209795236587524,74.91,73.71,179.97,80.56,0.5503997,0.39873368,0.96959347,0.5580359,0.44625673,0.88783884,0.51886445,0.44604152,0.92919505,0.46397388,0.44614366,0.8693998,0.42073762,0.47212282,0.9121133,0.6012873,0.44624293,0.8655124,0.64848757,0.46687782,0.823791,0.7071515,0.47758082,0.9622823,0.554188,0.6033747,0.9058574,0.5384457,0.6033133,0.88303596,0.5423938,0.7131177,0.82872593,0.54616237,0.8176724,0.9336738,0.5778435,0.608159,0.93248326,0.5777732,0.7235549,0.8772271,0.57776827,0.817819,0.9453305,0.55012405,0.39351392,0.96516097,0.5620205,0.39359573,0.9180233,0.5461264,0.3937695,0.33889166,0.5778777,0.39883068,0.97678393,0.5814695,0.84917426,0.88230217,0.5894981,0.84402686,0.8070459,0.5775227,0.82312727,0.77216995,0.5463633,0.84909457,0.8827347,0.53445786,0.84391224,0.7911121,0.5463813,0.82301366,0.7856117
2023:03:04:19:56:25,up_90_1t_,50.26720356941223,74.87,73.75,179.98,80.58,0.5504197,0.3987178,0.9677904,0.5580304,0.44626105,0.8881241,0.51885885,0.4460409,0.9296225,0.4639586,0.44614282,0.86951894,0.42072794,0.47213185,0.91001666,0.6012843,0.44624686,0.86350363,0.64847535,0.46186903,0.8238319,0.70714605,0.47757828,0.9651884,0.554193,0.608142,0.90302694,0.5384374,0.6033321,0.88087165,0.5423926,0.71314573,0.8282378,0.54616046,0.8176945,0.9319363,0.5778597,0.6081789,0.9313884,0.5777972,0.7235975,0.88137496,0.57777363,0.81782377,0.94359744,0.5501401,0.39349443,0.96381056,0.5620518,0.39358592,0.9166552,0.5461258,0.39375928,0.35980824,0.5778861,0.39883542,0.9741594,0.5814852,0.84917504,0.88533556,0.58952063,0.8440197,0.8053222,0.5775239,0.82312745,0.76603675,0.54637563,0.8491058,0.8767246,0.53447616,0.84393305,0.7852817,0.54637516,0.82304144,0.7827171
2023:03:04:19:56:25,up_90_1t_,50.327043533325195,74.86,73.77,179.99,80.59,0.55043274,0.39872313,0.96645063,0.558033,0.44626173,0.8878968,0.5188571,0.44603956,0.9311872,0.46395025,0.44612348,0.8744264,0.42072397,0.47210172,0.90976906,0.601286,0.4462431,0.8644826,0.6484832,0.4618624,0.8241139,0.7071375,0.47757837,0.9658519,0.55420643,0.608155,0.90203303,0.53845215,0.6033441,0.88197076,0.54237944,0.7131665,0.82610476,0.5461614,0.81767684,0.9334061,0.5778699,0.60818857,0.93205637,0.57780385,0.7236065,0.88238657,0.5777733,0.8178131,0.94419426,0.5501481,0.39349675,0.963938,0.56207234,0.39359048,0.9164808,0.5461245,0.3937618,0.3719321,0.57789344,0.39883903,0.9737581,0.5814667,0.8491534,0.8826787,0.5895023,0.84400386,0.80549693,0.57753015,0.82311094,0.7695845,0.5463626,0.8490781,0.87537146,0.53445876,0.84389985,0.78381675,0.54638195,0.8230131,0.7851598
2023:03:04:19:56:25,up_90_1t_,50.388877868652344,74.86,73.76,180.00,80.60,0.55044377,0.39872617,0.96529937,0.55804646,0.44625965,0.8880657,0.5188641,0.44604567,0.9294832,0.46396738,0.4461254,0.87311894,0.42072126,0.47212625,0.91139627,0.6012992,0.44622958,0.8666749,0.64850104,0.46187216,0.82358533,0.7071289,0.4775736,0.96668684,0.5542147,0.60813904,0.9003782,0.5384503,0.603324,0.88219357,0.54235935,0.71313804,0.82085323,0.5461602,0.81767696,0.9345336,0.5778805,0.6081738,0.931103,0.57781976,0.7236097,0.88239855,0.57776886,0.8178115,0.9444854,0.55015683,0.39350003,0.9631647,0.5620902,0.39359504,0.91636646,0.54612947,0.39377514,0.37858716,0.5814484,0.39885128,0.9721071,0.58147985,0.8491578,0.8842038,0.58952314,0.8439975,0.8050747,0.5775207,0.823115,0.7664282,0.546381,0.8490859,0.8785676,0.53447455,0.843911,0.7868936,0.54637533,0.8230163,0.7862851
2023:03:04:19:56:25,up_90_1t_,50.446722984313965,74.87,73.76,180.00,80.60,0.5504472,0.39872202,0.9649832,0.5580416,0.44626868,0.8871731,0.51886,0.44604942,0.93010944,0.4639651,0.44614598,0.8705024,0.42071956,0.47213802,0.91289467,0.6012914,0.4462398,0.86500186,0.64849573,0.4618633,0.82253885,0.70712394,0.47757092,0.96664107,0.55420876,0.60813713,0.90028584,0.53844273,0.6033229,0.88152486,0.5423545,0.71314096,0.8201433,0.5461568,0.81767005,0.93357986,0.577875,0.6081697,0.93106514,0.577819,0.723612,0.8819791,0.5777697,0.81780994,0.9441258,0.5501599,0.39349392,0.96243113,0.5658549,0.3935903,0.91614944,0.54613113,0.39377126,0.37950718,0.581451,0.39884916,0.9722012,0.58147997,0.84915245,0.8837296,0.5895209,0.84399307,0.8054357,0.5775222,0.8231122,0.7677786,0.5463735,0.84908473,0.87834305,0.5344646,0.84390634,0.7864632,0.5463755,0.8230054,0.7879075
2023:03:04:19:56:25,up_90_1t_,50.504568338394165,74.90,73.68,180.00,80.59,0.5504557,0.39872518,0.9645599,0.5580439,0.44625622,0.88791704,0.5188562,0.44602647,0.93115556,0.46395805,0.44614705,0.87040704,0.42074054,0.47217718,0.9246939,0.6012985,0.44623286,0.86593693,0.6485089,0.46183813,0.8201666,0.7071235,0.47756714,0.9693049,0.55421096,0.6033582,0.90038013,0.538445,0.6032892,0.8833152,0.54235184,0.71311647,0.8199766,0.5461547,0.8176777,0.9324544,0.57787395,0.6081428,0.929853,0.5778147,0.7235919,0.88201773,0.57777137,0.81780124,0.9434779,0.55016905,0.3934965,0.96179414,0.56587106,0.3935965,0.9175278,0.5461394,0.3937731,0.37607923,0.58146036,0.39885634,0.9701874,0.5814834,0.8491536,0.8795723,0.58953005,0.84398556,0.8009269,0.5775227,0.82310927,0.76582265,0.5463794,0.8490961,0.8797528,0.53447056,0.8439243,0.78719926,0.54637045,0.823021,0.785309
2023:03:04:19:56:25,up_90_1t_,50.56640291213989,74.87,73.70,179.99,80.56,0.5504527,0.398742,0.96418965,0.5580525,0.4462623,0.8864683,0.518865,0.4460221,0.9301061,0.46774247,0.44614896,0.8665072,0.4207851,0.47219723,0.93204176,0.6013032,0.44625193,0.86378455,0.6522148,0.4668789,0.8218239,0.7071241,0.47757438,0.97199935,0.5542183,0.6081451,0.89793736,0.5384567,0.6033255,0.88319755,0.54237205,0.7181883,0.82039535,0.5461572,0.81768054,0.93189216,0.5778807,0.6081771,0.93027145,0.5778261,0.7236339,0.8867226,0.57776946,0.8178031,0.94231224,0.55016816,0.3935123,0.96264267,0.565868,0.39361507,0.9185618,0.5461456,0.393772,0.35973632,0.5814585,0.39886877,0.96754235,0.5814913,0.84914815,0.8772493,0.58953255,0.84397507,0.7992654,0.5775191,0.82310987,0.76436806,0.5463856,0.84909046,0.8805864,0.53447646,0.84391814,0.7887782,0.5463707,0.82302374,0.7833563
2023:03:04:19:56:25,up_90_1t_,50.63023257255554,74.86,73.70,178.25,80.58,0.5504609,0.39873686,0.96351135,0.558052,0.446266,0.88625723,0.5188575,0.44602832,0.9300276,0.46398473,0.44617334,0.8642382,0.42080343,0.47220266,0.9336744,0.60130805,0.44624856,0.8650196,0.6522237,0.4668679,0.8211779,0.707135,0.47757664,0.9722691,0.5542363,0.60817206,0.89592606,0.53847563,0.6033529,0.8840263,0.54237497,0.7182031,0.82112986,0.54615223,0.8176752,0.9307438,0.5814498,0.6082006,0.929365,0.57783276,0.7236532,0.8874404,0.5777601,0.81780267,0.94141585,0.5501742,0.39350718,0.962393,0.5658811,0.39360937,0.9188156,0.54614854,0.39377648,0.36842602,0.5814643,0.39886442,0.9687257,0.58146954,0.8491373,0.8798666,0.58950293,0.8439808,0.8060913,0.57751274,0.82309943,0.76604956,0.5463582,0.8490744,0.87818277,0.5306813,0.8438877,0.78538114,0.54637337,0.82301295,0.783832
2023:03:04:19:56:26,up_90_1t_,50.68608331680298,74.86,73.70,178.32,80.58,0.55046064,0.39873838,0.96361077,0.55806136,0.4462707,0.8858898,0.518865,0.4460393,0.9282902,0.46774492,0.446166,0.86333656,0.42079452,0.47221577,0.9341835,0.6013168,0.44624916,0.8659306,0.6522322,0.46686378,0.821471,0.707141,0.4775824,0.9716042,0.5542427,0.60818475,0.8952773,0.5384919,0.60336846,0.88448334,0.5423866,0.7182219,0.8230862,0.5461561,0.81767565,0.9305206,0.5814505,0.60821056,0.9291094,0.57782954,0.7285155,0.8866925,0.5777584,0.8178041,0.9411985,0.5501753,0.39350945,0.96219647,0.5658798,0.39361152,0.9189985,0.54614973,0.39377874,0.366647,0.5814621,0.39886802,0.9678163,0.58145076,0.8491373,0.8759835,0.5894819,0.84398997,0.8059335,0.57751596,0.8230965,0.767908,0.5463464,0.8490762,0.87901795,0.53067076,0.84389025,0.785234,0.54638314,0.8230116,0.7819847
2023:03:04:19:56:26,up_90_1t_,50.74392819404602,74.86,73.72,178.33,80.60,0.55047476,0.39873916,0.96196455,0.5580479,0.44628668,0.8850679,0.51885504,0.44604656,0.9288938,0.46774253,0.44618106,0.8607842,0.42079565,0.47221258,0.9334879,0.6013122,0.44626993,0.86308944,0.6522268,0.46691898,0.8226125,0.70713466,0.477587,0.9724439,0.5542564,0.6082107,0.89309835,0.5385133,0.6081622,0.88561183,0.5423971,0.71827,0.8244734,0.54615587,0.81769925,0.9288262,0.5814598,0.6082264,0.9290239,0.5778355,0.7285498,0.8916271,0.57775515,0.81782234,0.9390964,0.55018145,0.39350754,0.9626739,0.5659005,0.3936094,0.91926414,0.5461471,0.3937912,0.39621794,0.5814647,0.39886793,0.96590334,0.5814692,0.84916586,0.8777216,0.58950156,0.84401,0.8055034,0.5775001,0.82311255,0.76107603,0.5463722,0.849098,0.8770459,0.53446764,0.8439236,0.7836558,0.5463697,0.82303816,0.7799074
2023:03:04:19:56:26,up_90_1t_,50.80376839637756,74.86,73.72,178.33,80.60,0.5504735,0.39873835,0.96184075,0.55805075,0.44628614,0.88476694,0.51885206,0.44604695,0.92935973,0.46774387,0.44616815,0.8634166,0.42080426,0.4722033,0.9354814,0.6013173,0.4462707,0.8630226,0.6522351,0.4669269,0.82370347,0.7071331,0.47758418,0.97316945,0.5542579,0.60822314,0.89285785,0.53850293,0.60817707,0.884619,0.54239136,0.71828336,0.8220729,0.54615515,0.8176742,0.92716944,0.5814694,0.60823387,0.92944735,0.5778403,0.7285634,0.8931104,0.5777546,0.81781155,0.9402231,0.55017877,0.3935048,0.96297073,0.565898,0.39360592,0.91905373,0.5461426,0.39378747,0.39836234,0.5814674,0.39886454,0.9664248,0.5814571,0.8491477,0.87473714,0.5894874,0.84399444,0.80622536,0.5775007,0.8230933,0.7662787,0.54634804,0.8490766,0.8757858,0.53067625,0.8438857,0.78222096,0.5463765,0.82300174,0.7815311
2023:03:04:19:56:26,up_90_1t_,50.86560297012329,74.30,73.73,178.33,80.58,0.5504699,0.398739,0.9620082,0.5580552,0.44628832,0.88415325,0.5188569,0.446047,0.9279527,0.46774366,0.4461668,0.8638193,0.42080474,0.47217426,0.9312861,0.6050173,0.44627276,0.8631727,0.6522679,0.46694162,0.8249804,0.70714706,0.4775919,0.9724929,0.5542515,0.6082398,0.89131826,0.53848994,0.60819703,0.8825657,0.54238635,0.71828806,0.82111174,0.54615396,0.8176653,0.9280089,0.5814617,0.6082448,0.928197,0.57784534,0.7285601,0.89470065,0.57776004,0.817807,0.94132745,0.5501766,0.39350584,0.96296376,0.5658931,0.39360902,0.9193129,0.54614246,0.39377913,0.38764843,0.5814654,0.39886406,0.96491003,0.58146125,0.849149,0.8787919,0.58950037,0.84398854,0.8080828,0.57750875,0.8230888,0.76621586,0.5463553,0.8490749,0.8769813,0.53067905,0.8438813,0.7838247,0.54637027,0.82298404,0.7838389
2023:03:04:19:56:26,up_90_1t_,50.92304801940918,74.29,73.72,178.33,80.58,0.55047035,0.39873725,0.96246463,0.55806184,0.44628277,0.88476956,0.5188629,0.4460453,0.92744,0.4639799,0.4461649,0.8648038,0.42080048,0.47219238,0.93334514,0.60501975,0.44626635,0.86373097,0.65227705,0.46691844,0.825725,0.7071392,0.47759268,0.97487426,0.5542491,0.60824805,0.8902345,0.53848827,0.6082055,0.8815168,0.5423933,0.71827865,0.8207836,0.5461514,0.8176616,0.9268795,0.5814587,0.6082494,0.9275836,0.57783765,0.7285599,0.8942541,0.5777517,0.817803,0.94001573,0.5501764,0.3935051,0.9629946,0.565894,0.39360672,0.9192643,0.5461421,0.39378238,0.38971978,0.5814666,0.39886197,0.96555364,0.5814579,0.8491423,0.8774904,0.58949685,0.8439789,0.80742294,0.57749647,0.8230825,0.76375234,0.5463514,0.8490594,0.87418604,0.53067255,0.8438623,0.7823584,0.5463657,0.82298124,0.78301096
2023:03:04:19:56:26,up_90_1t_,50.98043751716614,74.29,73.71,178.24,80.60,0.55046767,0.39873183,0.96441716,0.5580579,0.44627348,0.8852396,0.5188591,0.44604498,0.928205,0.4639838,0.4462055,0.8587101,0.4207841,0.47223303,0.9331989,0.6050212,0.44625607,0.8671203,0.6522915,0.46687102,0.82097226,0.7071718,0.47758713,0.9659543,0.5542628,0.60818607,0.89470905,0.5385145,0.6081595,0.88585913,0.5423964,0.71822786,0.8204027,0.54616165,0.8176948,0.9295004,0.58146405,0.6081862,0.9298322,0.5778208,0.72361475,0.8807171,0.5777486,0.81780237,0.9395205,0.5501787,0.39350417,0.9647276,0.5658869,0.39360258,0.91924536,0.5461547,0.3937719,0.38322157,0.5814636,0.3988389,0.9712979,0.58145195,0.8491543,0.87812346,0.58947796,0.844004,0.80726856,0.57749164,0.82308656,0.76436836,0.54636663,0.8490825,0.8747721,0.53447086,0.843909,0.7812409,0.5463818,0.82303256,0.78072554
2023:03:04:19:56:26,up_90_1t_,51.04027700424194,74.29,73.73,178.24,84.89,0.5540884,0.3987923,0.96295947,0.5580559,0.44628698,0.88248384,0.5188535,0.44606116,0.9284945,0.46396255,0.4462094,0.86033714,0.42078757,0.4722044,0.93095255,0.6050421,0.4462619,0.86815965,0.65230274,0.46692306,0.82218635,0.7071733,0.47759438,0.96596766,0.55426204,0.60815716,0.89495265,0.5385056,0.6033667,0.88570416,0.5423926,0.71820444,0.8191879,0.5461532,0.81768626,0.9283657,0.58147025,0.60815924,0.9290229,0.57782716,0.723593,0.8805571,0.5777512,0.81779706,0.9413111,0.5501779,0.39354962,0.9725435,0.5659123,0.3936386,0.92230237,0.5461434,0.39379767,0.43199715,0.581477,0.3988316,0.9697762,0.5814656,0.8491536,0.879673,0.58949757,0.8439939,0.8062755,0.57749015,0.82308733,0.7651285,0.5463674,0.84908366,0.87587667,0.53446496,0.8439098,0.78263545,0.5463707,0.8230246,0.7805421
2023:03:04:19:56:26,up_90_1t_,51.10211229324341,74.87,73.72,178.24,80.47,0.5503721,0.39876607,0.96776974,0.55807316,0.44628015,0.8844145,0.5188777,0.44605938,0.9269205,0.46775833,0.44622818,0.8556882,0.42082712,0.4722065,0.93294406,0.6013248,0.44626054,0.86718833,0.6522962,0.4668976,0.82099277,0.7071661,0.47758004,0.9631529,0.5542559,0.6081996,0.8946886,0.53852785,0.6081738,0.8860048,0.54240704,0.71822923,0.8230637,0.54615444,0.81768644,0.929713,0.5814458,0.6081977,0.930348,0.57782114,0.7236145,0.8801187,0.5777643,0.8178037,0.9423429,0.5501065,0.39353123,0.9605608,0.5619898,0.39362088,0.91976726,0.5461303,0.39375508,0.27416146,0.57787925,0.39885664,0.9719885,0.5814523,0.84915966,0.88494587,0.5894888,0.8440177,0.8120607,0.5775188,0.8230901,0.7717194,0.5463445,0.8490836,0.8753139,0.53067654,0.8438933,0.7804672,0.5463856,0.823018,0.7821577
2023:03:04:19:56:26,up_90_1t_,51.161951780319214,74.85,73.72,178.23,80.41,0.5503174,0.3987087,0.9628308,0.5580666,0.44625917,0.88713,0.51886827,0.4460313,0.9293344,0.46397936,0.4462461,0.85481846,0.42081317,0.47219816,0.9306258,0.6013248,0.44624758,0.86958516,0.6522856,0.46691114,0.823967,0.7071709,0.47758558,0.9658259,0.5542702,0.6081725,0.8931497,0.5422292,0.6081435,0.8889313,0.54239786,0.71317095,0.8189386,0.54615635,0.8176527,0.928129,0.5814539,0.6081752,0.9299288,0.57781726,0.72358274,0.8772803,0.5777637,0.8177811,0.9416845,0.5500632,0.3934621,0.9426875,0.558171,0.3935542,0.9132616,0.5461251,0.39365038,0.19908175,0.5778692,0.39877564,0.9710086,0.5814504,0.8491447,0.88485485,0.5894946,0.84399706,0.8114638,0.5775181,0.823063,0.77184653,0.5463362,0.84905404,0.87164164,0.53066134,0.84385085,0.77838457,0.54639137,0.8229737,0.78340775
2023:03:04:19:56:26,up_90_1t_,51.219797134399414,74.30,73.71,178.23,80.37,0.55028886,0.3987176,0.9634321,0.5580722,0.44626346,0.88618785,0.51886284,0.44603732,0.92712605,0.46396074,0.44624716,0.8530078,0.42080554,0.47220254,0.9262405,0.6050245,0.44625363,0.8707785,0.65228647,0.4669183,0.825942,0.7071789,0.47758332,0.96593505,0.55426586,0.6081785,0.8928647,0.54222023,0.6081498,0.8852819,0.54241735,0.71819925,0.819845,0.54614484,0.81769764,0.9284077,0.5814563,0.6081811,0.93078876,0.5778144,0.7236154,0.88021207,0.57775384,0.81780136,0.94046324,0.5464875,0.39346012,0.9402471,0.5581402,0.39355952,0.9156368,0.54613787,0.39364207,0.17057149,0.57786757,0.3987823,0.97299236,0.5814864,0.84916246,0.88727593,0.58952326,0.84399676,0.8086291,0.5774895,0.8230918,0.7631435,0.54635704,0.8490855,0.877519,0.53444815,0.84390634,0.7838332,0.546358,0.8230377,0.78445375
2023:03:04:19:56:26,up_90_1t_,51.28115773200989,74.29,73.72,178.24,80.38,0.55029315,0.39871854,0.9653024,0.55807066,0.44625387,0.8864959,0.51887363,0.44602728,0.92930615,0.46397215,0.4462685,0.85146576,0.4208145,0.4721871,0.9268917,0.6050183,0.446259,0.86843514,0.6522889,0.46691614,0.8269598,0.70717114,0.47758654,0.96849275,0.5542719,0.6081537,0.892319,0.5422312,0.6033576,0.8882109,0.5424266,0.71819395,0.821812,0.5461488,0.8177167,0.92912346,0.5814562,0.6081569,0.93020433,0.57782394,0.7236093,0.8831856,0.5777602,0.8178068,0.9411363,0.54649067,0.39346376,0.9429819,0.5581474,0.39356297,0.9164479,0.54613316,0.393647,0.17834452,0.5778668,0.39878774,0.9747257,0.58149886,0.8491673,0.8904034,0.5895392,0.84398746,0.8077936,0.5774947,0.8231037,0.75934446,0.5463764,0.8491027,0.8792589,0.5344716,0.8439298,0.7851572,0.5463565,0.823063,0.7830297
2023:03:04:19:56:26,up_90_1t_,51.34299278259277,74.29,73.72,178.24,80.38,0.55029804,0.3987204,0.9681877,0.55807817,0.44625035,0.8866422,0.51888204,0.44602633,0.930861,0.46394488,0.4512121,0.84819305,0.42078534,0.47221032,0.9248412,0.6050271,0.44625127,0.8713993,0.6523426,0.46689934,0.8192633,0.7071961,0.47758391,0.9631431,0.5542901,0.60819864,0.89277005,0.54225695,0.60817105,0.89287996,0.54244125,0.7182376,0.8245251,0.54614896,0.81771696,0.9303313,0.5814744,0.6081935,0.93264854,0.577839,0.72364527,0.88436455,0.5777637,0.817819,0.94206953,0.5500588,0.39347303,0.9464792,0.5581603,0.39357772,0.91869974,0.5461547,0.39366302,0.17386618,0.5778755,0.39882734,0.97611606,0.58151037,0.84918296,0.8939194,0.5895539,0.8440044,0.80906403,0.57749647,0.82311743,0.76033294,0.5463784,0.8491101,0.8814188,0.53447676,0.8439387,0.7875217,0.5463528,0.82305896,0.7858003
2023:03:04:19:56:26,up_90_1t_,51.400837421417236,74.28,73.71,178.24,80.42,0.5503427,0.39873964,0.96894544,0.5580718,0.4462284,0.88724035,0.5188723,0.4460003,0.9339553,0.46392292,0.4462704,0.85396373,0.4207467,0.47221285,0.92170566,0.6050213,0.4462346,0.87200725,0.6523244,0.46690187,0.8185297,0.70719063,0.477578,0.96296865,0.5542957,0.6081685,0.89195395,0.5422635,0.60814035,0.89238656,0.5424315,0.71818936,0.8206546,0.5461516,0.817681,0.93108654,0.58147913,0.6081661,0.93205476,0.5778415,0.7235938,0.8792058,0.577768,0.817815,0.94250697,0.5500875,0.39350072,0.95548105,0.5619549,0.39359605,0.91914016,0.54613304,0.39368182,0.22178587,0.5778862,0.39881533,0.97436506,0.5814946,0.84918946,0.89335096,0.5895472,0.844024,0.8096639,0.5775044,0.82311684,0.7639414,0.5463575,0.84909904,0.87939805,0.5306779,0.8439036,0.78602374,0.54636186,0.8230153,0.78683007
2023:03:04:19:56:26,up_90_1t_,51.45980453491211,74.84,73.68,178.30,80.41,0.55033404,0.3987453,0.97111946,0.55806684,0.4462343,0.8877076,0.5188688,0.44600362,0.93494016,0.463881,0.45126608,0.8472798,0.42070046,0.47229078,0.9236833,0.60132474,0.4462292,0.87287766,0.652321,0.46690062,0.81944096,0.70719373,0.47757688,0.9611108,0.5543072,0.60814095,0.8886418,0.5422786,0.6033537,0.89322674,0.5424141,0.71307105,0.82017297,0.5461533,0.8176695,0.9327131,0.5814786,0.60336614,0.9305768,0.5778293,0.7234576,0.86540407,0.5777649,0.81779236,0.9440804,0.5500837,0.3935148,0.95885897,0.56193435,0.39360416,0.9213746,0.5461502,0.39369035,0.21059123,0.5778769,0.39881566,0.97687906,0.5814943,0.84916615,0.8920614,0.5895466,0.84398985,0.8044904,0.57749957,0.82309896,0.7655047,0.546361,0.849098,0.8803003,0.530684,0.84391195,0.78765297,0.546363,0.8230144,0.7871766
2023:03:04:19:56:26,up_90_1t_,51.51964497566223,74.84,73.66,178.23,80.41,0.550337,0.39874753,0.9722595,0.5580616,0.44623235,0.8871593,0.518865,0.44598928,0.9347565,0.46385354,0.45123804,0.8479054,0.42069447,0.4723111,0.9237663,0.6013223,0.4462358,0.87170094,0.6523287,0.46693602,0.8212937,0.7072022,0.47758368,0.9626626,0.5543075,0.60817885,0.8877177,0.5422827,0.60814923,0.8937342,0.54243314,0.71315855,0.82186455,0.5461494,0.8176839,0.92963,0.5814769,0.60817665,0.9304273,0.57782173,0.7235245,0.8720189,0.5777552,0.81778795,0.9426884,0.5500827,0.39351848,0.9617515,0.5581928,0.393604,0.92203414,0.5461448,0.39371118,0.22481138,0.57787156,0.39881283,0.9772019,0.5815094,0.8491669,0.8886519,0.5895583,0.84397477,0.801476,0.5774773,0.82308286,0.76311874,0.546369,0.84910965,0.88281024,0.53445905,0.84393764,0.7905309,0.5463482,0.82303023,0.78416044
2023:03:04:19:56:26,up_90_1t_,51.58147954940796,74.83,73.67,178.21,80.42,0.550336,0.39875013,0.97281003,0.558061,0.44624034,0.88659686,0.5188621,0.44600898,0.93283683,0.4638484,0.4512488,0.84680176,0.42066428,0.4723368,0.92084223,0.6013189,0.44622734,0.8732788,0.65235263,0.4669109,0.81851125,0.70722526,0.47757888,0.9572768,0.55431485,0.60820293,0.8867145,0.5422869,0.6081765,0.89308596,0.54244745,0.7181874,0.8223373,0.54615116,0.8176466,0.9278208,0.5814852,0.60819584,0.93203336,0.57780933,0.7235522,0.8719808,0.5777485,0.8177787,0.94218975,0.5500814,0.39352283,0.96255505,0.5581914,0.39360675,0.92199385,0.54614145,0.39371142,0.22627324,0.57787025,0.39881724,0.9778554,0.5814609,0.8491332,0.87830526,0.5894955,0.84396696,0.8036804,0.57748264,0.8230634,0.7679084,0.5463481,0.84907115,0.8849894,0.53066766,0.84387845,0.7921677,0.5463636,0.8229765,0.78307706
2023:03:04:19:56:26,up_90_1t_,51.63932394981384,74.83,71.08,178.31,80.43,0.5503294,0.39873934,0.97239685,0.55806255,0.4462511,0.88593376,0.5188586,0.4460269,0.9306375,0.4600987,0.45126602,0.8482363,0.42059374,0.47718653,0.9078866,0.6013236,0.4462291,0.8747104,0.6523592,0.46689922,0.81700903,0.7072478,0.47758976,0.9556196,0.5543187,0.6082738,0.88824123,0.5422804,0.60824776,0.8911762,0.5460822,0.7183257,0.83267087,0.546166,0.8176941,0.9282356,0.5815027,0.60826033,0.9355183,0.57783675,0.7285504,0.8871157,0.5777489,0.81782657,0.94231206,0.5500753,0.39351118,0.96024036,0.5581888,0.3935962,0.92067665,0.54613656,0.39369604,0.21948166,0.5778715,0.3988191,0.9772481,0.5815017,0.84916306,0.87834996,0.5895104,0.84399205,0.8031473,0.5774789,0.8231116,0.7660738,0.5463724,0.8491115,0.88351136,0.53447413,0.8439343,0.791466,0.54636306,0.8230326,0.78350747
2023:03:04:19:56:27,up_90_1t_,51.69716954231262,74.27,71.08,178.32,80.43,0.550333,0.39874518,0.97173554,0.5580642,0.44624653,0.88639987,0.5188542,0.44602424,0.9315665,0.46009097,0.45127594,0.8482541,0.42057252,0.47719863,0.9065428,0.60502034,0.44621825,0.8764435,0.6523738,0.46691382,0.8153338,0.70726466,0.47758776,0.9532312,0.5543237,0.60829556,0.8876775,0.54228055,0.60827094,0.89071107,0.54608285,0.71836233,0.8340957,0.5461632,0.81772596,0.92822605,0.58151287,0.6082793,0.9353911,0.57784456,0.7285709,0.88890004,0.5777418,0.81783324,0.9423067,0.55007404,0.3935174,0.9614327,0.55819,0.3935952,0.9202666,0.5461302,0.39370826,0.22987264,0.5778719,0.3988074,0.977649,0.5815194,0.8491695,0.87633026,0.58951783,0.84398645,0.79917806,0.57386416,0.8231163,0.76071256,0.5463986,0.8491285,0.88322634,0.53450847,0.84396875,0.79300857,0.5463457,0.82307285,0.78129673
2023:03:04:19:56:27,up_90_1t_,51.757009506225586,72.95,72.38,178.33,80.43,0.5503236,0.39874858,0.97178286,0.55807024,0.4462432,0.88656855,0.5188539,0.44603246,0.9304622,0.46009445,0.45126346,0.84620893,0.4205999,0.47721058,0.9074167,0.60501826,0.4462062,0.87788963,0.65614825,0.46694675,0.8166479,0.7072759,0.47758415,0.95232004,0.5580363,0.6082875,0.88739455,0.54230034,0.6082772,0.89267194,0.54610306,0.71839255,0.84111893,0.546166,0.8177888,0.9287588,0.5815349,0.6082758,0.93654263,0.57785946,0.72857183,0.8901566,0.5777361,0.8178543,0.941364,0.5500703,0.3935194,0.959617,0.5581798,0.39359948,0.92072445,0.5461396,0.39370146,0.21566999,0.57787263,0.39881936,0.97749704,0.58155817,0.8491949,0.8731985,0.58954,0.84400374,0.79421747,0.5738396,0.82313824,0.7553531,0.5464525,0.84916884,0.88313496,0.53458446,0.84404635,0.7960466,0.5463209,0.8231556,0.77732384
2023:03:04:19:56:27,up_90_1t_,51.81884455680847,73.52,72.38,178.33,80.44,0.55033326,0.3987404,0.9712489,0.5580635,0.4462432,0.8868855,0.5188541,0.4460232,0.93160546,0.46009505,0.4512822,0.84438014,0.42060494,0.4772033,0.906625,0.6013199,0.4462236,0.8751942,0.65613186,0.46693385,0.81605834,0.707261,0.47758362,0.9521022,0.5580351,0.6082968,0.8884375,0.54230046,0.6082825,0.8931507,0.54610074,0.7183944,0.8415927,0.54616743,0.817793,0.92917955,0.58153486,0.6082884,0.93763644,0.57785684,0.728575,0.89112407,0.57773656,0.8178518,0.94160944,0.5500804,0.39350858,0.9595475,0.5619369,0.3935974,0.9195853,0.54614353,0.39368603,0.2194894,0.5778807,0.39882085,0.9776217,0.58156043,0.849184,0.869558,0.5895365,0.84399,0.7917475,0.5738401,0.8231344,0.756889,0.54645723,0.8491601,0.8816864,0.5345919,0.84403896,0.7950475,0.54632276,0.82316077,0.777822
2023:03:04:19:56:27,up_90_1t_,51.87623834609985,72.96,72.38,178.33,80.43,0.55034816,0.39873788,0.96739995,0.55809104,0.44623092,0.88630146,0.5188709,0.446021,0.928827,0.46382552,0.45125315,0.8423585,0.42062166,0.47718966,0.9078428,0.6050297,0.44622624,0.87680864,0.6561632,0.4669419,0.8173136,0.7072959,0.47759447,0.95014155,0.55804235,0.6083155,0.88814193,0.54230595,0.6083002,0.8929084,0.5461172,0.7233977,0.84723824,0.5461638,0.8178125,0.92509437,0.58154106,0.6083064,0.9369696,0.5778498,0.72862554,0.8972057,0.5777135,0.81786615,0.93782717,0.55009896,0.3934977,0.95525444,0.5619629,0.39360154,0.91882634,0.54615706,0.39365497,0.21048447,0.57789606,0.3988251,0.97415316,0.5815838,0.8491815,0.86249125,0.58953154,0.84397006,0.78755367,0.57379884,0.8231382,0.7494864,0.5500614,0.8491593,0.8777124,0.53839386,0.8489895,0.797686,0.5462945,0.82318366,0.77496463
2023:03:04:19:56:27,up_90_1t_,51.93208885192871,72.98,72.37,178.33,80.42,0.55035096,0.39877075,0.96584374,0.5580974,0.4462303,0.88561994,0.51887137,0.44601524,0.92729914,0.46386546,0.4512645,0.84056973,0.42063132,0.4771926,0.909545,0.6050376,0.44624025,0.8765264,0.65615803,0.46694937,0.8164331,0.70730025,0.47759563,0.9492675,0.55803514,0.6082922,0.8885216,0.5423002,0.60827965,0.8919173,0.5461141,0.72338325,0.84703547,0.54616433,0.81780577,0.9247932,0.58153445,0.60828334,0.93619865,0.57785046,0.7286036,0.89492506,0.57772255,0.8178681,0.93892556,0.5501019,0.39352292,0.95557356,0.5619683,0.39362994,0.91988754,0.5461566,0.39365238,0.20431459,0.5814489,0.39884302,0.96985704,0.58157355,0.849181,0.86575544,0.58952737,0.8439811,0.79049706,0.5738153,0.82315296,0.7526238,0.54646784,0.84916466,0.8797305,0.53835106,0.8440575,0.7956551,0.5463066,0.8231794,0.77429336
2023:03:04:19:56:27,up_90_1t_,51.99149537086487,72.98,72.39,178.34,80.43,0.5503721,0.3988217,0.9641252,0.5581219,0.4462391,0.8837168,0.51887536,0.44604507,0.92303336,0.4638241,0.4512517,0.8425626,0.42058346,0.47720662,0.90362793,0.6050639,0.44624665,0.8788511,0.6562249,0.46689624,0.8135276,0.70730996,0.47758022,0.94633806,0.5580635,0.60828364,0.88858724,0.54231036,0.608277,0.8923247,0.5461269,0.7233845,0.8493166,0.54617643,0.8178279,0.9234527,0.581566,0.60826975,0.93703675,0.5778774,0.7285595,0.88973653,0.5777208,0.81785434,0.93976617,0.5501183,0.39357102,0.95929635,0.5619931,0.39367047,0.9219902,0.5461555,0.39370883,0.22290611,0.5814564,0.39888707,0.96648544,0.5816126,0.8491697,0.8624558,0.5895532,0.8439442,0.7851178,0.57379264,0.8231242,0.7468862,0.5500924,0.8491789,0.8705283,0.5384309,0.84901375,0.7955589,0.5462977,0.82320845,0.7724798
2023:03:04:19:56:27,up_90_1t_,52.053330183029175,72.99,72.39,178.34,80.43,0.5503742,0.3988249,0.96330655,0.5581293,0.4462424,0.8830128,0.5188822,0.44605237,0.92230666,0.46383294,0.4512473,0.84378886,0.42059,0.47719964,0.90388846,0.60506827,0.44624665,0.87863487,0.65620685,0.46692255,0.81506854,0.7073042,0.47757784,0.94823015,0.55804956,0.60827446,0.89065063,0.54230464,0.60826397,0.8929492,0.54611814,0.72335565,0.84541047,0.5461723,0.8178056,0.9236321,0.5815527,0.60826457,0.9380877,0.5778696,0.7285449,0.8869805,0.5777168,0.81784517,0.9399188,0.5501191,0.39357522,0.958711,0.56199497,0.39367196,0.92182195,0.54615307,0.39372128,0.22833543,0.58145463,0.39888602,0.96528876,0.581601,0.84915704,0.8584474,0.58953995,0.84393716,0.7842269,0.5737932,0.8231207,0.75073564,0.55006516,0.8491616,0.87287176,0.5383935,0.8440668,0.7943579,0.54630274,0.8231863,0.7723953
2023:03:04:19:56:27,up_90_1t_,52.111175298690796,72.99,74.98,178.34,80.43,0.550386,0.39884332,0.9627721,0.5581476,0.4462353,0.88230836,0.51888615,0.44605142,0.92413396,0.46386006,0.4512327,0.8465077,0.4206429,0.47235742,0.9095269,0.60509217,0.44624358,0.88239294,0.6562536,0.46691906,0.8134803,0.7073112,0.4775754,0.9460611,0.5580574,0.6082409,0.8914142,0.54231215,0.60822815,0.89544415,0.54611874,0.71839255,0.84498596,0.5461726,0.81778866,0.9242452,0.58155245,0.6082403,0.93793976,0.5778725,0.72853106,0.8862784,0.57772255,0.8178408,0.9394114,0.5501245,0.3935943,0.9613612,0.5620128,0.39368317,0.92258656,0.5461509,0.39374772,0.24063274,0.58146495,0.3988875,0.9657243,0.58155745,0.849164,0.85919034,0.5895084,0.8439702,0.7868229,0.573814,0.82311684,0.754733,0.5464617,0.84914213,0.87531054,0.53459626,0.8440135,0.79071724,0.54632145,0.8231617,0.7712083
2023:03:04:19:56:27,up_90_1t_,52.16902041435242,72.98,74.98,178.36,80.46,0.5504099,0.3988386,0.96125585,0.5581505,0.44623303,0.8819401,0.51888454,0.44605035,0.9239909,0.46385485,0.45122948,0.8495904,0.42065555,0.47234178,0.9076577,0.6051076,0.44623083,0.88496405,0.6562599,0.46689758,0.81338984,0.70731,0.47758165,0.94725406,0.5580531,0.60823,0.8922917,0.5422999,0.60821784,0.8939066,0.5461072,0.72336453,0.8425485,0.54616827,0.81780297,0.92160815,0.5815557,0.6082288,0.93827385,0.5778896,0.728525,0.8850646,0.5777245,0.8178434,0.939968,0.550142,0.39358887,0.96237516,0.562049,0.3936787,0.9221286,0.5461596,0.39375186,0.26041466,0.5814781,0.39887786,0.964837,0.58157104,0.84915346,0.85753083,0.58951485,0.8439625,0.7870723,0.5738135,0.82311994,0.75759894,0.5464361,0.8491491,0.8739325,0.5345711,0.8440185,0.78858155,0.546327,0.823176,0.7699498
2023:03:04:19:56:27,up_90_1t_,52.22886037826538,72.97,74.98,177.79,80.46,0.5504168,0.39885435,0.9599833,0.5581644,0.44621852,0.881738,0.51889664,0.44604802,0.9246747,0.46386197,0.45125252,0.84854376,0.42066532,0.4723531,0.91018724,0.6051166,0.446218,0.8869206,0.656271,0.4668871,0.81137586,0.70731163,0.47757676,0.94538736,0.55807525,0.6081589,0.89245045,0.54231423,0.608143,0.89628506,0.5461099,0.7183871,0.8423478,0.5461671,0.81781185,0.9210117,0.5815758,0.608171,0.9372137,0.58145934,0.72363013,0.8825456,0.577727,0.817843,0.9398951,0.5501431,0.39360467,0.9640296,0.56205475,0.39368814,0.9226309,0.5461549,0.39377043,0.27119064,0.58148634,0.39887378,0.9642204,0.58159965,0.84915894,0.85922563,0.58954585,0.8439557,0.78584856,0.5738048,0.82311416,0.7538359,0.54646873,0.84915495,0.8698859,0.5383526,0.8440413,0.7867696,0.54631406,0.82318515,0.77001715
2023:03:04:19:56:27,up_90_1t_,52.29225397109985,72.98,74.99,177.68,80.50,0.55044305,0.39883995,0.9579225,0.5581537,0.4462264,0.8821485,0.51888674,0.44605047,0.92486274,0.46386504,0.45123976,0.8486008,0.42066786,0.4723482,0.9135015,0.60511804,0.44622815,0.88570607,0.65627855,0.4668623,0.8099342,0.70730114,0.47755975,0.9444692,0.55808204,0.6081909,0.8927332,0.54231167,0.6081729,0.8970639,0.5461129,0.71840537,0.8438372,0.5461655,0.81780446,0.92043424,0.58158803,0.6082015,0.9377511,0.5814527,0.7285189,0.8847724,0.5777268,0.8178408,0.94190955,0.55016387,0.39358878,0.96331877,0.56585413,0.3936781,0.9218521,0.54615754,0.39376956,0.29300934,0.58150154,0.39887837,0.9640616,0.5816039,0.849142,0.85651034,0.5895431,0.8439365,0.7850725,0.57380587,0.82311404,0.7565001,0.5464714,0.8491499,0.8719394,0.5383562,0.8440383,0.78929824,0.54630965,0.8231782,0.76934934
2023:03:04:19:56:27,up_90_1t_,52.35209345817566,72.98,75.00,178.36,80.50,0.55044883,0.39884546,0.9579916,0.5581541,0.44622523,0.8824632,0.5188881,0.44604298,0.925682,0.4638851,0.45123562,0.849548,0.42069402,0.47229758,0.9085053,0.6051233,0.44622847,0.8861466,0.65627986,0.46186045,0.8099376,0.7073058,0.47756994,0.9451611,0.55806375,0.60821044,0.89223146,0.54229206,0.6081884,0.8925909,0.5461181,0.7233884,0.84596056,0.5461615,0.81783575,0.91839135,0.5815778,0.60822314,0.93801814,0.57789266,0.7285525,0.8879695,0.5777135,0.81785405,0.93958545,0.5501704,0.39359257,0.96500343,0.5658631,0.39368588,0.923454,0.54616266,0.39376768,0.3014412,0.58149785,0.39888266,0.96292365,0.58159554,0.8491578,0.8547772,0.58952826,0.8439463,0.7836424,0.5737871,0.8231233,0.7511845,0.5500573,0.84916943,0.8715315,0.538389,0.84899586,0.79083705,0.54629475,0.82816905,0.76548916
2023:03:04:19:56:27,up_90_1t_,52.40993928909302,72.98,75.01,178.36,80.51,0.5504553,0.3988497,0.9573204,0.55815387,0.44622913,0.8823751,0.5188914,0.44605002,0.92524904,0.46388045,0.45123857,0.84957576,0.42068988,0.4722917,0.90819615,0.6051228,0.44622988,0.88594043,0.6600465,0.46184373,0.8103547,0.70731634,0.4775758,0.9455716,0.55807084,0.60820436,0.8922481,0.5423051,0.60818404,0.89496654,0.5461214,0.7233858,0.8466671,0.5461643,0.81782454,0.91891474,0.58157694,0.6082178,0.9385326,0.57788765,0.72855794,0.8888861,0.57771355,0.8178549,0.9395133,0.5501742,0.3935977,0.9657704,0.5658714,0.3936882,0.92401284,0.5461663,0.39377454,0.30607846,0.58150005,0.39888123,0.96292806,0.58158356,0.84915847,0.8556726,0.5895184,0.84395427,0.78594965,0.5737919,0.82312447,0.7529474,0.5464822,0.8491672,0.87451875,0.5383672,0.84406346,0.7913656,0.54630554,0.8232018,0.7665701
2023:03:04:19:56:27,up_90_1t_,52.47376799583435,72.97,75.00,178.35,80.49,0.5504312,0.39884287,0.9594364,0.55815345,0.4462237,0.8830899,0.518888,0.44605017,0.9246265,0.46386346,0.451261,0.84748673,0.4206681,0.47231445,0.90926826,0.6051194,0.44622564,0.887344,0.65625995,0.4618126,0.81208444,0.7073041,0.47757503,0.94615734,0.5580732,0.60821027,0.89234585,0.54230195,0.60819054,0.8945998,0.5461155,0.7233782,0.8438584,0.5461633,0.817817,0.91871005,0.58158237,0.6082219,0.9386985,0.5778915,0.7285432,0.88674223,0.5777185,0.81784534,0.94080514,0.55016005,0.39358935,0.9643571,0.5620833,0.3936861,0.9227949,0.54617226,0.3937505,0.27475607,0.5814955,0.3988891,0.96419305,0.5815791,0.849143,0.8546674,0.58951247,0.8439387,0.7853422,0.5737988,0.8231145,0.75419325,0.54647475,0.8491581,0.8737663,0.53835994,0.844052,0.78987163,0.54630774,0.82318765,0.7673496
2023:03:04:19:56:27,up_90_1t_,52.53759741783142,72.97,75.03,177.69,80.48,0.55042315,0.39882705,0.9606608,0.5581623,0.44623202,0.88180846,0.5188953,0.44605976,0.9234382,0.46388352,0.4512429,0.84918684,0.4206839,0.4722821,0.9095447,0.60511637,0.4462407,0.88607883,0.6562399,0.46185896,0.8111745,0.7072904,0.47757733,0.94527423,0.5580929,0.6081808,0.8916997,0.54231757,0.6081543,0.89670753,0.5461198,0.7233682,0.84599376,0.5461542,0.81784993,0.91736364,0.581594,0.60820246,0.93755096,0.5814405,0.72853416,0.8856742,0.577718,0.817864,0.9392519,0.55015415,0.39357886,0.9626355,0.5620699,0.39367154,0.9222214,0.5461704,0.39376587,0.27186334,0.5814886,0.39888594,0.96587896,0.5815956,0.8491731,0.8599249,0.58953327,0.8439664,0.7871763,0.5737926,0.82314336,0.74872464,0.5464868,0.8492021,0.87666523,0.53837395,0.849021,0.7942459,0.5462924,0.8281901,0.76537144
2023:03:04:19:56:27,up_90_1t_,52.59544324874878,72.97,75.03,178.27,80.45,0.5503998,0.39878982,0.9642157,0.55815816,0.44622466,0.8820243,0.5189039,0.44604802,0.9235248,0.4638927,0.44629422,0.8509983,0.42070216,0.4722675,0.91143924,0.60509735,0.44624367,0.8838523,0.65619504,0.46185338,0.81327504,0.70726806,0.47758576,0.9485924,0.5580871,0.60817164,0.89155394,0.5423188,0.60813934,0.89696527,0.5461198,0.7233511,0.84549344,0.54616046,0.8178527,0.91945195,0.5815832,0.60819983,0.93736255,0.5778887,0.72365415,0.8827393,0.57771564,0.8178603,0.9382789,0.5501422,0.39354688,0.9600622,0.5620424,0.39364693,0.92131674,0.5461781,0.39372483,0.24505644,0.58147633,0.39888036,0.96899694,0.5815954,0.84917986,0.86185676,0.589536,0.8439696,0.78715354,0.57379144,0.8231386,0.74587256,0.55006903,0.84920883,0.8747194,0.5383939,0.8490367,0.79501283,0.5462935,0.82819855,0.7664015
2023:03:04:19:56:28,up_90_1t_,52.65528678894043,72.98,75.03,178.27,80.44,0.55039424,0.39879978,0.9638812,0.5581673,0.4462281,0.8808897,0.51890963,0.4460564,0.9223318,0.46390978,0.44628412,0.8518503,0.4207063,0.47226602,0.91306794,0.6051054,0.446249,0.88404673,0.65620726,0.46187243,0.8117951,0.7072706,0.4775811,0.94760716,0.55809104,0.6081664,0.8920921,0.5423171,0.60337204,0.897666,0.5461188,0.71838695,0.844277,0.54616874,0.81783926,0.9222644,0.58158845,0.6081951,0.937502,0.5778925,0.723635,0.88187504,0.57772714,0.81785125,0.93905675,0.55013543,0.39355603,0.96042717,0.56203145,0.39365077,0.92152864,0.5461774,0.39372927,0.2388314,0.58147585,0.39887685,0.96999085,0.5816064,0.8491747,0.86220163,0.589558,0.84396285,0.78482026,0.57380563,0.8231312,0.7464332,0.55007994,0.84919745,0.8737439,0.53840584,0.8490268,0.79543453,0.5463002,0.8281781,0.76827383
2023:03:04:19:56:28,up_90_1t_,52.71711778640747,72.97,75.03,178.27,80.45,0.55039364,0.39880213,0.9639039,0.5581625,0.44622907,0.8808642,0.51890546,0.44605976,0.9229366,0.46388128,0.45121425,0.84933084,0.42068648,0.47228983,0.91168493,0.6051044,0.44624746,0.88439256,0.6561971,0.4668786,0.81363726,0.70726466,0.4775834,0.94770515,0.55810547,0.60813916,0.89181525,0.54232895,0.60335004,0.9000264,0.54611486,0.7183793,0.8437795,0.546162,0.8178404,0.92074245,0.5816002,0.6081661,0.9364602,0.57788974,0.7236229,0.8814375,0.5777154,0.8178477,0.93790716,0.5501323,0.39355478,0.96162623,0.56203216,0.39365086,0.92132545,0.5461686,0.3937236,0.24378718,0.5814756,0.398873,0.96897984,0.5815904,0.8491752,0.8589036,0.589533,0.843965,0.784031,0.57379127,0.8231232,0.7462067,0.55007124,0.8491895,0.8742346,0.5383959,0.84901786,0.7947284,0.54629326,0.8281812,0.7666025
2023:03:04:19:56:28,up_90_1t_,52.780946493148804,72.97,75.03,177.68,80.47,0.5504047,0.39881107,0.9634019,0.5581567,0.44624037,0.88011646,0.51889205,0.44607267,0.92368466,0.46383056,0.45123965,0.8498,0.4206242,0.47232142,0.9045644,0.6051115,0.446247,0.884229,0.65620464,0.46691224,0.81191516,0.7072805,0.47757784,0.94596326,0.55811113,0.6082037,0.89090717,0.5423242,0.60817415,0.8982875,0.5461186,0.72339475,0.847185,0.5461607,0.81783795,0.9204056,0.5816154,0.60822064,0.93712866,0.5814456,0.7285576,0.887784,0.5777092,0.81783235,0.93826896,0.55013734,0.39356217,0.9634949,0.5620464,0.39365625,0.9215318,0.5461606,0.39374357,0.26358652,0.58147436,0.3988782,0.9679126,0.58159816,0.84914374,0.85734767,0.5895372,0.8439257,0.78352535,0.5737793,0.82309043,0.74684995,0.55007505,0.8491695,0.870662,0.53840566,0.84900147,0.7920078,0.54628766,0.82321763,0.7679386
2023:03:04:19:56:28,up_90_1t_,52.84078669548035,72.96,75.03,177.67,80.51,0.55042714,0.39880317,0.96272546,0.5581401,0.44625488,0.88024163,0.5188871,0.44607675,0.92364866,0.46383527,0.45125476,0.8476045,0.42065012,0.472328,0.9072615,0.6051006,0.44624603,0.8832713,0.65617967,0.46691373,0.8117726,0.70728076,0.47757977,0.94567066,0.5581036,0.60820425,0.891286,0.542319,0.60817456,0.89812964,0.5461141,0.72338027,0.846041,0.54616344,0.8178583,0.9215813,0.5816089,0.60822093,0.9371606,0.5814551,0.72853816,0.8865879,0.57770383,0.81782943,0.93754214,0.55014914,0.3935589,0.9661397,0.5620721,0.393647,0.9205755,0.5461573,0.39376622,0.29964608,0.58147645,0.39885965,0.96997714,0.58161265,0.8491576,0.8608311,0.5895554,0.84392613,0.7830659,0.57376,0.82307935,0.7384877,0.55012065,0.84918106,0.86641836,0.53845364,0.84903044,0.79249793,0.54627115,0.82819605,0.7686725
2023:03:04:19:56:28,up_90_1t_,52.89822769165039,72.96,75.02,177.78,80.52,0.55043364,0.39878792,0.9632432,0.5581283,0.44623885,0.8818661,0.51887774,0.44605637,0.9258292,0.4638248,0.4512475,0.84912497,0.42064786,0.4723252,0.904544,0.60509396,0.4462376,0.88308036,0.6561763,0.46688098,0.8128101,0.7072739,0.4775805,0.9458432,0.5580914,0.608147,0.89289117,0.542308,0.60335755,0.8986692,0.5461093,0.7184009,0.8442066,0.54616743,0.8178729,0.9223877,0.5816008,0.6081733,0.9368236,0.581477,0.7236338,0.8851122,0.57771957,0.8178388,0.9384873,0.55015534,0.39354348,0.96575093,0.5620836,0.3936368,0.9196662,0.5461552,0.3937579,0.30977884,0.5814803,0.39885712,0.97193074,0.5816088,0.8491837,0.86518335,0.58956414,0.8439628,0.7837972,0.5737822,0.8230936,0.739332,0.5501136,0.84920007,0.8660296,0.53844994,0.8490458,0.7909014,0.5462823,0.8282154,0.7677845
2023:03:04:19:56:28,up_90_1t_,52.96162557601929,72.95,75.02,177.78,80.53,0.55044556,0.39877632,0.9632807,0.5581313,0.44621834,0.8828078,0.51888925,0.44603243,0.92714685,0.46383342,0.45122042,0.8523239,0.42064703,0.4722941,0.90463185,0.6050827,0.44622865,0.8831113,0.65235585,0.46691334,0.81791586,0.70722526,0.4775845,0.950861,0.5580921,0.60336566,0.894918,0.5423176,0.60332185,0.9035853,0.5461019,0.71834457,0.84104985,0.54616237,0.8178543,0.9247816,0.58159375,0.60336494,0.93701035,0.58147144,0.7235603,0.8801288,0.57772547,0.8178212,0.9410216,0.55016524,0.39353362,0.96537435,0.56586164,0.39362866,0.9204188,0.54615486,0.39374447,0.31512383,0.5814926,0.39884716,0.97066367,0.58157957,0.84917706,0.8693249,0.5895458,0.8439635,0.7870202,0.57379603,0.8230788,0.74465394,0.55007505,0.84919703,0.8689497,0.5384048,0.8490281,0.78810865,0.5462915,0.8281871,0.768111
2023:03:04:19:56:28,up_90_1t_,53.023460388183594,72.94,75.02,177.78,80.52,0.55044377,0.3987837,0.9632972,0.5581409,0.44620937,0.8821421,0.51889443,0.44603312,0.92741656,0.46384087,0.45121196,0.8533097,0.42065716,0.47228765,0.9054105,0.60508823,0.44621855,0.88415676,0.6523557,0.46691436,0.81872904,0.7072282,0.4775904,0.95075667,0.558101,0.60335344,0.8948087,0.5423258,0.60330635,0.90457416,0.546104,0.71833843,0.8404693,0.54616624,0.8178599,0.9247642,0.5816016,0.603358,0.9369333,0.58147836,0.72356755,0.8804658,0.5777214,0.8178291,0.9392053,0.5501647,0.39354172,0.9655237,0.5658577,0.39363453,0.9209286,0.5461622,0.39374593,0.3060243,0.5814933,0.39884716,0.96961915,0.5815834,0.84918165,0.8695571,0.589545,0.84396756,0.78730863,0.5737921,0.823085,0.74066085,0.55009437,0.84919596,0.86654663,0.5384253,0.8490319,0.7882802,0.54628927,0.8281939,0.76814175
2023:03:04:19:56:28,up_90_1t_,53.08330011367798,72.94,75.02,177.76,80.56,0.55046153,0.39877263,0.96232,0.55812645,0.44621363,0.8828184,0.51888365,0.44603637,0.9287553,0.4601161,0.44629365,0.855638,0.42063963,0.47229725,0.90408343,0.60508853,0.44621223,0.88468516,0.6561351,0.46690902,0.81522787,0.70725507,0.4775829,0.9481784,0.55810016,0.6033708,0.8951858,0.54231906,0.6033341,0.90396315,0.5461009,0.71838045,0.8409513,0.54616666,0.8178692,0.92281747,0.5816066,0.6033622,0.93685544,0.58149475,0.7235871,0.88342595,0.5777264,0.8178295,0.941332,0.5501742,0.39353478,0.9668552,0.5658785,0.3936251,0.9212868,0.54615426,0.39376363,0.34180573,0.58149236,0.39884645,0.9703032,0.5816044,0.84917414,0.8670312,0.589561,0.84395313,0.7846993,0.57379246,0.8230877,0.741891,0.5501028,0.849192,0.86416465,0.5384388,0.8490336,0.78709525,0.54628557,0.8282019,0.76660156
2023:03:04:19:56:28,up_90_1t_,53.141180753707886,72.94,75.01,177.79,84.88,0.55410254,0.39875546,0.9607797,0.5581374,0.44620562,0.8823499,0.5188852,0.4460276,0.92991936,0.46011055,0.44628602,0.8560875,0.4206394,0.47229725,0.9035074,0.60511196,0.4462037,0.88754296,0.6561715,0.46690616,0.8135165,0.70728385,0.47758165,0.945148,0.55809593,0.6033517,0.895509,0.5423143,0.60331255,0.9022522,0.54610133,0.7183395,0.8400355,0.5461627,0.81784487,0.92489,0.58160245,0.60334796,0.9375114,0.5814718,0.72357994,0.8789198,0.5777275,0.8178263,0.93932027,0.5502003,0.39351764,0.9667647,0.5659287,0.39361095,0.92253596,0.54616135,0.3937808,0.39608836,0.5815029,0.39883542,0.96938616,0.58158946,0.84917974,0.8656455,0.5895566,0.8439708,0.7845348,0.57379955,0.8230859,0.7423455,0.5500841,0.84916824,0.8666271,0.5384104,0.8490014,0.78851444,0.54628706,0.8281739,0.7686682
2023:03:04:19:56:28,up_90_1t_,53.202980756759644,72.93,75.02,177.78,84.93,0.554138,0.3987388,0.9594702,0.5581288,0.44621035,0.8821215,0.5188869,0.44602704,0.92998564,0.46008846,0.451217,0.85556114,0.42062038,0.47230023,0.8988006,0.6050998,0.4462026,0.8869927,0.65614915,0.46692553,0.815421,0.7072545,0.47758928,0.948092,0.55810845,0.6033391,0.895535,0.542328,0.60329646,0.90474844,0.54610085,0.71834224,0.8417024,0.54616344,0.81787586,0.9242284,0.5816086,0.6033372,0.9373469,0.5814753,0.7235838,0.8823596,0.5777185,0.8178348,0.93917465,0.55022293,0.3935037,0.96477777,0.5659773,0.3936,0.9225942,0.5461731,0.3938069,0.45448428,0.58150685,0.39883545,0.96643627,0.5816255,0.84919083,0.8661298,0.5933334,0.84398276,0.78328604,0.5737753,0.8231002,0.73543465,0.55013037,0.849204,0.86795694,0.5384562,0.8490536,0.7944077,0.5462686,0.8282224,0.7692036
2023:03:04:19:56:28,up_90_1t_,53.26637029647827,72.93,75.01,177.80,84.95,0.5541564,0.3987373,0.95872104,0.5581308,0.4462052,0.88214195,0.51888686,0.4460268,0.92981803,0.4601151,0.44629154,0.85523087,0.4206531,0.47230887,0.90728915,0.605102,0.4461957,0.8867381,0.6561521,0.46689922,0.81467205,0.7072514,0.4775868,0.9491075,0.55809104,0.6033372,0.8953973,0.5423198,0.6032913,0.9029298,0.54610044,0.718306,0.840044,0.546158,0.81787246,0.92356867,0.5815895,0.6033376,0.9369376,0.581452,0.7235836,0.87898666,0.57772297,0.817844,0.9384434,0.55023724,0.39349937,0.9637984,0.5660038,0.39360136,0.92375433,0.5461867,0.39380187,0.4665597,0.5815185,0.39883482,0.9636038,0.5816341,0.84919494,0.8634917,0.59334266,0.84398365,0.7805613,0.57378083,0.8231109,0.7357105,0.5501365,0.84919566,0.8665426,0.53846234,0.8490492,0.79408634,0.546261,0.8282157,0.76966625
2023:03:04:19:56:28,up_90_1t_,53.32222127914429,72.94,75.00,177.81,84.93,0.55415773,0.39872274,0.959082,0.55814534,0.4462019,0.8811835,0.51890385,0.44601956,0.9290545,0.4639161,0.44625932,0.853403,0.42074636,0.47227696,0.919106,0.60510916,0.44620863,0.8863173,0.656149,0.466943,0.8156084,0.7072333,0.47759017,0.95009625,0.55808485,0.6033075,0.89445233,0.54231733,0.6032586,0.9010705,0.54609716,0.7182711,0.8402244,0.5461631,0.8178735,0.9240223,0.5815814,0.60331094,0.9356036,0.5814435,0.72356594,0.8784664,0.5777291,0.81785554,0.9377936,0.5502445,0.3934854,0.9611517,0.5697521,0.3935933,0.92438614,0.54620045,0.39377418,0.43891722,0.58153266,0.3988359,0.96448565,0.58164424,0.8492019,0.8640835,0.59335464,0.84399164,0.7807076,0.5737935,0.8231345,0.73470646,0.55014026,0.849199,0.8656397,0.538468,0.84905183,0.7938336,0.5462695,0.828225,0.7691628
2023:03:04:19:56:28,up_90_1t_,53.38206076622009,72.94,75.00,178.34,84.95,0.554166,0.39871418,0.9589426,0.5581387,0.4462088,0.8812889,0.5188994,0.44602257,0.92862976,0.4639345,0.4462641,0.8503181,0.42075464,0.47229245,0.9216858,0.6051069,0.44621298,0.8852967,0.6561428,0.46695533,0.8160519,0.7072274,0.47758856,0.95027375,0.5580859,0.6032771,0.8932573,0.5423218,0.6032277,0.90083987,0.5460981,0.71821856,0.83945,0.5461652,0.8178492,0.9267802,0.58157873,0.60327977,0.9341754,0.57789344,0.72352105,0.8772645,0.57772887,0.81783915,0.93851686,0.55024934,0.39347625,0.9609419,0.5697649,0.39358756,0.9249685,0.5462015,0.3937851,0.4634977,0.5815333,0.39883795,0.96475065,0.58164084,0.8491876,0.8628396,0.5933553,0.84397084,0.7788264,0.5737961,0.82311904,0.73632205,0.5501345,0.8491886,0.86750835,0.53846234,0.84903836,0.7947625,0.5462735,0.82819617,0.7706992
2023:03:04:19:56:28,up_90_1t_,53.44389533996582,72.94,75.00,178.33,84.94,0.55417264,0.39872086,0.95789504,0.55814433,0.44621205,0.8804282,0.5189017,0.44602224,0.92920953,0.46396977,0.44627267,0.84797436,0.42080382,0.47228006,0.9234484,0.6051117,0.44622126,0.8841168,0.6561865,0.46692222,0.8121789,0.70723826,0.47760054,0.9478763,0.5581022,0.603235,0.8909446,0.54233176,0.60318273,0.90082085,0.5460922,0.7131291,0.8364479,0.54616314,0.8178114,0.9270738,0.58159417,0.6032392,0.93186605,0.5778894,0.72348076,0.8745731,0.5777371,0.81782514,0.9400823,0.5502545,0.39348233,0.9604408,0.56977046,0.39359328,0.9254881,0.5462114,0.39378825,0.46178097,0.58153456,0.3988405,0.96350366,0.581607,0.84918505,0.8649337,0.5895816,0.843961,0.7797571,0.5738169,0.8231132,0.74151254,0.55010056,0.8491779,0.87270755,0.5384233,0.8490096,0.7947158,0.54628885,0.82319844,0.77167886
2023:03:04:19:56:28,up_90_1t_,53.505730390548706,72.93,75.01,178.32,84.94,0.5541613,0.39872438,0.9598167,0.55813307,0.4462217,0.8808808,0.5188952,0.44603118,0.9285598,0.4639826,0.4462663,0.84956616,0.4208204,0.4722617,0.92618966,0.60510236,0.44622383,0.8835827,0.6561576,0.46692482,0.8140002,0.70723236,0.47761893,0.9532845,0.5580854,0.6032592,0.89184386,0.54231554,0.6032119,0.8989567,0.54608727,0.7131375,0.8361374,0.5461633,0.8177948,0.9263719,0.5815833,0.6032568,0.93273634,0.57788354,0.7234833,0.87695754,0.577742,0.8178212,0.940991,0.5502476,0.39348516,0.96142316,0.5697599,0.39359713,0.9253324,0.54620254,0.39377418,0.44431478,0.58153504,0.39883888,0.96310943,0.5815891,0.84917235,0.8601954,0.589567,0.84395176,0.7771624,0.5738257,0.82310706,0.74458104,0.5500892,0.8491581,0.87329316,0.5384075,0.8440645,0.7936665,0.54629374,0.82317626,0.77051836
2023:03:04:19:56:28,up_90_1t_,53.56357550621033,72.93,75.03,178.31,84.93,0.5541569,0.3987286,0.9604188,0.5581321,0.44622123,0.8810807,0.5188967,0.44602886,0.92797804,0.46396658,0.44621408,0.85723495,0.4207936,0.47222283,0.9241475,0.60509855,0.4462263,0.8828261,0.65615976,0.4668802,0.8137092,0.70724064,0.47762,0.9514791,0.5580866,0.60321355,0.88886535,0.5423289,0.6031611,0.8988222,0.5460756,0.71302104,0.83354956,0.5461542,0.817723,0.9271911,0.5815739,0.603216,0.9300611,0.5778713,0.72341764,0.8716192,0.57775265,0.81778663,0.94287694,0.55024815,0.3934908,0.9618634,0.5697514,0.39360508,0.92531806,0.54620564,0.39377612,0.4405589,0.5815267,0.39884436,0.96379966,0.58154756,0.8491478,0.8663766,0.5895533,0.84394526,0.78289574,0.5738584,0.8230829,0.7544825,0.546467,0.849102,0.87442493,0.53457826,0.843957,0.78971344,0.5463118,0.82308406,0.77565235
2023:03:04:19:56:28,up_90_1t_,53.62142062187195,72.93,75.04,178.30,84.94,0.554158,0.39872733,0.9600345,0.5581338,0.44622415,0.88029945,0.51890194,0.44603333,0.92688,0.46398267,0.44618443,0.8601725,0.4208044,0.4722174,0.92895424,0.6050965,0.4462288,0.8824706,0.65616107,0.46687484,0.814718,0.70723283,0.47763246,0.95150715,0.5580836,0.60322887,0.88809264,0.5423329,0.60318285,0.90056014,0.5460686,0.71301866,0.8302191,0.5461613,0.8177026,0.9279898,0.5815662,0.60322446,0.9299139,0.57786316,0.72344524,0.8736068,0.5777596,0.81777704,0.942157,0.55024683,0.393492,0.9618051,0.5697505,0.3936017,0.92477334,0.5462055,0.39378464,0.4427119,0.58152455,0.39884084,0.9634529,0.5815397,0.8491392,0.8634147,0.5895626,0.84393543,0.7811532,0.57747483,0.8230776,0.7569668,0.546462,0.8490829,0.8768159,0.53456825,0.8439268,0.7910409,0.5463267,0.82306105,0.77501523
2023:03:04:19:56:29,up_90_1t_,53.68325972557068,72.93,75.04,178.30,84.94,0.5541582,0.39872596,0.9600102,0.558131,0.4462287,0.87988114,0.51890486,0.44603652,0.92650557,0.46398127,0.44620425,0.8571457,0.42078376,0.4722233,0.9290994,0.6050919,0.4462337,0.88146657,0.656164,0.46687755,0.81475925,0.70723045,0.47763228,0.9510542,0.5580907,0.60323894,0.88721263,0.5423389,0.6031926,0.90167946,0.5424649,0.7130196,0.828588,0.5461582,0.81770515,0.9292635,0.58157045,0.60323626,0.9298878,0.577863,0.7234519,0.87375665,0.57775766,0.817779,0.94319403,0.55024815,0.39349154,0.9612673,0.56600636,0.39360332,0.9247438,0.54620844,0.3937843,0.44116527,0.5815219,0.39884254,0.96330255,0.5815614,0.8491399,0.86504436,0.59333366,0.8439477,0.78121686,0.577467,0.8230894,0.75505775,0.5464691,0.84908485,0.8769403,0.534576,0.8439352,0.79270756,0.5463184,0.8230674,0.77817523
2023:03:04:19:56:29,up_90_1t_,53.74509024620056,72.94,75.04,178.28,84.95,0.5541578,0.39872032,0.96054995,0.55812347,0.44624087,0.88004446,0.5188989,0.44604802,0.925477,0.4639571,0.44619608,0.8589559,0.42075706,0.4722329,0.9270458,0.6050851,0.44624284,0.8794227,0.65238106,0.46689147,0.8162143,0.7072046,0.4776296,0.95219123,0.5580591,0.6032929,0.8877033,0.54231644,0.603251,0.8975798,0.5424477,0.7130818,0.82656395,0.54616,0.8176855,0.9288863,0.5815397,0.60328454,0.9306171,0.57783026,0.7235071,0.8728737,0.57774955,0.8177728,0.9408134,0.55024815,0.393484,0.9618385,0.5660049,0.39359653,0.9250132,0.54621017,0.39377406,0.44402623,0.5815226,0.39883384,0.9636317,0.5815182,0.8491307,0.87075305,0.5895466,0.8439318,0.78942883,0.5774702,0.82306516,0.7585646,0.54643077,0.8490611,0.8772565,0.5345305,0.84389275,0.79029554,0.54633737,0.8230309,0.7811208
2023:03:04:19:56:29,up_90_1t_,53.80293536186218,72.94,75.04,178.28,84.95,0.5541612,0.39871192,0.9597444,0.5581207,0.4462421,0.88011634,0.51890266,0.44604737,0.9265304,0.46393102,0.44618434,0.86335415,0.42073882,0.47223663,0.9245478,0.6050776,0.44624686,0.8785689,0.6523592,0.46690127,0.81897396,0.70718896,0.47763017,0.95358765,0.55805975,0.6033433,0.88804483,0.542315,0.60330224,0.8990322,0.5424615,0.71316934,0.82659847,0.5461643,0.8177079,0.9268921,0.5815411,0.6033357,0.9316008,0.5778281,0.72360075,0.8779607,0.5777467,0.81779736,0.9396131,0.550251,0.3934776,0.959885,0.5697511,0.39358795,0.92430604,0.5462133,0.39378303,0.44775307,0.5815207,0.39883244,0.9638661,0.5815152,0.8491357,0.86659825,0.589532,0.8439431,0.78933996,0.5774701,0.82308817,0.7569768,0.5464338,0.8490795,0.8808826,0.53453994,0.84391797,0.79314107,0.5463423,0.8230608,0.7751989
2023:03:04:19:56:29,up_90_1t_,53.860780239105225,72.94,75.03,178.28,84.95,0.5541665,0.3987176,0.9593539,0.5581004,0.44624254,0.882048,0.5188826,0.4460243,0.9291485,0.46391007,0.44620427,0.8623682,0.4207224,0.47224352,0.9178197,0.60506755,0.44625804,0.8771382,0.6523561,0.46690592,0.81949365,0.7071915,0.47763065,0.9513566,0.5580578,0.60335237,0.8885585,0.54231477,0.6033124,0.8994783,0.54243296,0.7131516,0.82275987,0.5461604,0.81770605,0.9272763,0.5815392,0.6033435,0.93187577,0.57782334,0.72359335,0.8752074,0.57774436,0.81780076,0.94067883,0.55025476,0.39347985,0.95989114,0.5697552,0.39359084,0.92461884,0.54621583,0.39378268,0.4523856,0.5815192,0.39882883,0.9639007,0.5815075,0.849148,0.8696975,0.5895266,0.8439656,0.79366976,0.577472,0.8230977,0.75873667,0.54642355,0.84909546,0.883304,0.53452605,0.8439359,0.79405135,0.5463481,0.82306147,0.775754
2023:03:04:19:56:29,up_90_1t_,53.922197580337524,72.94,75.03,178.20,84.95,0.55416113,0.39871213,0.95997095,0.5581036,0.44624132,0.8822583,0.5188878,0.44602785,0.92965543,0.46391886,0.44618565,0.8651724,0.420736,0.4722384,0.918726,0.60506576,0.44625613,0.87736386,0.65234506,0.46692127,0.82043827,0.70717883,0.47762397,0.9516394,0.5580592,0.6081325,0.8882105,0.54232156,0.6033421,0.90080786,0.5424424,0.71316916,0.8244404,0.5461603,0.8176958,0.9293359,0.5815405,0.608147,0.9323655,0.5778261,0.72361135,0.87706196,0.57774913,0.81779736,0.9426213,0.5502528,0.3934746,0.9596809,0.56975067,0.39358747,0.9239775,0.5462126,0.39377546,0.44507566,0.58151996,0.39883325,0.9646086,0.58151025,0.8491431,0.8684391,0.5895316,0.843953,0.7913655,0.57747716,0.82309175,0.761419,0.54643536,0.8490877,0.8870259,0.53453684,0.843929,0.7976365,0.54634404,0.82304436,0.77871937
2023:03:04:19:56:29,up_90_1t_,53.98356890678406,72.95,75.03,178.19,84.94,0.5541611,0.39870137,0.9602456,0.55809045,0.44625002,0.8821873,0.518868,0.44602215,0.930499,0.4638946,0.44621179,0.86191404,0.42070773,0.47224337,0.9149544,0.60506505,0.44627315,0.8756116,0.65236336,0.46689487,0.8188089,0.7071905,0.47762126,0.95157796,0.55804235,0.6081425,0.8892099,0.54230976,0.6033597,0.8995691,0.54243165,0.7131603,0.8242334,0.54614365,0.81768274,0.92806625,0.58152467,0.60815406,0.93272763,0.577806,0.7235799,0.87471443,0.5777462,0.81779736,0.9441104,0.55025584,0.3934603,0.9580676,0.5697563,0.39358228,0.9242445,0.54621285,0.39376462,0.44909185,0.5815166,0.39883703,0.9656132,0.58148736,0.84913665,0.8745037,0.58950794,0.84396696,0.80081075,0.5774841,0.82309854,0.7673839,0.54638106,0.8490819,0.88740134,0.5344636,0.8439122,0.7939742,0.5463473,0.82302755,0.78046775
2023:03:04:19:56:29,up_90_1t_,54.041414737701416,72.95,75.03,178.27,84.96,0.5541732,0.39870614,0.9586773,0.5580881,0.4462497,0.88217777,0.5188674,0.44601932,0.9308282,0.46390367,0.4462105,0.862193,0.4207093,0.47222406,0.9130379,0.6050619,0.44627374,0.8749633,0.65235704,0.46688092,0.81779695,0.70718837,0.477622,0.9503884,0.55803853,0.60337114,0.8912335,0.5423036,0.6033375,0.8993122,0.54242337,0.7131589,0.8233955,0.5461498,0.81768095,0.92788476,0.58152515,0.603361,0.9341916,0.57781214,0.72356814,0.87358576,0.57774997,0.8178071,0.9442684,0.55026275,0.39346322,0.95751405,0.56977004,0.3935864,0.925164,0.54621875,0.39377972,0.47213507,0.58151567,0.3988416,0.9621792,0.5814869,0.8491433,0.87126034,0.5895103,0.8439759,0.7979842,0.5774895,0.8231049,0.76814675,0.54638857,0.84908015,0.886556,0.53447366,0.8439144,0.79507893,0.54635507,0.8230233,0.7781706
2023:03:04:19:56:29,up_90_1t_,54.0992591381073,72.95,75.02,178.26,84.96,0.5541745,0.39870232,0.9588303,0.55807817,0.44623697,0.88414836,0.5188587,0.4460032,0.9328701,0.4639038,0.44620156,0.8629243,0.42069894,0.47223583,0.91434836,0.60505646,0.44626433,0.87538,0.6523532,0.46686086,0.8184568,0.7071814,0.47761655,0.9493665,0.55802476,0.60334194,0.89278626,0.5422954,0.6033066,0.899423,0.5424174,0.71312684,0.82393414,0.5461434,0.8176841,0.9274368,0.5815144,0.60333097,0.93454593,0.5778022,0.7235527,0.87223196,0.5777506,0.8178049,0.9440089,0.5502613,0.39345855,0.9576412,0.5697696,0.39358133,0.9243937,0.5462169,0.39378634,0.49111283,0.58150727,0.3988379,0.96290815,0.58148175,0.8491461,0.8710326,0.5895052,0.84397715,0.7970668,0.5774884,0.8231045,0.76648235,0.5463999,0.8490789,0.88565403,0.53448546,0.8439134,0.79350364,0.54634434,0.82302654,0.7779619
2023:03:04:19:56:29,up_90_1t_,54.15909934043884,74.30,73.67,178.27,84.96,0.5541758,0.39869636,0.9582441,0.55807936,0.44625488,0.8835718,0.51886,0.4460173,0.9326419,0.4639096,0.4462162,0.86183774,0.42071256,0.4722366,0.9144959,0.6050584,0.44627208,0.874677,0.6523283,0.46689218,0.82178724,0.7071678,0.47762108,0.95119894,0.5543173,0.60336924,0.89395744,0.5422717,0.6033331,0.89632726,0.54241353,0.7181923,0.82444894,0.5461431,0.81770235,0.927455,0.5815009,0.60335857,0.9341458,0.57780004,0.7236161,0.87735057,0.57774866,0.8178178,0.94342566,0.5502594,0.3934514,0.9568399,0.56977516,0.39357394,0.92353827,0.54621273,0.39378944,0.5008007,0.5815096,0.39883506,0.96324766,0.5814848,0.8491591,0.8694281,0.58950424,0.84398687,0.7959132,0.57748044,0.82311547,0.7641264,0.5464084,0.84909385,0.8871646,0.534501,0.8439362,0.79550385,0.5463393,0.8230464,0.7791601
2023:03:04:19:56:29,up_90_1t_,54.22292900085449,74.30,73.68,178.26,84.97,0.5541812,0.39869905,0.95763946,0.5580843,0.44626135,0.88299197,0.5188631,0.4460323,0.93084425,0.46391794,0.44620693,0.86258566,0.42072603,0.4722342,0.9156382,0.60506576,0.4462692,0.87546897,0.6523369,0.46687683,0.8217324,0.7071741,0.47762734,0.9506841,0.55432266,0.603378,0.89251745,0.54227465,0.6033425,0.89572144,0.5424306,0.7182059,0.82578063,0.54614896,0.8177061,0.92820245,0.58150584,0.60336584,0.93436337,0.57779634,0.72362643,0.8765875,0.577745,0.8178095,0.9415183,0.55025893,0.3934536,0.9575293,0.5697834,0.39357543,0.9238368,0.5462089,0.39380667,0.52886534,0.58150643,0.39884132,0.96185267,0.58148897,0.84914744,0.8667207,0.5895067,0.84396946,0.7929158,0.5774734,0.8231021,0.76105136,0.5464197,0.84909457,0.8869159,0.5345181,0.84393805,0.79617447,0.54634005,0.82305145,0.77916294
2023:03:04:19:56:29,up_90_1t_,54.28229761123657,74.26,73.71,178.21,84.96,0.5541729,0.398708,0.95860195,0.55808717,0.44625962,0.8829479,0.51886094,0.44603243,0.92981863,0.46393764,0.4462126,0.8599161,0.420756,0.47224072,0.92204285,0.60506827,0.44626227,0.87661886,0.6523448,0.46688962,0.82138145,0.70718384,0.47762728,0.9522364,0.5543189,0.6081438,0.89141387,0.5422685,0.6033573,0.89338404,0.5424402,0.71823335,0.82669795,0.54615116,0.81771326,0.9266596,0.5815074,0.60815394,0.93387985,0.57780576,0.72364146,0.8800261,0.57773733,0.81780964,0.93967444,0.5502549,0.39346355,0.95887786,0.56977314,0.39358515,0.9243648,0.5462059,0.39379668,0.4985303,0.5815073,0.3988465,0.96292114,0.5815044,0.84914863,0.86697674,0.58951926,0.8439595,0.7916078,0.5738591,0.8230989,0.7569523,0.5464202,0.8490983,0.8853706,0.53452295,0.8439436,0.7962871,0.5463362,0.82306373,0.77768904
2023:03:04:19:56:29,up_90_1t_,54.34014320373535,74.27,73.70,178.21,84.96,0.55416936,0.39871427,0.9589585,0.55808985,0.44626993,0.8824413,0.5188582,0.4460466,0.9287976,0.46393988,0.44621754,0.85855377,0.4207599,0.47225723,0.92499775,0.60507095,0.4462681,0.87543356,0.6523502,0.46689355,0.8200151,0.70719135,0.47761872,0.95358115,0.55430657,0.6081371,0.89102876,0.5422451,0.6033484,0.8885504,0.54243344,0.7182047,0.82302094,0.546153,0.81770194,0.9264764,0.58150125,0.6081495,0.93205816,0.57780945,0.72362864,0.8788121,0.5777375,0.81779695,0.9380368,0.55025303,0.39347112,0.95950913,0.56977046,0.39359212,0.92481846,0.54620695,0.3938014,0.48715377,0.5815074,0.3988532,0.963362,0.5815143,0.84913796,0.8649287,0.5895304,0.8439424,0.78865755,0.5738554,0.8230833,0.75466645,0.54642963,0.8490882,0.8826859,0.5345323,0.84393525,0.79593027,0.54633033,0.8230504,0.7793666
2023:03:04:19:56:29,up_90_1t_,54.399983167648315,74.32,73.66,178.29,84.95,0.55416834,0.39872423,0.9581961,0.5580926,0.44627166,0.8819461,0.5188657,0.44604576,0.9275006,0.46394172,0.44620016,0.8602653,0.4207704,0.4722607,0.92670906,0.6050716,0.4462717,0.87462217,0.6523602,0.46693072,0.8195305,0.7072027,0.47761798,0.9536672,0.55430543,0.60335857,0.8905884,0.5422354,0.603314,0.887071,0.542429,0.71316963,0.8214128,0.5461568,0.817709,0.9275979,0.581505,0.603352,0.9314882,0.57781565,0.72359306,0.87910414,0.577738,0.8177931,0.93821174,0.5502511,0.39348182,0.9599944,0.5697671,0.3936022,0.924723,0.54620475,0.3938106,0.49089214,0.5815008,0.3988616,0.9623666,0.5815378,0.84914875,0.8668792,0.58955944,0.84394205,0.78717107,0.5738514,0.82308835,0.7516851,0.54643965,0.84908956,0.87833166,0.5345438,0.843938,0.7937653,0.5463267,0.82306504,0.77892935
2023:03:04:19:56:29,up_90_1t_,54.45982336997986,72.97,75.00,178.29,84.95,0.55416113,0.39873093,0.9584049,0.55809426,0.44627362,0.88190675,0.5188712,0.44605187,0.9270901,0.46397173,0.44620568,0.85761803,0.4207939,0.47227505,0.93286985,0.6050666,0.44627497,0.8732742,0.65234447,0.46693167,0.81888753,0.7071972,0.47760636,0.95449567,0.55802345,0.60331124,0.8890803,0.5422645,0.6032582,0.89027774,0.5424444,0.7130995,0.82382697,0.5461598,0.8177293,0.9280463,0.58153075,0.60331374,0.9301184,0.5778356,0.72351795,0.8742976,0.57775,0.81779575,0.93769336,0.5502467,0.3934871,0.9610215,0.56975776,0.3936081,0.92451346,0.54620284,0.39380354,0.48094422,0.5814975,0.3988637,0.9634358,0.58155155,0.8491576,0.8672254,0.5895789,0.84395033,0.7826621,0.5738591,0.8230967,0.74718755,0.5464612,0.8491093,0.8750948,0.5345709,0.8439679,0.7915422,0.5463224,0.82309324,0.77701354
2023:03:04:19:56:29,up_90_1t_,54.519662618637085,72.96,75.01,178.30,84.95,0.5541592,0.39872465,0.9587976,0.5580991,0.44625682,0.88278526,0.51887727,0.44604373,0.9264412,0.46398482,0.44619477,0.8581097,0.42079058,0.47226605,0.93117213,0.6050619,0.4462588,0.8755938,0.65234184,0.46691248,0.81804776,0.7072074,0.47761485,0.9533144,0.55802727,0.6032485,0.88824725,0.54226935,0.6031912,0.88789207,0.5424558,0.7130224,0.82543606,0.54616183,0.8177559,0.93001884,0.5815351,0.6032541,0.929331,0.57784754,0.7234437,0.8699183,0.5777517,0.8178042,0.93878716,0.55024713,0.39348233,0.9608966,0.56975234,0.39360148,0.9239377,0.54620874,0.39379814,0.48010164,0.5814965,0.39885402,0.9653363,0.5815964,0.8491845,0.8661349,0.59337497,0.8439827,0.78012496,0.5738457,0.82312024,0.7398479,0.55008215,0.8491461,0.87538266,0.53838056,0.8440446,0.79626817,0.5463012,0.8231398,0.77521336
2023:03:04:19:56:29,up_90_1t_,54.577507972717285,72.97,75.00,178.30,84.91,0.5541366,0.3987271,0.96087027,0.5581187,0.44625473,0.8816829,0.51888376,0.44604585,0.92652154,0.46398506,0.44620895,0.85545367,0.42079547,0.47227693,0.9290421,0.6050851,0.44625697,0.8772651,0.65236783,0.4669146,0.8168268,0.70723194,0.47760552,0.95255554,0.558032,0.60324365,0.8870803,0.5422701,0.6031739,0.88759696,0.54246163,0.7130018,0.8258325,0.5461667,0.8177804,0.92964935,0.5815393,0.60326105,0.92802894,0.57783985,0.7234345,0.8679438,0.5777406,0.81780595,0.93749106,0.55023086,0.39348704,0.96305346,0.5659815,0.3936017,0.92382395,0.5461978,0.39377743,0.4487211,0.5814962,0.3988483,0.96806467,0.58163387,0.84919405,0.8647355,0.59340465,0.84397006,0.7784916,0.5738191,0.8231197,0.7314385,0.5501361,0.84917265,0.8703185,0.53844917,0.84901565,0.7968085,0.5462824,0.82317734,0.7716154
2023:03:04:19:56:29,up_90_1t_,54.63734817504883,72.97,75.01,178.30,84.91,0.5541277,0.3987439,0.96203023,0.5581154,0.44625387,0.88166463,0.5188902,0.44605678,0.92530364,0.4639398,0.44622502,0.8566164,0.4207304,0.47228977,0.9181288,0.6050757,0.4462465,0.8774349,0.65234214,0.46690345,0.8175982,0.7072342,0.47759426,0.95207024,0.5580491,0.6032119,0.88866025,0.54228616,0.6031437,0.89263797,0.54605997,0.712994,0.82961833,0.54616624,0.81777686,0.9315139,0.5815499,0.6032287,0.9284774,0.57784885,0.72343135,0.87077206,0.5777375,0.81781584,0.9393938,0.5502232,0.39350298,0.966035,0.5659701,0.3936151,0.9243537,0.5461909,0.39378056,0.44398654,0.58149046,0.39885405,0.9683421,0.58163786,0.8492059,0.8683838,0.59339744,0.84399045,0.7831159,0.5738192,0.8231378,0.73489827,0.5501313,0.8491805,0.87591386,0.53844047,0.84901714,0.80139226,0.5462837,0.8231762,0.7736967
2023:03:04:19:56:30,up_90_1t_,54.699183225631714,72.97,75.00,178.31,84.95,0.55414575,0.39874625,0.9597759,0.55810446,0.44626337,0.8806546,0.51887715,0.44606677,0.92433643,0.46386322,0.44628668,0.8529984,0.42068323,0.47233087,0.90744627,0.60507303,0.44625154,0.87652427,0.6523277,0.46690908,0.81811184,0.70723885,0.47759148,0.95083857,0.55804753,0.60320014,0.8886304,0.542282,0.60313404,0.8909209,0.5460622,0.7129996,0.8320157,0.5461634,0.8177998,0.9323514,0.581552,0.60322064,0.9283341,0.5778514,0.7234326,0.8722144,0.57773185,0.8178338,0.9395094,0.55022925,0.39350495,0.9654533,0.5659943,0.3936134,0.9241569,0.54618603,0.39382258,0.48670292,0.58149403,0.39885435,0.9666829,0.58163106,0.8492188,0.86822563,0.5933747,0.84400475,0.78210485,0.5738102,0.8231534,0.7344647,0.55012715,0.8491933,0.875317,0.538444,0.8490335,0.80152833,0.5462778,0.8232011,0.7755854
2023:03:04:19:56:30,up_90_1t_,54.75702786445618,72.96,74.99,178.31,84.94,0.5541451,0.39875284,0.9600306,0.5581131,0.4462448,0.8810228,0.51888144,0.4460508,0.9279134,0.46385664,0.44628605,0.8539345,0.42071992,0.4723233,0.90963364,0.605081,0.44624454,0.87883514,0.6523349,0.46691033,0.81921005,0.707243,0.4775925,0.9487326,0.5580537,0.603215,0.8904251,0.5422886,0.60315067,0.8924718,0.5460653,0.71305513,0.8323424,0.5461629,0.8177918,0.9317799,0.58156246,0.60323274,0.9305017,0.57785773,0.7234526,0.87369525,0.5777355,0.8178303,0.93988955,0.55022955,0.3935079,0.96645427,0.56599635,0.3936196,0.92489314,0.546188,0.3938039,0.47382572,0.58150053,0.3988549,0.9668681,0.5816171,0.84919626,0.86229146,0.5933531,0.8439931,0.77844185,0.57381797,0.82314134,0.7398195,0.55010086,0.8491685,0.87511724,0.53842044,0.8490027,0.7988949,0.5462857,0.8231826,0.7760384
2023:03:04:19:56:30,up_90_1t_,54.81487321853638,72.97,74.99,178.30,84.92,0.5541314,0.39875633,0.96097445,0.5581231,0.44624284,0.8801023,0.5188905,0.44605583,0.92766786,0.463863,0.45121628,0.8508187,0.42072234,0.47233233,0.9091664,0.60508406,0.44624895,0.8790645,0.6523332,0.46691146,0.81874907,0.7072438,0.4775932,0.9479678,0.55806047,0.6032148,0.89058214,0.54229563,0.6031483,0.89307356,0.5460631,0.71302986,0.8315314,0.54615945,0.8177841,0.9317645,0.5815671,0.60323554,0.9315022,0.57785785,0.72343206,0.8711315,0.5777386,0.81782126,0.94094694,0.5502215,0.39351153,0.96655536,0.56597555,0.39362022,0.9246284,0.54618835,0.39378798,0.44596446,0.58149934,0.39884898,0.96778136,0.58161587,0.8491913,0.86294335,0.59335876,0.843989,0.7788029,0.5738226,0.8231369,0.7426319,0.55008304,0.8491659,0.8755897,0.5383994,0.8489953,0.797207,0.5462893,0.823178,0.77652204
2023:03:04:19:56:30,up_90_1t_,54.87428665161133,72.96,74.97,178.32,84.90,0.55412614,0.39875537,0.96164876,0.55812925,0.44622847,0.88044494,0.5188878,0.44603863,0.9290943,0.46383566,0.45121056,0.85096335,0.42070684,0.4723477,0.9070324,0.60509336,0.44623792,0.8815064,0.65236014,0.4669322,0.8189318,0.70726097,0.4775928,0.9461236,0.5580597,0.6032402,0.8915991,0.5422946,0.60317975,0.89411026,0.54607093,0.7130953,0.83312595,0.546161,0.8178059,0.93043095,0.5815642,0.6032557,0.9328744,0.5778718,0.72345704,0.87172365,0.5777374,0.8178326,0.94058466,0.5502214,0.39350975,0.96655333,0.56597,0.39362127,0.9250964,0.54618895,0.3937755,0.4338101,0.5814998,0.3988535,0.97013783,0.5816019,0.8492044,0.8666854,0.5933377,0.84401405,0.7818268,0.5738213,0.823135,0.74416417,0.55008495,0.849176,0.8732451,0.53840715,0.8490084,0.79415417,0.54629433,0.82319605,0.77375346
2023:03:04:19:56:30,up_90_1t_,54.93978548049927,72.95,72.37,178.34,84.88,0.55412555,0.39876902,0.96116483,0.55812764,0.4462286,0.8798624,0.5188809,0.44602484,0.93193364,0.4638519,0.45127252,0.84672153,0.42072833,0.47718298,0.9108839,0.6050937,0.4462467,0.88047993,0.6523766,0.46693352,0.8180585,0.70724964,0.4776012,0.94763803,0.5580807,0.60319716,0.8924328,0.5423198,0.6031247,0.8996614,0.54607713,0.71308523,0.8371657,0.5461589,0.8178526,0.93133545,0.5815784,0.60322976,0.9338212,0.57789344,0.72344697,0.8732659,0.5777346,0.817849,0.94183445,0.55021954,0.3935188,0.9673368,0.5659706,0.39363137,0.92521065,0.54618347,0.39377356,0.42924383,0.581501,0.39885992,0.9684701,0.58163446,0.84921014,0.8709909,0.59335643,0.8439991,0.78308594,0.5738064,0.8231581,0.7349898,0.5501306,0.8492031,0.8693842,0.5384581,0.849053,0.7951772,0.54627097,0.8282067,0.7752247
2023:03:04:19:56:30,up_90_1t_,54.998156785964966,72.95,72.36,178.34,84.88,0.5541191,0.3987782,0.96222484,0.5581401,0.44621754,0.87945026,0.51888525,0.44602868,0.9310645,0.46384588,0.45127136,0.84709376,0.42071766,0.4771989,0.91278815,0.6051019,0.44622296,0.8833293,0.6561326,0.46691507,0.8163318,0.7072534,0.4775846,0.94764376,0.55808103,0.60323334,0.8945056,0.5423138,0.60316753,0.901466,0.5460722,0.7131639,0.8360744,0.5461645,0.81782895,0.9315771,0.5815819,0.60325944,0.93499696,0.57789636,0.7234889,0.87642646,0.5777406,0.8178429,0.94085646,0.55021626,0.39352602,0.96853983,0.56596434,0.39363956,0.9262286,0.54617894,0.39377034,0.41617948,0.5815051,0.39886734,0.9687313,0.58159256,0.84920675,0.8721401,0.58957475,0.84399724,0.78590894,0.5738267,0.8231353,0.7424014,0.55008185,0.8491869,0.8741255,0.53840446,0.84901744,0.79337275,0.5463012,0.8232139,0.7739694
2023:03:04:19:56:30,up_90_1t_,55.05803155899048,72.95,72.36,177.81,84.88,0.5541218,0.39876556,0.96242976,0.5581408,0.44622576,0.87962466,0.5188819,0.44603395,0.93134713,0.46385425,0.45125312,0.84967923,0.42071596,0.47721696,0.91848946,0.6051098,0.44623235,0.8836233,0.6561662,0.46690208,0.81511426,0.70727575,0.47759485,0.9448233,0.5580939,0.6032686,0.89461493,0.5423162,0.60320365,0.9014853,0.54608274,0.71824324,0.8380456,0.5461626,0.81785786,0.92815274,0.58159906,0.6032928,0.9354701,0.58146363,0.72353435,0.88098776,0.5777435,0.81786036,0.94064695,0.55022,0.39351496,0.9676317,0.5659702,0.39363292,0.9261155,0.5461851,0.39376554,0.4164656,0.58151007,0.3988702,0.9681861,0.5816206,0.84921336,0.87274086,0.59333557,0.84402716,0.7875749,0.57382345,0.82315,0.7418842,0.5500989,0.84919333,0.8675235,0.5384286,0.84903055,0.78937364,0.5462928,0.8281951,0.7725212
2023:03:04:19:56:30,up_90_1t_,55.12082839012146,72.95,72.37,177.81,84.88,0.55411977,0.39876,0.9624768,0.55814844,0.44622928,0.8789621,0.5188875,0.4460434,0.9304047,0.46385667,0.4512691,0.84835726,0.4207173,0.47721118,0.9179914,0.605114,0.44623017,0.884122,0.65616375,0.4669162,0.815593,0.707268,0.47759113,0.9455631,0.5580963,0.6032905,0.8953433,0.54231906,0.60322726,0.9030037,0.54608417,0.718255,0.83819324,0.5461595,0.81784576,0.929027,0.5816001,0.60331476,0.9362207,0.58145505,0.72355556,0.8811734,0.5777404,0.81785786,0.9405411,0.55022,0.39351118,0.9664897,0.5659685,0.39362893,0.92572427,0.5461867,0.39376742,0.41015154,0.58151156,0.39887035,0.96682024,0.5816036,0.8492071,0.8707057,0.5895711,0.84400284,0.78677946,0.5738225,0.8231427,0.7429617,0.5500963,0.849176,0.86953664,0.53842366,0.8490134,0.79032636,0.5462886,0.8281748,0.7727088
2023:03:04:19:56:30,up_90_1t_,55.18266296386719,72.94,72.38,177.81,84.90,0.5541283,0.398752,0.9621869,0.55814594,0.44623438,0.8787105,0.5188865,0.446053,0.9311762,0.46384603,0.4512851,0.84739876,0.42070338,0.47720823,0.9170468,0.6051122,0.44622386,0.88489217,0.6561758,0.46692553,0.81653154,0.70725834,0.4776052,0.94828784,0.5581003,0.60329425,0.89514756,0.542328,0.60323375,0.90450203,0.54608935,0.718267,0.839459,0.54616815,0.8178526,0.92825484,0.5815987,0.60331357,0.93527436,0.5814509,0.72354436,0.8796196,0.5777351,0.81784576,0.94010806,0.5502275,0.39350465,0.96531457,0.5659791,0.39362434,0.92580205,0.5461947,0.39376658,0.41932437,0.58151245,0.39886773,0.96609557,0.58160686,0.84920806,0.871686,0.58958113,0.84399533,0.7862191,0.57381105,0.82312226,0.74125093,0.5501099,0.84919,0.867421,0.5384395,0.8490295,0.790197,0.5462921,0.82818687,0.77077305
2023:03:04:19:56:30,up_90_1t_,55.238513708114624,72.93,72.38,177.81,84.90,0.5541269,0.3987562,0.96109396,0.55813134,0.44624433,0.87958825,0.51887906,0.44605353,0.9306317,0.46385148,0.45129797,0.8462419,0.42071226,0.47721717,0.9198546,0.6051034,0.44623694,0.88273835,0.656188,0.4668983,0.81419593,0.7072758,0.47762027,0.9484351,0.5581223,0.6033243,0.894379,0.54234457,0.6032716,0.9072584,0.5460915,0.718299,0.8410413,0.54617333,0.8178841,0.9287346,0.5816149,0.6033371,0.93525666,0.5814616,0.7235428,0.8798551,0.5777348,0.8178625,0.9393575,0.550226,0.39350796,0.96474385,0.5659752,0.39362845,0.9255971,0.54619384,0.39376745,0.4177798,0.58150905,0.3988729,0.9649951,0.58163464,0.8492186,0.87050587,0.5933484,0.8440241,0.78449976,0.573801,0.82314485,0.7367245,0.55014825,0.84919935,0.86565346,0.5384859,0.84905684,0.7943034,0.54628265,0.828234,0.77285445
2023:03:04:19:56:30,up_90_1t_,55.295915603637695,72.92,72.41,177.81,84.91,0.5541255,0.39875153,0.9617115,0.558136,0.446249,0.8788862,0.5188923,0.44606927,0.92957175,0.46385214,0.4512616,0.8489818,0.4207224,0.47719523,0.9189936,0.60509866,0.44623664,0.8827338,0.65620136,0.46187362,0.8165743,0.70728517,0.4776342,0.9489896,0.55813,0.6033257,0.89294374,0.5423501,0.60328215,0.90756714,0.546095,0.71830666,0.8423154,0.5461735,0.8178858,0.9282665,0.5816196,0.603329,0.93439114,0.58145475,0.7235579,0.8820918,0.5777263,0.81786764,0.93860465,0.5502266,0.39350638,0.9649664,0.5659693,0.39362404,0.92571175,0.54619867,0.39376128,0.41355193,0.5815077,0.39886186,0.96661067,0.5816671,0.8492201,0.8703376,0.59336936,0.84401,0.7856182,0.57378525,0.82315844,0.7314131,0.55018204,0.84920275,0.8607138,0.5385207,0.84907085,0.79460967,0.54626644,0.82824695,0.7738174
2023:03:04:19:56:30,up_90_1t_,55.357749700546265,72.93,75.00,177.81,84.89,0.55412024,0.39876255,0.9623075,0.5581532,0.446237,0.87791413,0.5189157,0.44605985,0.9292374,0.46392038,0.4462618,0.85459435,0.42077756,0.4723388,0.9267428,0.60509944,0.4462506,0.88216096,0.6562007,0.46690196,0.81828624,0.707284,0.47764575,0.94782275,0.5581236,0.60330796,0.8935325,0.5423541,0.6032626,0.9076222,0.546101,0.71827143,0.8432027,0.5461732,0.81787026,0.92880976,0.581609,0.60330826,0.9350467,0.58144915,0.7235427,0.8820503,0.57772434,0.8178577,0.9405425,0.55022514,0.393518,0.96608067,0.565963,0.3936347,0.9268787,0.5461985,0.39376357,0.38630536,0.58151776,0.39887118,0.96899116,0.5816848,0.8492038,0.870728,0.5933837,0.8439788,0.7858763,0.57378036,0.8231511,0.73109204,0.55020297,0.84919184,0.85773396,0.54223335,0.8490753,0.79486626,0.5462563,0.82822806,0.7742411
2023:03:04:19:56:30,up_90_1t_,55.421579122543335,72.92,75.02,177.83,84.91,0.554119,0.39877075,0.9626612,0.55813706,0.4462302,0.879722,0.5189082,0.44605762,0.9279746,0.4639082,0.44624323,0.8558584,0.42076346,0.47231486,0.92219853,0.60508025,0.44623595,0.8814515,0.6561857,0.46688443,0.81875205,0.7072863,0.47764608,0.9449056,0.55812097,0.6032795,0.8935457,0.5423607,0.6032336,0.907629,0.546098,0.7182113,0.8420511,0.546172,0.81784576,0.93018305,0.58160007,0.6032798,0.93609834,0.5814421,0.7235057,0.87855077,0.57773715,0.81784517,0.94050467,0.55022216,0.3935262,0.9683501,0.56595844,0.39363968,0.92752284,0.54619575,0.39377338,0.3910895,0.5815194,0.3988716,0.96900797,0.58164114,0.84919935,0.86936706,0.59335184,0.84399015,0.7834539,0.57380766,0.8231331,0.73767376,0.5501561,0.84917885,0.866555,0.53849345,0.8490332,0.79561865,0.5462784,0.82819223,0.774515
2023:03:04:19:56:30,up_90_1t_,55.479424476623535,72.94,75.02,178.34,84.92,0.55413604,0.39876655,0.9620175,0.5581318,0.44621408,0.880042,0.51890886,0.44602877,0.9271942,0.46392998,0.44616562,0.862388,0.42074117,0.47227028,0.9195353,0.6050747,0.44624507,0.8793728,0.6561694,0.46689293,0.81732076,0.70727915,0.47763464,0.94441533,0.55810213,0.60324234,0.8914782,0.5423555,0.6031936,0.90207183,0.5461042,0.7131334,0.84173054,0.54617417,0.8178605,0.93071586,0.5815762,0.6032436,0.9353116,0.5778929,0.7234446,0.8730838,0.5777321,0.817841,0.9407036,0.5502395,0.3935194,0.9667572,0.5659834,0.39364362,0.92870736,0.5462054,0.3937582,0.3950713,0.58153176,0.39887354,0.9662436,0.58167714,0.84919965,0.86781234,0.5933887,0.8439683,0.7813024,0.57379323,0.8231403,0.7305836,0.5502037,0.8491892,0.86146736,0.54223263,0.8490717,0.7982737,0.54625803,0.8282265,0.7742262
2023:03:04:19:56:30,up_90_1t_,55.53926420211792,72.94,75.03,178.32,84.93,0.55414695,0.39877802,0.9614461,0.5581272,0.446219,0.8801473,0.51891726,0.44603005,0.9274026,0.46395794,0.4461802,0.85857296,0.4207227,0.47226462,0.91655105,0.6050544,0.44625264,0.8751206,0.6561424,0.46688786,0.81657237,0.7072685,0.47764763,0.94458866,0.55809253,0.6032853,0.88892496,0.5423528,0.60323435,0.89968884,0.546091,0.71310043,0.83809155,0.5461736,0.81780714,0.93295264,0.58156055,0.6032883,0.93511134,0.5778687,0.723472,0.8714423,0.57774335,0.81782186,0.9416392,0.55024695,0.393528,0.9672357,0.56600136,0.39365625,0.9300915,0.5462086,0.39375776,0.4003589,0.58154106,0.3988844,0.9621177,0.5816222,0.8491893,0.87331855,0.5933595,0.84397805,0.784359,0.57382345,0.82311714,0.7406622,0.55014265,0.84916246,0.8687854,0.5384735,0.849009,0.79627526,0.54628867,0.8231974,0.77736944
2023:03:04:19:56:30,up_90_1t_,55.60109901428223,72.93,75.05,178.30,84.96,0.5541686,0.39881006,0.95795846,0.55811495,0.44623423,0.8794868,0.51889277,0.4460386,0.9280095,0.46392778,0.4461723,0.86229104,0.42069942,0.47224817,0.91183144,0.605066,0.4462586,0.8744077,0.6561602,0.466909,0.8162893,0.70729285,0.47766763,0.9396295,0.55808914,0.6033282,0.8885884,0.54235375,0.6032852,0.90080774,0.54609776,0.7131661,0.83621806,0.5461769,0.8178053,0.93254477,0.58155715,0.6033241,0.9346676,0.57785213,0.7235168,0.87225735,0.5777456,0.8178101,0.94105786,0.5502554,0.39355338,0.96835166,0.5697708,0.3936773,0.9324329,0.54620934,0.39377832,0.42178854,0.58154655,0.39888975,0.95778084,0.58161265,0.8491827,0.8766679,0.5933634,0.84397006,0.7868959,0.57382846,0.8230942,0.7427033,0.55011964,0.8491635,0.87120104,0.53845227,0.8490038,0.7951461,0.5463017,0.8231864,0.7785656
2023:03:04:19:56:31,up_90_1t_,55.66492819786072,72.93,75.05,178.29,84.99,0.55420667,0.39883333,0.9534507,0.5580961,0.44625837,0.87843305,0.51887745,0.4460414,0.92827475,0.4639153,0.44619727,0.8610746,0.42069054,0.4722599,0.9098397,0.6050685,0.4462833,0.87158966,0.6561347,0.4669417,0.8169461,0.70727414,0.47767884,0.94063926,0.5580866,0.60334134,0.8885548,0.54235023,0.603298,0.9017913,0.5460834,0.71819013,0.83352506,0.546173,0.8177857,0.93264526,0.58155686,0.6033376,0.9342674,0.5778413,0.7235491,0.8762501,0.5777496,0.81782883,0.9411747,0.5502659,0.39357337,0.9724554,0.56981486,0.3936872,0.93556476,0.5462164,0.39381847,0.4852058,0.58155626,0.39887854,0.9562967,0.5816037,0.8491978,0.87671393,0.5933673,0.8439974,0.7886134,0.57384425,0.8231207,0.74596393,0.5500886,0.8491574,0.8758458,0.53840005,0.84406316,0.79607,0.5463107,0.82316065,0.7784167
2023:03:04:19:56:31,up_90_1t_,55.72277355194092,72.93,75.04,178.28,84.99,0.55420357,0.39883178,0.953801,0.55808806,0.44625378,0.8794497,0.5188679,0.4460315,0.9269979,0.46389645,0.44618914,0.862103,0.42069435,0.47225097,0.9073271,0.60505784,0.44628635,0.8697541,0.65236104,0.4669535,0.8192673,0.70725745,0.47768888,0.94204235,0.5580671,0.60334253,0.889096,0.54233795,0.6033029,0.8992114,0.54606843,0.71819377,0.82974106,0.5461745,0.8177614,0.9298035,0.5815414,0.60333276,0.9345075,0.5778298,0.7235611,0.87635124,0.57775694,0.81782955,0.9406335,0.55026686,0.39357153,0.9717592,0.569811,0.39368802,0.93570745,0.54621696,0.39381266,0.4779746,0.581557,0.39887947,0.9558092,0.58156395,0.8491837,0.8729931,0.58957857,0.8439792,0.7872926,0.57386434,0.8231257,0.7516555,0.54647624,0.8491429,0.88006234,0.53459954,0.84401304,0.7941813,0.5463364,0.82312703,0.77759093
2023:03:04:19:56:31,up_90_1t_,55.7806191444397,75.50,75.06,178.28,85.01,0.5542105,0.3988502,0.95293033,0.558071,0.44626954,0.8799268,0.51886207,0.44603953,0.92621565,0.46389884,0.44619003,0.8622933,0.42068323,0.4722351,0.9065649,0.6050395,0.45123756,0.86471623,0.65227354,0.46702066,0.8249346,0.7071866,0.47766033,0.9411268,0.5580733,0.6033787,0.88907945,0.5423452,0.6033423,0.9002141,0.546079,0.71822584,0.831728,0.5461721,0.81773686,0.9305784,0.5815453,0.6033646,0.9364308,0.57783455,0.72361535,0.87839013,0.5777574,0.8178265,0.9404932,0.5502695,0.3935853,0.9738009,0.5698223,0.3937038,0.93771386,0.54622006,0.39380997,0.48132178,0.58156395,0.39888483,0.9564836,0.58154804,0.84916145,0.869624,0.5895598,0.84396577,0.78726596,0.5774697,0.8231164,0.755329,0.5464577,0.8491085,0.8818103,0.5345796,0.84396297,0.7958282,0.5463371,0.82308954,0.7814674
2023:03:04:19:56:31,up_90_1t_,55.842453718185425,75.51,75.07,178.27,84.99,0.55420053,0.39886135,0.9537132,0.5580661,0.44627422,0.879503,0.5188612,0.4460362,0.92543155,0.46389952,0.44615668,0.8658915,0.4206735,0.47221258,0.9028636,0.60503167,0.45125568,0.86206466,0.6522491,0.46703562,0.82675844,0.70715135,0.4776524,0.937748,0.55805284,0.6081372,0.8900417,0.54233366,0.6033567,0.8987278,0.5460697,0.7182409,0.83101785,0.546177,0.81775916,0.9313752,0.5815313,0.60336906,0.93618,0.5778248,0.7235977,0.8766016,0.5777591,0.81783265,0.9413207,0.5502599,0.39359283,0.9759077,0.56981325,0.3937126,0.93788314,0.5462075,0.39379886,0.46246272,0.58156735,0.39888784,0.9584675,0.5815631,0.84917444,0.8741369,0.58957416,0.8439718,0.78852737,0.5774696,0.8231297,0.7533953,0.5464846,0.84913224,0.87832004,0.5383597,0.844015,0.79491574,0.54633635,0.82311904,0.780043
2023:03:04:19:56:31,up_90_1t_,55.90592050552368,75.51,75.08,178.20,84.98,0.55419123,0.39887315,0.9539835,0.55806565,0.44627383,0.87940097,0.5188634,0.4460365,0.9253535,0.46391633,0.44615602,0.8639408,0.4206806,0.4722025,0.9049452,0.605036,0.45125362,0.8625272,0.65225154,0.46705258,0.82611257,0.7071458,0.47765413,0.9354794,0.5580615,0.60813683,0.88959897,0.54234123,0.60335565,0.9004803,0.5460723,0.7182521,0.83179015,0.5461739,0.8177565,0.9315883,0.5815367,0.6081442,0.93634737,0.57782197,0.7236207,0.87915075,0.57774556,0.81782585,0.9401204,0.55025434,0.39360544,0.9770801,0.56979877,0.39372268,0.9375036,0.54620945,0.39380276,0.4459706,0.58156335,0.39889473,0.96112806,0.5815529,0.8491662,0.8696579,0.58955884,0.8439559,0.7859141,0.5738507,0.8231117,0.7487964,0.55005634,0.84912056,0.8796435,0.5383701,0.844005,0.79821664,0.54632604,0.8231155,0.780621
2023:03:04:19:56:31,up_90_1t_,55.96530103683472,75.51,75.10,178.20,84.99,0.5542029,0.39888442,0.95221215,0.55807513,0.4462868,0.8784356,0.51886946,0.44605732,0.924182,0.46394676,0.44613117,0.86589515,0.42069855,0.47217155,0.904794,0.6050499,0.45126042,0.8632185,0.6522658,0.46702597,0.82265127,0.7071485,0.47764066,0.9349823,0.55806905,0.608152,0.88956755,0.5423441,0.60337234,0.8995832,0.5460727,0.71824265,0.8317573,0.54616046,0.81770056,0.9290155,0.58154285,0.6081569,0.9378705,0.5778329,0.72360533,0.88136894,0.577765,0.8178168,0.94628054,0.55026215,0.39361495,0.9770824,0.5698105,0.39373147,0.9387326,0.5462195,0.39381137,0.45655122,0.58156717,0.3988993,0.9569827,0.58151454,0.84914404,0.8751872,0.589525,0.84396356,0.796335,0.5774944,0.8231156,0.76720244,0.54641646,0.849085,0.8838365,0.5345232,0.84392387,0.7931154,0.5463494,0.82303673,0.78244036
2023:03:04:19:56:31,up_90_1t_,56.02314639091492,75.52,75.10,178.21,84.99,0.55419624,0.39887822,0.952959,0.55807024,0.44629145,0.8791223,0.5188652,0.44605902,0.92438394,0.46394604,0.4461479,0.8635046,0.42069083,0.47218698,0.9056067,0.6050457,0.45126858,0.862316,0.65226924,0.4670266,0.82220185,0.70714843,0.47764122,0.935735,0.55807394,0.60816395,0.8904885,0.54234684,0.60814804,0.90030074,0.5460797,0.7182685,0.8335191,0.54616314,0.8177338,0.92937094,0.58155,0.6081681,0.9386653,0.57784384,0.723636,0.88477457,0.577758,0.81783396,0.94629234,0.55025995,0.39360848,0.975792,0.56980294,0.3937264,0.93807864,0.54621667,0.39380047,0.44177744,0.5815632,0.39889595,0.9579191,0.58153284,0.8491607,0.8760047,0.5895316,0.8439668,0.7944228,0.5774748,0.8231324,0.7611992,0.5464491,0.8491083,0.8822024,0.53456986,0.8439676,0.79358333,0.54633546,0.82308215,0.7809553
2023:03:04:19:56:31,up_90_1t_,56.084980726242065,75.51,75.11,178.21,85.01,0.55421156,0.39888534,0.9510888,0.55807596,0.44629028,0.8781474,0.5188734,0.44606248,0.92426276,0.4639337,0.44614235,0.8643352,0.4206899,0.47218314,0.90415597,0.6050475,0.4512633,0.8629285,0.65227485,0.46702144,0.8225468,0.70715845,0.47764644,0.9354529,0.55808544,0.6081612,0.889112,0.5423558,0.60814476,0.9005862,0.54608154,0.7182588,0.8335963,0.54615945,0.81772316,0.93004435,0.5815596,0.608165,0.9375509,0.5778505,0.72361845,0.8846758,0.5777651,0.81782985,0.94804585,0.5502655,0.39361477,0.9767529,0.56982166,0.39373118,0.9394218,0.5462204,0.39381918,0.4723368,0.58156645,0.39889708,0.9568294,0.5815282,0.8491663,0.87694633,0.5895327,0.8439751,0.7949029,0.5774854,0.82312745,0.76354015,0.5464463,0.84910053,0.88241386,0.534562,0.8439535,0.7927387,0.546332,0.8230627,0.7821038
2023:03:04:19:56:31,up_90_1t_,56.14880967140198,75.52,75.09,178.21,78.31,0.55423117,0.39889312,0.9476172,0.5580717,0.4512146,0.87802714,0.5188717,0.4460567,0.92450166,0.46393442,0.44615385,0.8618652,0.42069662,0.47220016,0.9047626,0.605051,0.4512726,0.86270237,0.6522706,0.46703306,0.8217732,0.7071595,0.47763923,0.9343413,0.5580656,0.60818195,0.8904163,0.5423333,0.6081674,0.89803517,0.5460729,0.7182953,0.8343022,0.5461577,0.8177319,0.9310576,0.5815513,0.6081835,0.9381107,0.57784694,0.72364193,0.8852576,0.57776076,0.8178384,0.9464972,0.5502762,0.39362308,0.97586346,0.5698408,0.39373782,0.94084275,0.54623544,0.39383626,0.4958345,0.58156943,0.3989006,0.957274,0.58154494,0.8491751,0.87772596,0.58955353,0.8439768,0.7944179,0.577475,0.82313824,0.7607007,0.54645675,0.84911,0.88391954,0.534572,0.8439727,0.79628974,0.5463231,0.8230737,0.78384465
2023:03:04:19:56:31,up_90_1t_,56.206655740737915,75.54,75.07,178.29,85.00,0.55423266,0.39888924,0.9482097,0.55807626,0.44628978,0.87765193,0.5188761,0.44604266,0.92525345,0.46395415,0.44613782,0.8634539,0.4207117,0.4721996,0.90784085,0.6050531,0.45127824,0.8630492,0.6522854,0.4670537,0.82165515,0.70717394,0.47763085,0.93779165,0.5580472,0.608165,0.8912403,0.5423211,0.608143,0.89706933,0.5460711,0.71828896,0.8348322,0.5461577,0.8177314,0.9301989,0.58153445,0.6081764,0.93816227,0.5778419,0.7285195,0.8853041,0.5777621,0.81783384,0.94641674,0.5502779,0.3936206,0.97599113,0.56984264,0.3937348,0.9410838,0.5462386,0.39383826,0.495067,0.5815722,0.3988976,0.95804316,0.581534,0.8491648,0.8750665,0.58954215,0.84397036,0.79287875,0.5774813,0.8231326,0.7615703,0.5464608,0.8491027,0.887372,0.53457916,0.84396905,0.7992918,0.5463245,0.82307476,0.7822717
2023:03:04:19:56:31,up_90_1t_,56.266061782836914,75.52,75.10,178.22,85.01,0.55423474,0.3989016,0.94672537,0.5580848,0.44628385,0.8776196,0.5188897,0.4460474,0.9241189,0.46396008,0.4461378,0.8628788,0.42068848,0.47217613,0.9034556,0.6050575,0.45126882,0.86356425,0.652315,0.4670339,0.8208596,0.70721865,0.47765377,0.9377574,0.55807185,0.6081562,0.88980186,0.5423392,0.6033696,0.89954317,0.5460886,0.71829015,0.8394333,0.5461665,0.81777316,0.9306741,0.58155036,0.60817254,0.93754125,0.5778543,0.7236432,0.88595974,0.57776487,0.8178457,0.94547117,0.550279,0.393633,0.9766506,0.5698427,0.39374417,0.94121397,0.54624516,0.39383605,0.49109063,0.5815745,0.39889756,0.9591747,0.58156276,0.84918314,0.87760305,0.5895646,0.84398305,0.7928499,0.5774746,0.82314545,0.758666,0.54648906,0.84913737,0.8825079,0.538364,0.8440293,0.7964537,0.5463236,0.8231288,0.77961046
2023:03:04:19:56:31,up_90_1t_,56.32991933822632,75.50,75.11,178.30,85.03,0.55424696,0.39890182,0.945529,0.5580957,0.4462736,0.877109,0.51888734,0.44604972,0.9235468,0.46396485,0.4461293,0.86281013,0.42069146,0.47215018,0.9000591,0.60507804,0.4512536,0.86744374,0.65238017,0.46700573,0.8186133,0.70726943,0.4776843,0.9386928,0.5580927,0.60818976,0.8884835,0.5423493,0.6081635,0.90036035,0.54610515,0.71834356,0.8442414,0.5461655,0.8177923,0.9302379,0.58157146,0.6082023,0.9378462,0.5778643,0.72854596,0.891508,0.5777578,0.81785554,0.9446839,0.5502858,0.39363176,0.9754822,0.5698581,0.39374182,0.9421711,0.54625106,0.39383516,0.50056636,0.5815837,0.39889038,0.95791346,0.5815572,0.8491813,0.87320524,0.5895455,0.84398454,0.79156166,0.5774673,0.8231474,0.7556587,0.5464882,0.84914863,0.8828335,0.53836584,0.8440437,0.7966473,0.5463165,0.8231503,0.77836317
2023:03:04:19:56:31,up_90_1t_,56.393720388412476,75.49,75.12,178.31,85.04,0.55425644,0.39890805,0.94359756,0.5581104,0.4462673,0.87645924,0.5188953,0.44605508,0.92380255,0.46396762,0.44612646,0.8631129,0.420691,0.47215056,0.9000888,0.6050984,0.45123506,0.87053967,0.6561403,0.467007,0.8184524,0.7072814,0.4776865,0.9380164,0.5581094,0.6082002,0.88857937,0.54235625,0.6081734,0.90252006,0.5461124,0.71836346,0.84641063,0.5461696,0.81780404,0.93094873,0.5815904,0.60821486,0.9379368,0.57787675,0.72856504,0.8960819,0.57774997,0.8178681,0.94375026,0.55028826,0.3936367,0.97528565,0.5698705,0.39374366,0.9428584,0.5462504,0.39383876,0.51328766,0.5815953,0.39888468,0.9576207,0.58156925,0.8491927,0.8717375,0.589547,0.8439961,0.7911866,0.57385284,0.82315737,0.7544236,0.55005664,0.8491511,0.8828423,0.53837925,0.8440528,0.798684,0.5463137,0.82316387,0.7798965
2023:03:04:19:56:31,up_90_1t_,56.453595876693726,75.49,75.12,178.32,85.01,0.5542498,0.3989129,0.94363236,0.55814797,0.44625625,0.87458265,0.5189229,0.44606563,0.9217786,0.46398473,0.44613034,0.8620073,0.42071834,0.47215167,0.8990348,0.60511947,0.45122293,0.8744365,0.65617,0.46699846,0.81883234,0.7073004,0.47768417,0.93523,0.5581269,0.6081797,0.88903236,0.542364,0.6081469,0.903922,0.5461206,0.7183616,0.8496045,0.5461684,0.81782883,0.93006796,0.58161044,0.6082023,0.936872,0.57788855,0.7285467,0.89525753,0.5777438,0.8178744,0.94355214,0.5502835,0.39364251,0.9755464,0.5698587,0.39374375,0.94235945,0.54624885,0.3938365,0.48715323,0.58160275,0.39887667,0.9615248,0.5815798,0.84919304,0.8701512,0.5895387,0.84398514,0.7892655,0.57383657,0.8231644,0.7492529,0.55008894,0.84915775,0.880672,0.5384262,0.84899473,0.7993669,0.5463011,0.82319844,0.77812237
2023:03:04:19:56:31,up_90_1t_,56.509411096572876,75.48,75.09,177.84,85.04,0.55427766,0.398916,0.9392469,0.5581553,0.44625875,0.8739153,0.5189225,0.44606844,0.9211881,0.46775538,0.44615102,0.8596334,0.42071992,0.4721994,0.903983,0.6051378,0.45122057,0.8760365,0.6561916,0.46699372,0.81809926,0.70731634,0.4776902,0.933092,0.55814034,0.6081689,0.88962513,0.54236996,0.60813683,0.90539926,0.5461156,0.71835953,0.84928757,0.5461633,0.8178627,0.92781943,0.5816267,0.60819286,0.9355862,0.58144283,0.7236522,0.8911118,0.5777445,0.81788707,0.9426371,0.5502964,0.39364427,0.97364414,0.569894,0.39374432,0.9434694,0.5462556,0.3938508,0.5392188,0.58161175,0.3988756,0.9597553,0.5816089,0.8492056,0.87405115,0.5895597,0.8439912,0.79085207,0.57382834,0.82318234,0.74663484,0.5501023,0.8491848,0.8749918,0.53844434,0.84902936,0.796387,0.5462898,0.828195,0.7766187
2023:03:04:19:56:31,up_90_1t_,56.56925058364868,75.49,75.08,177.83,85.03,0.5542689,0.39892462,0.93976814,0.5581548,0.44625,0.8742376,0.5189188,0.44606057,0.92242175,0.4639923,0.44617778,0.8559721,0.4207299,0.47219667,0.9027728,0.6051385,0.45121667,0.8757934,0.6561639,0.46699896,0.81905216,0.70730984,0.47769186,0.9348231,0.5581178,0.6081566,0.8913707,0.54234993,0.6033634,0.9026822,0.5461113,0.71835715,0.84856296,0.54616076,0.81786096,0.92861766,0.58160937,0.6081807,0.93764156,0.58144796,0.7236348,0.88968563,0.5777492,0.8178817,0.94355893,0.5502927,0.39364976,0.9740958,0.5698837,0.39375108,0.9435301,0.5462532,0.3938396,0.5081831,0.58161706,0.3988795,0.9624674,0.58159935,0.8492091,0.8725334,0.5895603,0.8440006,0.7888926,0.573832,0.82317704,0.74779344,0.5500858,0.8491854,0.8805701,0.53842175,0.8490246,0.79977953,0.5462883,0.8281925,0.77709657
2023:03:04:19:56:31,up_90_1t_,56.63307976722717,72.92,75.08,177.82,85.06,0.5543055,0.39895028,0.93284315,0.5581591,0.44625413,0.8733477,0.51891005,0.4460638,0.92164755,0.46398965,0.44616184,0.8595482,0.4207309,0.47219807,0.90316105,0.6051495,0.44628382,0.8786323,0.6561995,0.46698937,0.81959337,0.70733863,0.47771037,0.93260384,0.5581236,0.6081599,0.8936853,0.5423426,0.6033696,0.9024556,0.54610044,0.7183824,0.84735584,0.5461539,0.817866,0.92714924,0.58162457,0.60817873,0.9395268,0.5814594,0.7236171,0.88916314,0.57774466,0.8178665,0.9444601,0.5503087,0.39367807,0.97266483,0.5699244,0.393768,0.94545424,0.546252,0.3938619,0.57627857,0.58162284,0.39886922,0.95866567,0.58159554,0.8491933,0.8735154,0.5895502,0.84398305,0.7907276,0.5738217,0.8231502,0.750727,0.5500639,0.8491808,0.8771489,0.5383994,0.849016,0.7939599,0.54628795,0.828195,0.77724874
2023:03:04:19:56:32,up_90_1t_,56.69092512130737,72.92,75.08,177.82,85.06,0.55430996,0.39894897,0.93275356,0.5581661,0.44624406,0.8736116,0.5189202,0.44605127,0.9212953,0.4677445,0.44612435,0.86274564,0.42073724,0.47219342,0.9057395,0.6051502,0.4462878,0.87890506,0.6561861,0.46697015,0.82006204,0.7073393,0.47771806,0.93340325,0.5581237,0.608148,0.8945232,0.5423469,0.60335636,0.90383494,0.5460987,0.7183832,0.846357,0.54614985,0.8178675,0.92605454,0.5816246,0.6081704,0.9403561,0.5814616,0.72363263,0.89009297,0.5777339,0.8178646,0.9443235,0.5503118,0.39367697,0.9730119,0.5736186,0.3937665,0.946147,0.54625344,0.39386588,0.58030826,0.58163196,0.3988742,0.959529,0.581605,0.84918207,0.86991984,0.5895488,0.84396255,0.78888434,0.5738041,0.82314855,0.74838513,0.5500799,0.8491744,0.87853235,0.5384159,0.8490162,0.7972288,0.5462763,0.82819974,0.7771427
2023:03:04:19:56:32,up_90_1t_,56.74877095222473,72.92,75.08,177.81,85.06,0.55432737,0.39898473,0.92704195,0.5581851,0.44623238,0.8719257,0.5189347,0.44604254,0.92021185,0.46775782,0.4460999,0.8666962,0.42073095,0.47217426,0.9027785,0.6051586,0.44628957,0.8797679,0.65617824,0.46699566,0.821542,0.7073497,0.47772884,0.9333356,0.5581279,0.603375,0.8958239,0.5423551,0.6033174,0.90761316,0.546099,0.7183769,0.8468207,0.5461535,0.8178648,0.92607623,0.5816217,0.608151,0.94066584,0.58146423,0.7236327,0.89098233,0.5777371,0.81786585,0.9434625,0.55031925,0.39370736,0.9714805,0.5736382,0.39378977,0.9480158,0.5462552,0.3938631,0.58655596,0.58164936,0.3988751,0.95845056,0.5815856,0.8491958,0.87118524,0.589541,0.8439911,0.790689,0.57381725,0.823152,0.7478543,0.55006576,0.8491796,0.88251287,0.5383909,0.84901255,0.7986301,0.5462896,0.82820314,0.7734399
2023:03:04:19:56:32,up_90_1t_,56.808610677719116,74.28,73.71,177.79,80.58,0.5543068,0.39897263,0.93088883,0.5619349,0.4462119,0.87221587,0.51894486,0.44602567,0.9213467,0.46398473,0.4460876,0.86757827,0.42071003,0.47216266,0.9004022,0.6051576,0.44628277,0.8810639,0.6561689,0.46701536,0.8240232,0.7073416,0.47773385,0.9338953,0.5581182,0.60336095,0.89839953,0.5423521,0.6033014,0.90907896,0.54609644,0.7184019,0.8471446,0.54615754,0.8178876,0.92649764,0.5816185,0.6033692,0.94148195,0.58148056,0.72361094,0.89102614,0.5777296,0.8178637,0.9432854,0.5503096,0.3936942,0.973286,0.57361937,0.39378336,0.9453629,0.5462556,0.3938436,0.5400806,0.581651,0.39887634,0.9627978,0.5816106,0.8491928,0.8706151,0.5895596,0.8439754,0.7892711,0.5737994,0.82314134,0.746258,0.55009204,0.84919214,0.8766867,0.5384248,0.8490374,0.7973068,0.54628253,0.82823396,0.7737665
2023:03:04:19:56:32,up_90_1t_,56.87243986129761,74.25,73.75,177.64,80.57,0.55431175,0.3989583,0.9324184,0.56195974,0.44620153,0.8728028,0.5189633,0.44602633,0.9195289,0.46398887,0.44607258,0.8694441,0.42070937,0.47215298,0.89956117,0.6051781,0.4462678,0.88421166,0.65618986,0.46698987,0.8248855,0.7073536,0.4777334,0.93394977,0.55810726,0.60813636,0.8983976,0.54232043,0.6033334,0.90498286,0.5461006,0.7234129,0.85119736,0.54616475,0.8179106,0.9246681,0.5816284,0.6081729,0.9412295,0.58150584,0.72851837,0.8954245,0.5777251,0.8178606,0.9428278,0.55031466,0.39368093,0.9729527,0.5736278,0.39377454,0.9469445,0.5462595,0.39383847,0.5454592,0.58165866,0.39887574,0.95942813,0.58161753,0.8491893,0.8710843,0.58956355,0.84396315,0.78897727,0.5737868,0.82312274,0.74500865,0.550107,0.84920835,0.87358874,0.5384435,0.8490605,0.7960728,0.5462835,0.8282596,0.77204293
2023:03:04:19:56:32,up_90_1t_,56.93186950683594,74.25,73.71,177.63,80.58,0.55432284,0.39895788,0.9313408,0.5619636,0.44621283,0.87177765,0.51897335,0.4460361,0.91765255,0.4639918,0.44609708,0.8635425,0.42071635,0.47222152,0.90578187,0.60517955,0.44628555,0.8826798,0.6561712,0.46697503,0.82622033,0.7073567,0.47773817,0.93464917,0.55811226,0.6081306,0.8979278,0.5423308,0.6033282,0.9054843,0.5461259,0.72339475,0.8536229,0.546166,0.8179115,0.92140365,0.58162653,0.6081689,0.9413909,0.58150804,0.7285146,0.89587396,0.57772064,0.8178757,0.9421106,0.5503202,0.39367795,0.9715146,0.5736441,0.3937754,0.9486755,0.5462553,0.39384454,0.56103724,0.58166295,0.39888656,0.95707303,0.5816216,0.8491932,0.86530554,0.58955353,0.8439724,0.7866331,0.5737829,0.82314134,0.74443054,0.55011505,0.8492071,0.8738078,0.5384551,0.84905845,0.79596454,0.5462804,0.8282666,0.7675829
2023:03:04:19:56:32,up_90_1t_,56.98926496505737,74.26,73.70,177.75,80.59,0.55432045,0.3989334,0.93364316,0.56196016,0.44620487,0.872927,0.5189669,0.44603243,0.92070746,0.4639566,0.4460925,0.86612797,0.4207064,0.472228,0.90454674,0.6051858,0.44627538,0.88441277,0.65618867,0.46695405,0.8259547,0.7073744,0.47773495,0.9328337,0.5580895,0.6081291,0.89845514,0.54231703,0.6033371,0.9040906,0.5461245,0.72339463,0.8549746,0.54616356,0.81793314,0.9219444,0.5816029,0.6081577,0.94127506,0.5814989,0.72363955,0.8934867,0.5777185,0.81786966,0.94290954,0.5503209,0.39365596,0.9709569,0.5736418,0.3937563,0.94779384,0.5462538,0.39384404,0.5683254,0.58166015,0.39887387,0.9601621,0.5816377,0.84920126,0.8703269,0.58957756,0.8439742,0.78813684,0.5737724,0.8231374,0.742042,0.5501285,0.84921914,0.8707448,0.53847164,0.8490811,0.7950241,0.5462691,0.82830393,0.76892537
2023:03:04:19:56:32,up_90_1t_,57.05110502243042,74.26,73.71,177.75,80.60,0.55432165,0.39892372,0.9341992,0.56196636,0.44620404,0.87304115,0.5189774,0.44604078,0.9187546,0.46394473,0.4460878,0.8677483,0.42069384,0.47223148,0.9024128,0.60518384,0.44626495,0.8847536,0.65619534,0.46691048,0.8231106,0.7073746,0.47772604,0.93374586,0.5580886,0.60813075,0.89787936,0.5423226,0.60333484,0.904971,0.54613066,0.72339356,0.8558874,0.54617184,0.8179036,0.92429656,0.58159775,0.6081612,0.9411353,0.5815008,0.7236546,0.8959917,0.57771516,0.81786305,0.942851,0.5503214,0.39364874,0.97035253,0.5736434,0.39374754,0.9468926,0.5462567,0.39384916,0.56768894,0.58166116,0.39887324,0.95907426,0.58161265,0.8491989,0.87126625,0.5895515,0.84397686,0.7907498,0.5737764,0.8231222,0.7449679,0.5501229,0.84920114,0.8738711,0.5384664,0.8490543,0.7971122,0.5462804,0.82825726,0.76895267
2023:03:04:19:56:32,up_90_1t_,57.11492872238159,74.31,73.66,177.76,80.57,0.5543118,0.39892676,0.93574786,0.5619704,0.44618663,0.87391114,0.5189781,0.4460161,0.9195351,0.46389943,0.4460482,0.8728893,0.42065927,0.47221857,0.8953742,0.60518503,0.44625923,0.8848758,0.6561956,0.46691805,0.82272637,0.7073836,0.47772184,0.9351356,0.5580711,0.603327,0.89865994,0.54231995,0.60327494,0.9036083,0.5461343,0.71834683,0.8540009,0.5461626,0.817889,0.92723763,0.5815791,0.60333216,0.9405696,0.58148587,0.7235668,0.88761896,0.5777264,0.81785244,0.94416744,0.5503146,0.39365295,0.9719868,0.573635,0.39375106,0.94663167,0.5462487,0.39384988,0.5485194,0.58166444,0.398874,0.9619952,0.58160245,0.8491946,0.87326777,0.58955824,0.8439811,0.7901171,0.573796,0.8231295,0.74678993,0.55008566,0.84919775,0.88177323,0.5384207,0.84903836,0.8000076,0.54628617,0.82824576,0.77198863
2023:03:04:19:56:32,up_90_1t_,57.17277407646179,74.31,73.66,177.76,80.58,0.5543191,0.39893693,0.9338996,0.56196386,0.44618455,0.8745395,0.5189859,0.44601274,0.91882235,0.46394116,0.44605085,0.8723158,0.42071614,0.47219676,0.90008754,0.60518086,0.44625428,0.8844423,0.65619916,0.4669137,0.8225613,0.70739305,0.47771284,0.93541795,0.5580687,0.6033599,0.89760756,0.5423198,0.6033033,0.90415454,0.54613554,0.718355,0.8547921,0.54616,0.81790847,0.9271171,0.58157426,0.6033693,0.9406001,0.58149356,0.7235527,0.8846814,0.57773364,0.8178483,0.94508433,0.5503179,0.3936602,0.97218937,0.5736439,0.39375877,0.94810903,0.54624575,0.3938469,0.5666976,0.58166647,0.3988735,0.95931304,0.5816209,0.8491742,0.8743161,0.5895754,0.8439562,0.7885953,0.57380074,0.8231341,0.7435242,0.5500969,0.84920555,0.87958986,0.53843457,0.8490578,0.79999995,0.54627824,0.8282782,0.7735696
2023:03:04:19:56:32,up_90_1t_,57.22862529754639,74.33,73.67,177.76,80.56,0.55432403,0.39894497,0.9324033,0.56199366,0.44619069,0.8734277,0.5190053,0.4460238,0.9159481,0.4639666,0.44602898,0.87421423,0.42072058,0.47217646,0.8977022,0.60519874,0.4462722,0.88455194,0.65622,0.4669466,0.8219288,0.70739913,0.47771493,0.93225473,0.55806845,0.60333204,0.89671427,0.542324,0.6032723,0.90196925,0.54614043,0.71834713,0.85351735,0.5461607,0.8179171,0.9242677,0.5815723,0.6033457,0.9409138,0.58149487,0.7235244,0.8805013,0.5777395,0.8178499,0.9445602,0.5503201,0.3936718,0.971474,0.57364535,0.3937629,0.9480372,0.5462545,0.39386144,0.55808073,0.58166516,0.3988725,0.958656,0.581618,0.84917116,0.8709793,0.58957076,0.84395754,0.78677297,0.57380927,0.8231393,0.7446416,0.55007803,0.8492079,0.87775517,0.5384187,0.8490543,0.79709023,0.54628634,0.82829094,0.77127635
2023:03:04:19:56:32,up_90_1t_,57.28805375099182,74.33,73.68,177.77,80.53,0.5543003,0.3989597,0.9334471,0.5619995,0.44619521,0.8735254,0.51900804,0.44603303,0.91516703,0.4639615,0.44602934,0.87265825,0.42069718,0.4721709,0.892318,0.605203,0.44627514,0.88418025,0.6562309,0.46698326,0.82171136,0.70742744,0.47773096,0.9268191,0.5580595,0.60334224,0.89755774,0.5423182,0.6032757,0.90250015,0.54613036,0.71833766,0.8503865,0.5461665,0.81788826,0.9251501,0.58156586,0.60336024,0.9413399,0.5814813,0.7235318,0.8788972,0.5777413,0.8178381,0.94355357,0.55030376,0.39368474,0.97313064,0.573621,0.3937705,0.9448699,0.546246,0.39385298,0.50510794,0.5816692,0.39886656,0.96338683,0.5816009,0.84916663,0.8702856,0.5895599,0.84395784,0.78595704,0.57381517,0.8231185,0.7467336,0.5500642,0.84918237,0.874905,0.5384073,0.8490207,0.7932265,0.54629886,0.82824665,0.7718215
2023:03:04:19:56:32,up_90_1t_,57.35188341140747,74.34,73.67,177.76,80.54,0.55430585,0.3989644,0.931421,0.56199837,0.44620284,0.8735315,0.5190084,0.44604266,0.9136571,0.4639788,0.44603193,0.87139356,0.42069235,0.4721817,0.894039,0.6052034,0.44628283,0.8837073,0.6562202,0.4669972,0.82187885,0.7074272,0.47773644,0.92619836,0.55805403,0.6033442,0.8979499,0.5423176,0.6032788,0.90221775,0.5461351,0.71833426,0.850638,0.5461671,0.8178953,0.92486626,0.5815619,0.6033602,0.94135875,0.5814801,0.723539,0.879078,0.5777315,0.8178355,0.94371057,0.55030894,0.3936888,0.97115403,0.57362556,0.39377567,0.94522387,0.5462549,0.39385325,0.50710946,0.5816702,0.39887434,0.96169144,0.58162415,0.8491663,0.8681028,0.5895795,0.84394616,0.7841323,0.57379407,0.82311594,0.74200594,0.5501004,0.8491869,0.8718443,0.5384435,0.8490391,0.79411083,0.54628277,0.82826173,0.77110714
2023:03:04:19:56:32,up_90_1t_,57.40972876548767,74.34,73.67,177.77,80.53,0.55431443,0.39898327,0.9288931,0.56200063,0.44621208,0.87268746,0.5189972,0.44604513,0.9144657,0.46774405,0.44603956,0.86906993,0.4207158,0.472166,0.8976033,0.6052176,0.44629353,0.88330144,0.6562272,0.46700126,0.82216835,0.7074291,0.4777392,0.92766875,0.5580408,0.60336715,0.8970283,0.54230344,0.6033025,0.8988062,0.54613227,0.71835697,0.8508302,0.5461598,0.8178893,0.92167956,0.58155006,0.60815346,0.94137836,0.5814689,0.7235594,0.87991625,0.57772785,0.8178332,0.94329756,0.550313,0.3937049,0.9712766,0.5736342,0.39378792,0.94649917,0.5462586,0.39385724,0.5196375,0.58167267,0.39887506,0.95929164,0.5816121,0.8491576,0.86704636,0.58956283,0.84394217,0.78484285,0.5737894,0.8231071,0.7448752,0.55007786,0.8491785,0.87020844,0.5384227,0.8490272,0.79118145,0.5462804,0.8282505,0.769769
2023:03:04:19:56:32,up_90_1t_,57.46557950973511,76.90,73.69,177.77,84.98,0.55802315,0.39898813,0.925629,0.56197935,0.4462361,0.87162673,0.5189782,0.44606358,0.9132541,0.46775782,0.4460546,0.8679874,0.42072776,0.47214872,0.89765126,0.60521436,0.4512284,0.8823716,0.6562017,0.46703088,0.82259774,0.70741737,0.4777374,0.92881215,0.5580361,0.60335124,0.8968201,0.5423024,0.6032882,0.89761066,0.54613036,0.7183344,0.84942985,0.54616624,0.81785846,0.9237186,0.5815469,0.6033666,0.9406245,0.5814664,0.7235485,0.8798319,0.5777265,0.8178188,0.94285655,0.5503267,0.3937014,0.9677092,0.5736574,0.39378697,0.9491441,0.546264,0.39386573,0.56044686,0.5816789,0.39888698,0.9538311,0.5815921,0.84915453,0.8693539,0.58954453,0.8439431,0.78699845,0.57379496,0.8230877,0.7471405,0.55007035,0.8491568,0.86897606,0.53841466,0.84899616,0.7892326,0.5462912,0.8282042,0.77137256
2023:03:04:19:56:32,up_90_1t_,57.52541899681091,76.89,73.70,177.76,80.56,0.5543138,0.39899132,0.9273115,0.56198174,0.4462259,0.87250865,0.51898974,0.44606063,0.91295266,0.4677931,0.44605207,0.8694049,0.4207614,0.4721314,0.898702,0.605208,0.4512232,0.8817675,0.6562079,0.46701622,0.8212604,0.707426,0.47773725,0.927925,0.55804455,0.60334384,0.89724624,0.5423101,0.60327965,0.89926684,0.54613113,0.71834016,0.85050505,0.5461628,0.8178656,0.9235885,0.5815534,0.60336035,0.9407432,0.5814706,0.72355145,0.88220084,0.5777235,0.8178261,0.9428281,0.5503152,0.3937104,0.97020066,0.5736335,0.39379737,0.9467421,0.5462669,0.39385518,0.5122672,0.5816745,0.3988913,0.9566624,0.58161193,0.84916514,0.8701675,0.5895618,0.84395224,0.7871055,0.5737857,0.8231001,0.7460453,0.5500854,0.84916145,0.86873543,0.5384281,0.8490065,0.7913033,0.54627985,0.8282193,0.7715589
2023:03:04:19:56:32,up_90_1t_,57.58924841880798,76.90,73.71,177.76,80.54,0.55431235,0.39900175,0.9272346,0.56197727,0.44620445,0.87304515,0.51898545,0.44602916,0.9156416,0.46775365,0.4460027,0.8749774,0.42076093,0.472096,0.89760906,0.6052047,0.45122424,0.8822974,0.6562169,0.46699294,0.82081556,0.7074285,0.4777268,0.92908555,0.5580536,0.60332745,0.897983,0.54231524,0.60326195,0.90049267,0.5461304,0.71833485,0.84917927,0.54616106,0.8178647,0.92314553,0.5815636,0.60334516,0.9409447,0.581477,0.7235444,0.8810617,0.57772255,0.8178242,0.9429889,0.55031466,0.3937187,0.970852,0.57363355,0.39380696,0.9474083,0.54625756,0.39385214,0.50257045,0.58167475,0.39889744,0.956126,0.58158755,0.84916174,0.8666376,0.589536,0.84395623,0.7852995,0.5737868,0.82309455,0.74753004,0.55006635,0.8491621,0.8739066,0.53840566,0.8489996,0.79360855,0.54628396,0.82821804,0.7704559
2023:03:04:19:56:32,up_90_1t_,57.64709401130676,74.34,73.72,177.76,80.56,0.5543202,0.39899546,0.9266808,0.56197613,0.44619748,0.8735132,0.518981,0.4460238,0.9170511,0.4677667,0.44599688,0.8768612,0.42081773,0.4720557,0.9008297,0.6052023,0.44629622,0.8831862,0.6562325,0.46696636,0.8209727,0.70742905,0.4777166,0.9293892,0.5580537,0.6033307,0.8979481,0.5423067,0.6032663,0.89953834,0.546124,0.7183405,0.8485142,0.54616266,0.817855,0.9248657,0.5815668,0.6033456,0.94095576,0.5814821,0.72355205,0.88245606,0.57772213,0.81781816,0.9426221,0.5503191,0.3937164,0.9701311,0.5736375,0.39379957,0.9472096,0.5462614,0.39386314,0.52294,0.5816685,0.3988853,0.9557952,0.58156854,0.8491525,0.8651572,0.5895157,0.8439485,0.78478086,0.5737919,0.8230804,0.74913996,0.55005807,0.8491541,0.8751774,0.5383941,0.8440672,0.7927557,0.5462917,0.8281982,0.7714531
2023:03:04:19:56:33,up_90_1t_,57.70294451713562,74.32,73.71,177.76,80.55,0.55430335,0.39895487,0.9328865,0.5619692,0.44618654,0.873845,0.5189939,0.44601366,0.9183018,0.46778524,0.44601622,0.87722933,0.4208279,0.4720809,0.9069596,0.605181,0.4462837,0.8824936,0.6562044,0.46697807,0.8215952,0.7074157,0.47773483,0.92794216,0.5580773,0.6033353,0.8981911,0.54233086,0.60326946,0.90412414,0.54613006,0.71834487,0.848989,0.5461535,0.8178642,0.9250039,0.58158046,0.60335195,0.9422199,0.5814842,0.7235616,0.8835305,0.57771635,0.81782544,0.9426108,0.5503103,0.39367983,0.9716122,0.57361895,0.3937694,0.94479454,0.5462586,0.3938389,0.5155562,0.581653,0.39886445,0.96360064,0.5816016,0.8491538,0.86701643,0.5895481,0.84393704,0.7857424,0.57377696,0.82308906,0.74592346,0.55007374,0.849166,0.87199664,0.538409,0.8490058,0.7919501,0.54627186,0.8282086,0.77366036
2023:03:04:19:56:33,up_90_1t_,57.76278471946716,74.30,73.71,177.76,80.56,0.55431134,0.39893752,0.9347133,0.56197023,0.44617993,0.8736271,0.5189887,0.44600812,0.9188898,0.46777946,0.44600832,0.8779771,0.420864,0.47208276,0.9096247,0.6051836,0.4462701,0.88386184,0.6561898,0.46700397,0.82368636,0.70739377,0.47773156,0.9280735,0.55809283,0.60332435,0.8987402,0.54233974,0.6032629,0.9061038,0.5461201,0.71831596,0.845698,0.5461546,0.8178366,0.92623544,0.5815942,0.6033376,0.9418427,0.58148974,0.72353286,0.8811142,0.5777178,0.8178096,0.9442501,0.5503158,0.3936646,0.97353363,0.57362837,0.39376152,0.9468558,0.5462607,0.39383903,0.5444306,0.5816453,0.3988682,0.9631638,0.5815942,0.8491456,0.86937976,0.5895485,0.84393317,0.7882813,0.57378465,0.8230754,0.7500147,0.5464861,0.8491609,0.8722942,0.5383755,0.8489877,0.78990436,0.5462831,0.8281802,0.7732579
2023:03:04:19:56:33,up_90_1t_,57.826613903045654,74.30,73.18,177.76,80.53,0.55428773,0.39895087,0.93750757,0.56195545,0.44617596,0.87327075,0.5189784,0.44599167,0.9203994,0.4678069,0.4459903,0.8821041,0.42448333,0.47204298,0.91572607,0.6051741,0.44628552,0.88204676,0.65620416,0.46698612,0.82281494,0.7073942,0.47773716,0.9289662,0.5581048,0.6033274,0.89831805,0.54234666,0.60326445,0.9074969,0.5461202,0.71832705,0.8459357,0.54615754,0.81784195,0.92645806,0.5816036,0.603341,0.9412599,0.58149093,0.72354585,0.88287705,0.57771873,0.8178128,0.94449884,0.55029905,0.39368019,0.9771104,0.5699145,0.39377436,0.9451897,0.5462449,0.39383805,0.5174496,0.58163166,0.3988614,0.9644942,0.5816089,0.8491474,0.86868805,0.5895612,0.8439315,0.7878259,0.5737842,0.8230841,0.7488694,0.5500576,0.84916407,0.8732163,0.5383864,0.8489948,0.7923156,0.5462818,0.8281913,0.77388465
2023:03:04:19:56:33,up_90_1t_,57.884018898010254,74.32,73.16,177.77,80.42,0.55419457,0.39889845,0.9514248,0.56197083,0.4461561,0.87473434,0.5189906,0.44598272,0.91764665,0.46782213,0.4459922,0.8815477,0.42448193,0.47205603,0.91869193,0.6051586,0.44628042,0.8826113,0.6562147,0.46690896,0.8210585,0.7073627,0.47770694,0.9391463,0.55809546,0.6033172,0.9001035,0.5423397,0.60325485,0.9080404,0.54611135,0.7183177,0.8454635,0.54615355,0.8178503,0.92705214,0.58159447,0.60333127,0.9425251,0.5814841,0.7235317,0.8823103,0.5777185,0.8178115,0.9452649,0.5502596,0.39363396,0.9752276,0.5698066,0.39374065,0.9383935,0.5462263,0.3937687,0.36342362,0.5816107,0.39887366,0.9767447,0.58163005,0.84914184,0.87082565,0.5933334,0.8439315,0.7873537,0.5737779,0.82308346,0.74771124,0.5500711,0.8491721,0.86985815,0.53840053,0.8490097,0.79053617,0.546274,0.8281976,0.7760303
2023:03:04:19:56:33,up_90_1t_,57.93986892700195,76.86,73.70,177.77,80.41,0.5541583,0.39889026,0.95376235,0.5619495,0.4461764,0.8759233,0.5189698,0.44600052,0.92097205,0.4678053,0.44605893,0.8748564,0.42088932,0.4721043,0.92216074,0.6051626,0.45121136,0.8825036,0.6562299,0.4669417,0.8230192,0.7073791,0.4777116,0.93275905,0.5581263,0.60335594,0.8988682,0.54236186,0.6032935,0.9142928,0.5461227,0.72335297,0.8514734,0.54615575,0.81787586,0.9255205,0.5816206,0.60337013,0.9410322,0.5814947,0.72363204,0.89179343,0.5777224,0.8178416,0.9440559,0.5502356,0.3936212,0.97431636,0.5697668,0.3937263,0.9344611,0.5462099,0.39374644,0.34021443,0.58159804,0.3988609,0.97650677,0.58161306,0.8491837,0.87243634,0.58956385,0.84397143,0.7906066,0.57378656,0.82310617,0.74764544,0.5500689,0.8491968,0.87672585,0.5383945,0.8490296,0.7950283,0.54627985,0.82822263,0.77367103
2023:03:04:19:56:33,up_90_1t_,57.99931478500366,76.85,73.68,177.76,80.40,0.5541544,0.39888808,0.9538485,0.5619571,0.44619036,0.87482095,0.51896596,0.44601616,0.91911453,0.46397278,0.44610554,0.86656356,0.42070767,0.4722039,0.90377975,0.60517067,0.45121756,0.8822852,0.6562063,0.4670001,0.8265834,0.7073411,0.47772932,0.9340546,0.5581258,0.60337657,0.897978,0.5423508,0.603315,0.9116856,0.54612106,0.72337466,0.8513018,0.5461608,0.8178881,0.924235,0.58162546,0.60815835,0.9411591,0.58150107,0.72364503,0.89332044,0.5777162,0.8178396,0.9447591,0.5502332,0.39362043,0.9741603,0.56976056,0.39372182,0.93382645,0.5462138,0.39374197,0.3244573,0.5816027,0.39885294,0.97811276,0.5816367,0.8491799,0.8746463,0.59333193,0.84397477,0.79141676,0.5737699,0.82310116,0.7460287,0.5501,0.84919614,0.8686557,0.5384326,0.8490428,0.79106396,0.54627264,0.8282378,0.77273256
2023:03:04:19:56:33,up_90_1t_,58.06513714790344,76.86,73.67,177.76,80.40,0.55415237,0.3988818,0.95449656,0.5619617,0.446191,0.87476116,0.51896465,0.44601908,0.9194527,0.46395686,0.44610146,0.8676293,0.4206926,0.4722165,0.902212,0.60517555,0.4512168,0.88272977,0.65619665,0.46700522,0.82549226,0.70733005,0.47770557,0.93367815,0.5581243,0.6033741,0.89749336,0.5423496,0.6033125,0.91086006,0.5461231,0.7233769,0.84993577,0.54616606,0.81788045,0.92368335,0.58162415,0.6081559,0.94058794,0.5814966,0.7236482,0.8924559,0.57771546,0.8178405,0.94282013,0.5502313,0.39361468,0.9740455,0.56975746,0.39371538,0.9335568,0.54621065,0.3937395,0.3236754,0.58160436,0.39884657,0.9781646,0.5816305,0.8491839,0.8694953,0.58957934,0.843957,0.7878962,0.57377195,0.823096,0.7445097,0.550105,0.8491923,0.86896765,0.53843695,0.84903604,0.79126465,0.546277,0.82822615,0.77039146
2023:03:04:19:56:33,up_90_1t_,58.12298250198364,76.85,73.71,177.76,80.39,0.5541502,0.398879,0.9545335,0.56195396,0.44618428,0.87481326,0.51896703,0.44600573,0.9213882,0.467772,0.44605708,0.8749479,0.42083716,0.4721138,0.9134128,0.60516316,0.45121476,0.8818412,0.656159,0.46701717,0.82681364,0.70732033,0.47771287,0.93691933,0.5581254,0.6033694,0.898487,0.542353,0.6033072,0.91270953,0.5461181,0.72335446,0.8491924,0.54616106,0.81789225,0.92391247,0.58162177,0.6081503,0.94086444,0.5814992,0.7236315,0.89137375,0.577719,0.81785476,0.9426738,0.55022925,0.39361405,0.9743123,0.56975454,0.39371026,0.9328131,0.54621404,0.3937363,0.32611954,0.5816057,0.3988323,0.977542,0.58162856,0.84920335,0.874509,0.5895807,0.8439833,0.79114366,0.57377577,0.82312304,0.74335885,0.55010444,0.84921247,0.8736044,0.5384314,0.8490561,0.7955354,0.5462761,0.82824695,0.7705075
2023:03:04:19:56:33,up_90_1t_,58.18282222747803,74.31,73.71,177.75,80.41,0.55415916,0.39888644,0.95322293,0.561959,0.4461874,0.8741613,0.51897323,0.44602,0.91900057,0.46777275,0.44606626,0.8716025,0.42082876,0.4721224,0.90940297,0.6051667,0.44629446,0.8826925,0.65617895,0.46700695,0.82578456,0.7073211,0.4777028,0.9360454,0.5581284,0.6033649,0.898136,0.54235417,0.6033014,0.91210115,0.5461231,0.72336364,0.8500083,0.5461577,0.8178887,0.9236467,0.5816261,0.60814846,0.94040525,0.58151513,0.7236396,0.89218104,0.5777217,0.8178526,0.9419607,0.55023104,0.39362207,0.97539365,0.56976444,0.3937154,0.9333781,0.5462094,0.39374933,0.33787307,0.58160466,0.3988323,0.9774183,0.5816102,0.8491974,0.8733324,0.5895604,0.84399086,0.79117435,0.5737835,0.8231134,0.7454293,0.55008423,0.8492037,0.8735173,0.538411,0.8490416,0.7938267,0.54627705,0.8282377,0.7710741
2023:03:04:19:56:33,up_90_1t_,58.244657039642334,74.29,73.70,177.75,80.43,0.5541606,0.3988737,0.95427406,0.5619431,0.4461886,0.8746336,0.5189634,0.44601688,0.91894966,0.46392635,0.44611323,0.8655271,0.42067033,0.4722546,0.89555,0.60515255,0.4462846,0.88082457,0.6561587,0.46698892,0.8236982,0.7072759,0.47764537,0.93607783,0.55810744,0.60813016,0.89768475,0.54232687,0.6033278,0.9061554,0.5461107,0.7233596,0.84547424,0.54616535,0.8178609,0.9249901,0.5816204,0.6081663,0.941486,0.58151567,0.7236353,0.8926989,0.57772124,0.81783754,0.9429112,0.5502302,0.39360744,0.97515833,0.5697663,0.39370427,0.93333626,0.546202,0.39374477,0.34247094,0.5816072,0.3988335,0.9770641,0.5816053,0.8491754,0.8717597,0.58955467,0.8439649,0.79101104,0.57378423,0.8230895,0.7478791,0.5500781,0.8491795,0.86931634,0.5384089,0.8490141,0.7906616,0.5462849,0.8281967,0.7718409
2023:03:04:19:56:33,up_90_1t_,58.306052684783936,74.31,73.69,177.74,80.43,0.55416,0.39887524,0.95396835,0.56194985,0.44617805,0.87538373,0.5189758,0.44601092,0.91860175,0.46775928,0.4461039,0.86511785,0.4208034,0.4721612,0.90633005,0.6051448,0.44626826,0.88196164,0.65614265,0.46699268,0.8249407,0.70727974,0.47766206,0.9372524,0.55811757,0.60337645,0.89776397,0.5423459,0.6033152,0.90927505,0.5461207,0.7233554,0.8474604,0.5461597,0.8178492,0.9253541,0.58161896,0.608156,0.9420149,0.5815206,0.7236129,0.89047027,0.5777223,0.8178207,0.94536245,0.55023324,0.3936124,0.9735582,0.5697654,0.39370787,0.93337095,0.5462092,0.39374956,0.33870745,0.5816084,0.39883792,0.9751609,0.5816101,0.84914863,0.8706881,0.5895533,0.8439327,0.79014105,0.57378536,0.8230703,0.75143987,0.5500724,0.8491558,0.8679283,0.5384076,0.84898883,0.788603,0.54627746,0.8281755,0.77325183
2023:03:04:19:56:33,up_90_1t_,58.36389756202698,74.30,73.67,177.74,80.41,0.55416363,0.39888543,0.95281965,0.56196594,0.4461608,0.87582636,0.5189887,0.4459935,0.9186087,0.46776783,0.4460647,0.8693536,0.42082006,0.47214478,0.90725327,0.60515577,0.44626206,0.88381016,0.65617776,0.46698326,0.82517445,0.707322,0.47770384,0.93578696,0.55809873,0.6033725,0.89853895,0.54233295,0.603308,0.9072598,0.5461193,0.7184034,0.84741557,0.5461709,0.8178541,0.92672306,0.58160454,0.6081565,0.94226235,0.5815126,0.72361255,0.889568,0.5777237,0.8178155,0.9453826,0.5502345,0.39362133,0.97381294,0.5697681,0.39371508,0.93386286,0.546213,0.39374605,0.33541673,0.58161175,0.3988317,0.97533303,0.58161855,0.8491452,0.87110686,0.58956856,0.8439228,0.7892885,0.57378477,0.8230665,0.7501988,0.5500884,0.8491631,0.8686681,0.5384284,0.84900135,0.7911366,0.5462875,0.82818586,0.77386147
2023:03:04:19:56:33,up_90_1t_,58.4217426776886,74.32,73.65,177.75,80.42,0.5541785,0.39890057,0.94956446,0.56195784,0.44614652,0.87568367,0.51898116,0.4459743,0.91979444,0.46393847,0.4460674,0.8701983,0.4206841,0.47220296,0.8944501,0.60515016,0.446255,0.8831318,0.65615875,0.46697792,0.82372797,0.70729035,0.47766456,0.936325,0.55808944,0.6033493,0.8987532,0.5423303,0.60328776,0.90637475,0.54612476,0.7183828,0.8486198,0.5461674,0.8178429,0.9252643,0.5815979,0.60336226,0.94134045,0.5814978,0.7236067,0.8890775,0.57771826,0.8178073,0.9435514,0.55023926,0.3936303,0.9733517,0.56978226,0.3937258,0.93504083,0.5462053,0.39374352,0.34537774,0.58161515,0.39882907,0.9733563,0.58159024,0.8491365,0.86799353,0.5895348,0.8439224,0.788712,0.57378393,0.82305276,0.74995714,0.5500712,0.84914577,0.86916864,0.5384049,0.8440575,0.78897595,0.546292,0.8232194,0.77170086
2023:03:04:19:56:33,up_90_1t_,58.48158311843872,74.33,73.64,177.75,80.42,0.5541805,0.39891398,0.94901067,0.5619664,0.44615224,0.8754198,0.5189888,0.4459858,0.9181865,0.46394962,0.44607487,0.8684573,0.42068738,0.47222117,0.89604807,0.6051559,0.44625327,0.88320297,0.6561886,0.46699739,0.8219539,0.70730865,0.47764912,0.93204236,0.5580854,0.6033234,0.8990721,0.5423324,0.60326207,0.9066355,0.54612476,0.71835786,0.8481049,0.5461651,0.817855,0.9249455,0.58159184,0.6033371,0.9411671,0.58149,0.7235853,0.888188,0.5777087,0.817813,0.94269556,0.5502386,0.39364243,0.9746441,0.56978625,0.393737,0.9358574,0.54620206,0.39375803,0.34978616,0.5816157,0.39884028,0.974228,0.5815877,0.8491452,0.868719,0.58952665,0.84392697,0.7888793,0.5737694,0.8230621,0.74695516,0.5500811,0.84916186,0.8701266,0.53842074,0.8489993,0.79044616,0.54628325,0.8281923,0.7709553
2023:03:04:19:56:33,up_90_1t_,58.541423082351685,74.33,73.65,177.75,80.45,0.5541995,0.3989349,0.945613,0.5619591,0.44615787,0.87553596,0.51898545,0.4459944,0.91878265,0.4639375,0.4460844,0.86820924,0.42068362,0.47222522,0.8927595,0.60515416,0.4462508,0.8835077,0.65615284,0.46701017,0.8239339,0.7072889,0.4776423,0.93272734,0.5580823,0.6033281,0.898843,0.54232556,0.60326934,0.9053583,0.5461238,0.7183589,0.847527,0.5461718,0.8178314,0.92610157,0.5815911,0.60333973,0.9411548,0.5814946,0.72357494,0.8868943,0.5777225,0.81780076,0.9449152,0.5502451,0.39366004,0.9759953,0.5698077,0.39375076,0.9373294,0.5462,0.39377743,0.3705577,0.58162385,0.39883816,0.97305745,0.58158225,0.84914863,0.87750155,0.5895402,0.8439383,0.7955566,0.57379454,0.823052,0.7532226,0.5464916,0.84915555,0.8692376,0.53838074,0.844055,0.7860608,0.5463082,0.8232059,0.7721444
2023:03:04:19:56:33,up_90_1t_,58.600265979766846,74.33,73.63,177.76,80.44,0.5542085,0.3989397,0.9444535,0.5619611,0.44616285,0.8751018,0.5189809,0.4459874,0.918889,0.46392575,0.44609177,0.86714405,0.42066857,0.4722449,0.8904608,0.6051615,0.44626617,0.8824712,0.656159,0.4670218,0.82281464,0.70729274,0.47765067,0.9317543,0.5580875,0.60334194,0.89818,0.54232496,0.603277,0.9041797,0.5461266,0.7183918,0.84803194,0.54616904,0.8178285,0.9244849,0.5815989,0.6033588,0.9410019,0.5814897,0.7236286,0.89069915,0.57771546,0.8178081,0.944253,0.55025065,0.39366323,0.9760845,0.5698198,0.39375478,0.93846005,0.5462027,0.39378262,0.37985492,0.58162755,0.39884123,0.97159106,0.5815774,0.84915525,0.8737297,0.5895297,0.84394324,0.79423666,0.57378393,0.8230498,0.7540228,0.5500535,0.84914577,0.86867,0.5383871,0.8440431,0.7862646,0.546301,0.823195,0.77260035
2023:03:04:19:56:34,up_90_1t_,58.65811085700989,74.33,73.65,177.74,80.45,0.5542185,0.39894477,0.9421651,0.5619621,0.44616714,0.87463987,0.51898056,0.44598976,0.91906685,0.4639353,0.44608888,0.86682606,0.42068008,0.47222516,0.88880414,0.6051639,0.44627002,0.88214296,0.65614253,0.4670301,0.8215152,0.70729154,0.47765064,0.9304279,0.5581031,0.6033457,0.89711386,0.5423314,0.603283,0.90413785,0.5461326,0.7233684,0.8504027,0.5461715,0.81786793,0.9242427,0.58161634,0.60336226,0.9402462,0.5815075,0.723632,0.8916959,0.5777109,0.8178162,0.94383633,0.55025494,0.3936686,0.9744131,0.5698288,0.39375818,0.9389018,0.54620373,0.39379078,0.39203283,0.5816305,0.39884192,0.96954036,0.5816133,0.8491552,0.872676,0.5895571,0.84392583,0.79114956,0.57376397,0.82305855,0.7473425,0.55010176,0.84916914,0.8648573,0.53844994,0.8490101,0.78738546,0.5462825,0.8282009,0.7720135
2023:03:04:19:56:34,up_90_1t_,58.71795105934143,74.32,73.65,177.75,80.46,0.554228,0.39894575,0.9412986,0.5619664,0.44616818,0.87452066,0.5189907,0.44599542,0.9184818,0.4639497,0.44608945,0.86631435,0.4206861,0.47222573,0.8912496,0.60516393,0.4462672,0.88295376,0.6561347,0.46704784,0.8209123,0.7072965,0.47766295,0.9296073,0.55809915,0.6033204,0.8980365,0.54233086,0.6032546,0.9044864,0.5461245,0.7233552,0.8486556,0.54617244,0.81787574,0.92417216,0.5816112,0.6033422,0.9408843,0.58149934,0.7236186,0.89193785,0.57770884,0.8178232,0.9432421,0.5502611,0.39367384,0.9741662,0.5698381,0.3937613,0.93958956,0.5462113,0.39380422,0.4033015,0.58163154,0.39884594,0.96998096,0.58161056,0.849167,0.87386876,0.5895528,0.84394175,0.7919438,0.5737654,0.82307506,0.7451883,0.5500995,0.8491857,0.86727035,0.53843945,0.84902704,0.7898369,0.54628456,0.8282213,0.7701774
2023:03:04:19:56:34,up_90_1t_,58.781779766082764,74.33,73.65,177.77,80.45,0.5542401,0.39894968,0.94042075,0.56198037,0.44617164,0.87387085,0.5189942,0.44599408,0.9182807,0.46396562,0.44609028,0.8652793,0.42070243,0.4722138,0.8904837,0.60517764,0.44627702,0.88241965,0.6561441,0.46704632,0.8194808,0.7072954,0.47764772,0.928282,0.5581087,0.60332984,0.8965519,0.54233384,0.6032646,0.90353745,0.54612166,0.7233546,0.8470278,0.5461715,0.81785583,0.92309606,0.581618,0.60335106,0.9391172,0.58148754,0.72362685,0.8892746,0.5777096,0.81782085,0.94076324,0.5502686,0.3936767,0.9756671,0.5698548,0.39376664,0.94117075,0.5462176,0.39380604,0.414535,0.5816377,0.39884928,0.9695163,0.581568,0.8491643,0.8731437,0.5895139,0.84395397,0.7942522,0.5737778,0.8230647,0.74722767,0.5500683,0.8491723,0.86995846,0.5384071,0.8490024,0.788611,0.5462974,0.8281875,0.76876616
2023:03:04:19:56:34,up_90_1t_,58.83962535858154,74.33,73.66,177.77,80.47,0.5542441,0.39894775,0.94014996,0.56197405,0.4461729,0.8734498,0.5189938,0.44599456,0.91778564,0.46394622,0.4460838,0.8666405,0.42067134,0.4722231,0.88794434,0.6051722,0.44627795,0.8820708,0.6561469,0.46705398,0.81924045,0.7073037,0.4776483,0.92716134,0.5581132,0.6033067,0.8966632,0.54234135,0.60324013,0.90481484,0.5461229,0.71838284,0.8473975,0.546165,0.8178618,0.92392826,0.58162,0.603328,0.9388791,0.5814878,0.7235947,0.88887995,0.5777149,0.81782436,0.9424548,0.55027145,0.39367357,0.97523546,0.5698581,0.3937651,0.9413265,0.5462193,0.3938049,0.42009747,0.58163744,0.3988529,0.96913886,0.581589,0.84915406,0.8680937,0.58952993,0.84393924,0.7884229,0.57378024,0.82307845,0.74700344,0.55007833,0.8491615,0.8694978,0.53841674,0.8489963,0.7889466,0.5462854,0.82820046,0.77007705
2023:03:04:19:56:34,up_90_1t_,58.897061824798584,74.33,73.65,177.79,80.45,0.5542325,0.3989423,0.94140095,0.5619777,0.4461716,0.8735016,0.51899487,0.44599047,0.91724014,0.46395802,0.4460788,0.86749125,0.420702,0.47222292,0.8908843,0.60516894,0.44628102,0.8815409,0.65613276,0.46702853,0.81890047,0.70729184,0.4776512,0.9298177,0.55812675,0.60332847,0.8959193,0.54235035,0.6032578,0.9068825,0.5461205,0.7183875,0.8477298,0.54615784,0.81784856,0.9242681,0.5816289,0.603353,0.9380682,0.5814713,0.72360694,0.88828117,0.57771343,0.81782097,0.94282,0.5502644,0.3936689,0.97439545,0.56984353,0.39375982,0.94031334,0.54621094,0.3938027,0.40547773,0.5816358,0.3988523,0.9724462,0.5815531,0.84915507,0.87270105,0.5894988,0.8439505,0.793872,0.57378656,0.8230721,0.7504616,0.5464929,0.84915996,0.8746456,0.5383803,0.8440664,0.789639,0.5462889,0.82817996,0.7702734
2023:03:04:19:56:34,up_90_1t_,58.95848727226257,74.33,73.67,177.77,80.42,0.5542125,0.39894587,0.943278,0.562007,0.4461712,0.8738568,0.5190152,0.4460115,0.91269964,0.46396598,0.44606954,0.86712813,0.4206803,0.47220892,0.8916396,0.6051721,0.44627208,0.8832097,0.6523805,0.46702313,0.8215317,0.7072914,0.47765803,0.9319202,0.5581307,0.603308,0.89599234,0.5423492,0.6032356,0.905509,0.5461167,0.72335386,0.8480414,0.54616463,0.817886,0.92311853,0.5816397,0.6033361,0.9379648,0.581501,0.7236179,0.89367867,0.57772887,0.8178534,0.94423085,0.5502556,0.39367542,0.97369087,0.5698164,0.39376152,0.9388238,0.5462096,0.3938084,0.3767903,0.5816252,0.3988553,0.9737072,0.58160216,0.84918255,0.873281,0.58954716,0.84397393,0.7928056,0.5738028,0.82313025,0.75009024,0.5500642,0.84920037,0.8751141,0.5383997,0.84903187,0.7923219,0.54629993,0.82823503,0.7704467
2023:03:04:19:56:34,up_90_1t_,59.022315979003906,74.33,73.66,177.77,80.42,0.55421984,0.39894632,0.94317496,0.5620043,0.44617128,0.8735838,0.51901656,0.44601,0.91299725,0.46397644,0.44607055,0.8664874,0.4206998,0.4722187,0.8954735,0.6051745,0.44626832,0.8838081,0.6561413,0.4670024,0.8210108,0.7072966,0.47765857,0.9324378,0.5581281,0.6032897,0.8960569,0.5423525,0.60321856,0.9056385,0.54611945,0.7183944,0.8480122,0.54616344,0.8178764,0.9238719,0.58163387,0.60331714,0.93802863,0.5814962,0.7236068,0.8936976,0.57772595,0.81785274,0.9441326,0.5502599,0.39367542,0.9750513,0.56982595,0.39376342,0.9395927,0.54621243,0.39380807,0.3891166,0.58162546,0.39885488,0.9738324,0.5816071,0.849177,0.87108374,0.58954954,0.843966,0.7917635,0.57380164,0.8231331,0.75020945,0.5500614,0.8491921,0.87558204,0.538395,0.8490209,0.7924471,0.54629797,0.82822335,0.77142525
2023:03:04:19:56:34,up_90_1t_,59.080161809921265,74.32,73.66,177.77,80.43,0.5542176,0.3989322,0.9452569,0.56200266,0.44616947,0.8736018,0.5190131,0.4460098,0.9141387,0.46395764,0.4460565,0.869543,0.42067716,0.4722239,0.88724005,0.60517323,0.44626746,0.88399,0.6561503,0.4670041,0.82166255,0.7072928,0.47765884,0.9317614,0.55813324,0.6032932,0.8967618,0.54235786,0.6032233,0.907908,0.5461191,0.7184026,0.84872514,0.5461646,0.8178665,0.925432,0.58163786,0.6033193,0.9382069,0.5815046,0.723612,0.894601,0.5777345,0.81785285,0.94470876,0.55025727,0.39366242,0.975549,0.56982404,0.3937517,0.93941796,0.5462068,0.39380795,0.40097034,0.5816221,0.3988534,0.97420937,0.58160406,0.849183,0.8757498,0.5895563,0.8439808,0.7949375,0.57381505,0.82313424,0.75186515,0.5464858,0.8491874,0.87640923,0.5383778,0.84900635,0.7919415,0.5463058,0.8282088,0.7731307
2023:03:04:19:56:34,up_90_1t_,59.138006925582886,74.31,73.65,177.78,80.42,0.5542071,0.39892712,0.9464278,0.56199396,0.44616303,0.8741665,0.5190015,0.44599935,0.91486245,0.463923,0.44605744,0.87039804,0.4206619,0.47224495,0.88404983,0.6051687,0.446258,0.8841272,0.6561439,0.4670107,0.82229096,0.7072868,0.47766244,0.93164146,0.5581318,0.6032775,0.8962785,0.54235876,0.60320675,0.90699834,0.5461246,0.7183758,0.8485364,0.5461597,0.8178665,0.9242467,0.58163506,0.603305,0.93840575,0.5814949,0.7235833,0.89074963,0.5777251,0.81783366,0.9447501,0.55025095,0.3936569,0.9758098,0.56981087,0.39374658,0.9381082,0.54620254,0.39379954,0.38871956,0.5816167,0.39885074,0.9741955,0.5815948,0.8491691,0.8750779,0.58954555,0.84396094,0.7934164,0.57380027,0.82310873,0.7494183,0.55005515,0.84918267,0.8750419,0.5383854,0.8490097,0.79113173,0.5462948,0.8282129,0.7709141
2023:03:04:19:56:34,up_90_1t_,59.19784712791443,74.33,73.64,177.77,80.41,0.55419606,0.3989183,0.94826704,0.5619961,0.44617245,0.874079,0.51899654,0.44600904,0.9149281,0.46394604,0.44606888,0.8689918,0.420696,0.47225675,0.8917356,0.60517514,0.44627053,0.88378084,0.6561594,0.46700466,0.8212854,0.70728517,0.4776555,0.93066394,0.55812395,0.6032948,0.8973396,0.54234844,0.6032248,0.90667474,0.54612595,0.718378,0.8491837,0.5461621,0.81786364,0.9251607,0.5816322,0.60332024,0.9387892,0.581499,0.7235938,0.8918849,0.57772326,0.81783056,0.94532853,0.5502451,0.39365217,0.975829,0.5697953,0.39373788,0.9371047,0.5461973,0.39380348,0.3802577,0.5816097,0.39884645,0.9758503,0.58158624,0.8491732,0.87791055,0.58953846,0.8439656,0.79577094,0.57379633,0.82309943,0.75003827,0.55005395,0.84918195,0.8755377,0.53838456,0.84900886,0.7916338,0.54629374,0.8282085,0.77179444
2023:03:04:19:56:34,up_90_1t_,59.25929379463196,74.32,73.65,177.77,80.43,0.5541943,0.39890417,0.94964933,0.561977,0.44618297,0.87422854,0.5189801,0.44601777,0.9161371,0.46393925,0.44606343,0.8707317,0.4206934,0.47225142,0.8926857,0.6051686,0.44627506,0.8831873,0.6561662,0.46701014,0.82152694,0.7072901,0.47765994,0.93211234,0.55812633,0.60332114,0.8978953,0.54234946,0.6032565,0.90803933,0.54612666,0.7233564,0.85038716,0.54616714,0.81787926,0.9232401,0.5816358,0.60333896,0.9390194,0.58150315,0.7236119,0.892533,0.5777264,0.8178373,0.94506735,0.5502433,0.39363876,0.97645104,0.5697931,0.3937261,0.9364811,0.54619765,0.39379826,0.39164925,0.58160853,0.39884093,0.9756765,0.5816091,0.84917974,0.87635106,0.5895593,0.84396815,0.7942742,0.57379407,0.8231081,0.7496119,0.55007297,0.8491996,0.8747238,0.53840834,0.84903246,0.7930636,0.5462949,0.8282261,0.77033263
2023:03:04:19:56:34,up_90_1t_,59.31809663772583,74.32,73.64,177.77,80.41,0.5541856,0.3988968,0.9507469,0.5619921,0.44618255,0.87417173,0.5189952,0.44602257,0.9138744,0.46394092,0.44606966,0.86939096,0.4206818,0.47226143,0.89019597,0.60517037,0.44627392,0.8843691,0.6561813,0.4670003,0.82266796,0.70730263,0.47767738,0.9330329,0.5581198,0.60331863,0.89867246,0.5423495,0.6032493,0.9087975,0.54612243,0.723353,0.84938025,0.54616576,0.81786877,0.92486167,0.5816266,0.6033413,0.940268,0.58150184,0.72362214,0.8934875,0.57772887,0.8178416,0.9447551,0.55024,0.39363497,0.97549725,0.56978256,0.3937208,0.9356144,0.5461975,0.3938021,0.3802029,0.58160454,0.39884183,0.9769049,0.5816126,0.8491834,0.8768336,0.58956665,0.843972,0.7940793,0.57379866,0.82311434,0.7492632,0.55007595,0.8491944,0.8758773,0.53840864,0.8490265,0.7943563,0.5462938,0.82820857,0.7720078
2023:03:04:19:56:34,up_90_1t_,59.37594246864319,74.31,73.65,177.76,80.44,0.5541863,0.39888975,0.9517834,0.56196856,0.44618765,0.8744326,0.51897275,0.44602314,0.91550565,0.4639268,0.44607314,0.86881846,0.42067444,0.4722566,0.88801485,0.6051643,0.44627059,0.8839663,0.6561923,0.46698242,0.821792,0.7073218,0.47769013,0.9339615,0.5581036,0.6033168,0.8997561,0.5423358,0.60325444,0.9069028,0.54611933,0.7233583,0.8499693,0.5461633,0.81787133,0.92568827,0.5816142,0.60333323,0.9408401,0.58150125,0.72361666,0.89268124,0.5777284,0.81785125,0.9432387,0.5502417,0.39362946,0.9760001,0.5697837,0.39371726,0.9357054,0.54619837,0.39380035,0.38806215,0.5816038,0.39884442,0.9764234,0.5816017,0.84919596,0.87795675,0.58955765,0.84399456,0.7952601,0.5738031,0.82312757,0.74844456,0.5500649,0.84919536,0.87697446,0.53839034,0.84902436,0.79474676,0.5462947,0.82821405,0.7721492
2023:03:04:19:56:34,up_90_1t_,59.437777042388916,74.31,73.65,177.77,80.43,0.5541808,0.3988796,0.9531055,0.5619708,0.44617602,0.8751853,0.51897556,0.44601288,0.9163739,0.46395668,0.4460813,0.8666854,0.42069456,0.47223914,0.8897764,0.6051629,0.44625795,0.8852737,0.65620303,0.4669581,0.8210898,0.70731896,0.47768527,0.934564,0.5581034,0.60329163,0.9001262,0.5423405,0.6032265,0.90798324,0.54611933,0.7183809,0.84813565,0.546161,0.8178791,0.92491347,0.5816111,0.6033129,0.94086456,0.58148855,0.723607,0.8911952,0.5777226,0.8178538,0.94257516,0.5502395,0.39362127,0.97567755,0.5697782,0.39371035,0.93524265,0.54619586,0.39379612,0.38455573,0.5816006,0.39884356,0.9771517,0.58161026,0.8491997,0.87464225,0.58956224,0.84398925,0.79173154,0.5737908,0.82313156,0.7437848,0.5500919,0.84920424,0.87770146,0.53841865,0.8490438,0.7979017,0.54627967,0.8282294,0.7713304
2023:03:04:19:56:34,up_90_1t_,59.50160598754883,74.30,73.66,177.77,80.44,0.55417264,0.39887613,0.9542824,0.5619595,0.44618335,0.8752621,0.5189784,0.4460252,0.9152899,0.46394846,0.44608465,0.8667575,0.42068988,0.4722437,0.8883117,0.60515237,0.446261,0.8842725,0.6561851,0.46698287,0.82366693,0.7073187,0.47770396,0.9342725,0.5580969,0.60330236,0.9006578,0.5423346,0.6032429,0.90842927,0.5461117,0.7183692,0.8475512,0.5461684,0.81787884,0.9268126,0.5816065,0.6033173,0.94082344,0.5814945,0.72358334,0.8895644,0.57772905,0.81784403,0.9442795,0.5502361,0.39361742,0.9758779,0.56977206,0.3937093,0.93468386,0.54619604,0.39379296,0.37537768,0.5815974,0.39884725,0.9756908,0.58160573,0.84918576,0.8765868,0.58955884,0.84397745,0.79276,0.5738008,0.82312465,0.7472704,0.5500792,0.849199,0.87631404,0.53841114,0.8490359,0.7953248,0.5462965,0.8282313,0.77274114
2023:03:04:19:56:34,up_90_1t_,59.55945158004761,74.31,73.66,177.76,80.43,0.5541807,0.39888346,0.9528814,0.5619737,0.446189,0.87449086,0.51898384,0.4460254,0.9148048,0.46393862,0.4460711,0.8695999,0.42067024,0.47223344,0.8864282,0.6051737,0.4462833,0.8837356,0.6562344,0.46696025,0.8212635,0.70734984,0.47772256,0.9326362,0.5580867,0.6033221,0.90070486,0.5423239,0.60326135,0.9074098,0.5461141,0.71837366,0.84879494,0.546173,0.8178608,0.9286019,0.58159894,0.603337,0.9408295,0.5814968,0.7235878,0.88956314,0.57773405,0.81783503,0.94475627,0.55024093,0.39362523,0.9751363,0.56978136,0.39371473,0.93564296,0.54620177,0.39379913,0.37668726,0.5816006,0.39884943,0.9750053,0.58159435,0.849184,0.88069695,0.58955556,0.8439795,0.7968336,0.57381296,0.8231095,0.7496592,0.5500573,0.8491924,0.87359756,0.5383908,0.84901565,0.7899246,0.5463114,0.8281962,0.7736058
2023:03:04:19:56:34,up_90_1t_,59.61729669570923,74.30,73.66,177.76,80.43,0.55418533,0.39889145,0.9524836,0.5619727,0.446179,0.8749717,0.5189839,0.44601685,0.9158483,0.4639426,0.4460621,0.87097824,0.42067033,0.47222427,0.8866634,0.6051707,0.44626796,0.8847558,0.6562337,0.4669505,0.82142276,0.70734495,0.47772196,0.9341227,0.558092,0.6033167,0.90125114,0.5423324,0.60325575,0.90890896,0.54612345,0.7183771,0.85137284,0.546173,0.8178767,0.9271793,0.5816011,0.6033329,0.9418373,0.5815027,0.72358423,0.89082325,0.57773405,0.8178489,0.9451511,0.55024236,0.39362934,0.9760178,0.5697882,0.39372042,0.93638146,0.5461982,0.39379752,0.38359383,0.5816046,0.39884987,0.9743419,0.5815994,0.8492009,0.8800113,0.5895612,0.8439958,0.7957682,0.5738104,0.8231229,0.74970675,0.5500754,0.8491976,0.8750103,0.5384114,0.8490289,0.7927033,0.54630566,0.8282212,0.77108985
2023:03:04:19:56:35,up_90_1t_,59.67713689804077,74.30,73.66,177.76,80.44,0.5541953,0.39889756,0.95159,0.56196946,0.4461913,0.87453794,0.5189717,0.4460223,0.9172635,0.46392912,0.44607314,0.87054807,0.42066082,0.47224146,0.8899337,0.6051782,0.44627726,0.88444734,0.65624,0.46698648,0.8224874,0.7073473,0.47772327,0.9325359,0.5580996,0.6033339,0.90108466,0.5423314,0.60327023,0.9096341,0.5461202,0.71839875,0.8499199,0.54616296,0.8178913,0.9245833,0.58160996,0.60335153,0.94128036,0.58150333,0.7236072,0.8916507,0.5777285,0.8178506,0.94438046,0.55024475,0.39363268,0.9772859,0.56980073,0.39372325,0.9372276,0.54620135,0.39380622,0.40587455,0.58160615,0.3988493,0.9728201,0.5816031,0.84919935,0.8759359,0.5895583,0.8439912,0.791904,0.57379496,0.8231185,0.7479738,0.5500778,0.84919345,0.8703194,0.53841525,0.8490303,0.7893511,0.5462882,0.82823724,0.7710655
2023:03:04:19:56:35,up_90_1t_,59.740965843200684,74.31,73.66,177.75,80.43,0.5541991,0.39891216,0.9501332,0.5619756,0.44617915,0.8749136,0.5189794,0.44601163,0.9181829,0.4639563,0.4460549,0.872217,0.42070082,0.472222,0.8957515,0.6051804,0.44626898,0.8848969,0.65626186,0.46696824,0.82059807,0.707356,0.47771037,0.9284967,0.55810547,0.6033111,0.90036273,0.5423398,0.60324115,0.9103461,0.5461183,0.7183811,0.8488414,0.5461686,0.8178781,0.9251709,0.5816149,0.60333407,0.9402173,0.5815091,0.7236073,0.892761,0.577727,0.81784993,0.9443866,0.5502462,0.39364362,0.9779801,0.5698049,0.39373448,0.9380039,0.54620016,0.3938016,0.4046523,0.58161026,0.39884627,0.97352535,0.58160484,0.849195,0.8725834,0.58955425,0.84398675,0.7904554,0.5737937,0.82311404,0.7496374,0.5500804,0.8491815,0.86966664,0.5384218,0.8490165,0.78930306,0.54629445,0.82821804,0.77098227
2023:03:04:19:56:35,up_90_1t_,59.79881143569946,74.32,73.65,177.75,80.42,0.55420077,0.39891484,0.9496639,0.5619848,0.44618082,0.87445605,0.51898587,0.44600868,0.9184863,0.463951,0.4460625,0.8711462,0.42068592,0.47222576,0.8931037,0.60517883,0.44627592,0.8845152,0.65622854,0.46698946,0.8230157,0.7073444,0.47769877,0.92954874,0.55810684,0.60329336,0.9008932,0.54234314,0.6032187,0.91070956,0.54611593,0.7183554,0.84836924,0.5461658,0.8178762,0.9266904,0.5816154,0.6033215,0.940815,0.5815115,0.7235765,0.88929355,0.5777298,0.8178465,0.9450877,0.55024666,0.3936457,0.9777514,0.5698076,0.39373523,0.93810326,0.5462014,0.3938021,0.40351784,0.5816107,0.398845,0.9749142,0.5816115,0.84919417,0.87414914,0.5895634,0.8439848,0.79052263,0.5737958,0.8231156,0.7484956,0.5500789,0.84918797,0.8706651,0.538416,0.8490228,0.7903971,0.54629,0.82821965,0.7723762
2023:03:04:19:56:35,up_90_1t_,59.85665702819824,74.32,73.65,177.76,80.41,0.554208,0.39893734,0.9467981,0.5619953,0.44617876,0.87366474,0.5190003,0.44600612,0.91781336,0.4639632,0.44607365,0.8675921,0.42068833,0.47222,0.8918409,0.605179,0.44628042,0.8840788,0.6561952,0.4670254,0.8242707,0.7073382,0.47769344,0.92899334,0.55811006,0.6032728,0.89999974,0.542353,0.60319537,0.9106565,0.54611546,0.7183526,0.8480543,0.54616404,0.8178813,0.92582774,0.58161163,0.60330296,0.9406964,0.5814958,0.7235693,0.88872325,0.5777213,0.81784964,0.94386584,0.55024946,0.3936666,0.9780439,0.56981784,0.39375347,0.9389322,0.54620564,0.39380658,0.39501715,0.5816229,0.39884862,0.9739567,0.58160555,0.84920114,0.8767657,0.58955795,0.8439921,0.7931101,0.5737875,0.8231213,0.7474722,0.5500776,0.8491933,0.8709235,0.53841287,0.849028,0.7899226,0.54628956,0.8282291,0.7713905
2023:03:04:19:56:35,up_90_1t_,59.91803860664368,74.33,73.65,177.76,80.39,0.5542075,0.3989399,0.9462986,0.5620096,0.44617167,0.8740798,0.51901174,0.44599965,0.9169022,0.46397474,0.44606107,0.86853635,0.42070085,0.47221762,0.8959017,0.605185,0.4462759,0.8850304,0.65619266,0.46703094,0.82409304,0.70733637,0.47768736,0.9285995,0.5581084,0.6032747,0.9001011,0.542353,0.6031971,0.91097236,0.54611313,0.7183456,0.8479525,0.54616475,0.8178744,0.9265732,0.58160794,0.60330564,0.9412627,0.58149475,0.72356534,0.88882726,0.5777227,0.8178508,0.94437903,0.55025125,0.39367026,0.9775328,0.5698152,0.39375624,0.9388263,0.54621124,0.39380652,0.3874596,0.58162546,0.3988496,0.97617394,0.5816207,0.8492053,0.8784391,0.5895794,0.8439933,0.793604,0.5737892,0.82313263,0.7459507,0.5500827,0.8491968,0.87164235,0.5384119,0.8490322,0.7915291,0.546289,0.82822835,0.77101123
2023:03:04:19:56:35,up_90_1t_,59.98501491546631,74.34,73.67,177.76,80.39,0.55420095,0.39894298,0.9470178,0.562007,0.44618502,0.87368315,0.51900876,0.44601372,0.9172457,0.46395144,0.44606793,0.86927754,0.42070407,0.47218832,0.8944543,0.605187,0.44629407,0.8848167,0.65620685,0.46704838,0.82374585,0.7073296,0.47767743,0.9289378,0.5581034,0.6032716,0.89948845,0.542345,0.6031909,0.90888786,0.54610807,0.71832585,0.84588826,0.546177,0.8178798,0.92820734,0.5816069,0.6033042,0.94030184,0.5815045,0.7235668,0.8888664,0.5777339,0.81784683,0.9427767,0.55024683,0.39367092,0.97758484,0.5698104,0.39375693,0.9386268,0.54620296,0.3938155,0.38218343,0.58163035,0.39886177,0.97712314,0.5816236,0.84921324,0.878065,0.5933344,0.84402305,0.7910678,0.5738017,0.82312596,0.74464524,0.5501031,0.8492112,0.872107,0.53843975,0.8490505,0.79409206,0.5463013,0.8282293,0.77300316
2023:03:04:19:56:35,up_90_1t_,60.04286026954651,74.35,73.66,177.77,80.37,0.5541894,0.3989361,0.94862145,0.5620022,0.4461707,0.87452614,0.519008,0.4459925,0.9188973,0.46394655,0.44605973,0.8718991,0.4207327,0.4721654,0.8984012,0.6051793,0.4462906,0.884436,0.65621793,0.46704075,0.8222988,0.70733255,0.47766802,0.9274175,0.5581019,0.6032654,0.8996156,0.5423508,0.60318524,0.9099045,0.5461077,0.71830934,0.8461876,0.54617095,0.81784165,0.928937,0.5815985,0.60329807,0.94067574,0.58148503,0.72354937,0.88739514,0.57772785,0.8178239,0.9440222,0.5502416,0.39366454,0.9765944,0.5697962,0.3937518,0.9373374,0.5461998,0.39380947,0.37034148,0.581625,0.3988688,0.97966933,0.58159006,0.8491857,0.8769265,0.5895543,0.8439743,0.79198253,0.5737986,0.82309633,0.7481283,0.5500847,0.8491766,0.87542397,0.5384172,0.84901,0.79393834,0.54630077,0.82817763,0.7726286
2023:03:04:19:56:35,up_90_1t_,60.10070562362671,74.35,73.67,177.78,80.34,0.55416757,0.39894262,0.95009494,0.56201524,0.4461669,0.87518996,0.519023,0.4460018,0.91644967,0.46778107,0.44603983,0.87354946,0.4208436,0.47212344,0.9117037,0.60518014,0.44628277,0.8854401,0.65622616,0.46704632,0.82237494,0.7073331,0.47766694,0.9272545,0.55810267,0.60326195,0.89974135,0.5423551,0.60318524,0.91056556,0.54610676,0.71829957,0.84494424,0.54616594,0.8177981,0.9281674,0.5815971,0.60329163,0.94166625,0.58148295,0.7235397,0.88623774,0.57773894,0.81781626,0.94581527,0.5502305,0.39367068,0.9778664,0.5697724,0.39375648,0.93550766,0.5462066,0.39379552,0.3453483,0.5816233,0.39886674,0.98138726,0.58154374,0.84917283,0.8770505,0.5895148,0.8439849,0.7961769,0.5738269,0.8230871,0.75851727,0.5464542,0.849148,0.8809197,0.53458464,0.8440197,0.79078853,0.5463261,0.82316613,0.77434343
2023:03:04:19:56:35,up_90_1t_,60.162540435791016,74.35,73.67,177.79,80.33,0.5541633,0.3989473,0.9494134,0.5620226,0.44616136,0.8752231,0.519026,0.44599345,0.916114,0.4677988,0.44601783,0.8771071,0.4208456,0.4721044,0.91149604,0.60518265,0.44628146,0.88557655,0.6562295,0.46706247,0.822631,0.70735043,0.4776762,0.9267072,0.5580956,0.6032517,0.89973867,0.5423517,0.60317296,0.90870345,0.5461028,0.71827805,0.84423566,0.5461612,0.81781757,0.9279087,0.5815909,0.6032804,0.94237375,0.5814717,0.7235121,0.8839171,0.577731,0.81781256,0.94607747,0.5502293,0.39367345,0.97649455,0.5697716,0.39376095,0.9350935,0.54621106,0.39378798,0.3302461,0.58162916,0.3988743,0.98134166,0.58155954,0.84916085,0.8755251,0.5895216,0.84396034,0.7931489,0.5738095,0.8230917,0.7554915,0.5464638,0.84915674,0.8809741,0.53459996,0.8440411,0.7920218,0.5463122,0.82319933,0.7747077
2023:03:04:19:56:35,up_90_1t_,60.22636961936951,74.35,73.67,177.79,80.33,0.5541633,0.3989473,0.9494134,0.5620226,0.44616136,0.8752231,0.519026,0.44599345,0.916114,0.4677988,0.44601783,0.8771071,0.4208456,0.4721044,0.91149604,0.60518265,0.44628146,0.88557655,0.6562295,0.46706247,0.822631,0.70735043,0.4776762,0.9267072,0.5580956,0.6032517,0.89973867,0.5423517,0.60317296,0.90870345,0.5461028,0.71827805,0.84423566,0.5461612,0.81781757,0.9279087,0.5815909,0.6032804,0.94237375,0.5814717,0.7235121,0.8839171,0.577731,0.81781256,0.94607747,0.5502293,0.39367345,0.97649455,0.5697716,0.39376095,0.9350935,0.54621106,0.39378798,0.3302461,0.58162916,0.3988743,0.98134166,0.58155954,0.84916085,0.8755251,0.5895216,0.84396034,0.7931489,0.5738095,0.8230917,0.7554915,0.5464638,0.84915674,0.8809741,0.53459996,0.8440411,0.7920218,0.5463122,0.82319933,0.7747077
2023:03:04:19:56:35,up_90_1t_,60.283793449401855,74.34,73.68,177.78,80.35,0.55419075,0.3989751,0.9441783,0.5620188,0.44616762,0.87498564,0.51902205,0.44599274,0.91802835,0.46781203,0.44601715,0.8777451,0.42089346,0.47209588,0.91526365,0.60518223,0.44628477,0.8847975,0.6562029,0.46709025,0.8230926,0.70736676,0.47769123,0.9250045,0.55810076,0.6032772,0.8995688,0.54235,0.60320073,0.9087527,0.5461038,0.71832055,0.84569657,0.54616386,0.81784546,0.9263546,0.58159965,0.60330296,0.94209206,0.5814817,0.7235305,0.8849146,0.57773226,0.81783104,0.9439104,0.55024487,0.39369762,0.9760301,0.5698039,0.3937866,0.93747807,0.54621756,0.39381346,0.35106605,0.5816382,0.3988894,0.97894573,0.5815748,0.84917897,0.8741894,0.58953846,0.84397924,0.7918184,0.57380915,0.8231058,0.7511411,0.5464925,0.8491809,0.8777369,0.53838015,0.8490059,0.7929422,0.54630846,0.8281858,0.7703834
2023:03:04:19:56:35,up_90_1t_,60.34363293647766,74.34,73.68,177.78,80.37,0.5542071,0.39897797,0.94255877,0.5620173,0.4461701,0.8748039,0.5190251,0.44599432,0.9170148,0.46783066,0.44601563,0.8772085,0.42087913,0.4720925,0.9118696,0.6051822,0.4462833,0.8848095,0.65620095,0.46709523,0.8240368,0.70737374,0.47769138,0.92341626,0.5580996,0.6032481,0.899827,0.54235125,0.6031716,0.90822995,0.5461084,0.7182905,0.84687024,0.5461722,0.8178569,0.927905,0.58159876,0.60327494,0.94264686,0.58148646,0.72349244,0.8829338,0.5777402,0.8178348,0.944715,0.5502539,0.39370263,0.9771056,0.5698221,0.3937901,0.9388714,0.546219,0.39382118,0.37204462,0.5816375,0.39888602,0.9772692,0.5815879,0.8491886,0.8775976,0.5895581,0.8439859,0.7925112,0.5738188,0.82312024,0.7496582,0.55006117,0.8491895,0.8771632,0.53838885,0.8490169,0.7938502,0.54631627,0.8282074,0.7709139
2023:03:04:19:56:35,up_90_1t_,60.405468225479126,76.91,73.16,177.79,80.41,0.55423194,0.3989793,0.94012505,0.56200933,0.44618317,0.87331325,0.51901513,0.44600743,0.9162308,0.46784732,0.4460209,0.87587506,0.424474,0.47206575,0.9108914,0.6051933,0.45122674,0.88337225,0.6562057,0.46709064,0.8227116,0.7073746,0.47769013,0.92304504,0.5580845,0.6032636,0.9000827,0.5423349,0.6031887,0.90486765,0.54610944,0.71830904,0.84674174,0.54616654,0.8178427,0.9274046,0.5815902,0.6032906,0.94282067,0.5814752,0.72352356,0.8847475,0.5777399,0.8178266,0.945585,0.5502685,0.39370495,0.9761387,0.56985307,0.39379448,0.9415093,0.54622436,0.39382988,0.4020044,0.58164024,0.39888918,0.9715148,0.5815881,0.8491801,0.87881035,0.5895577,0.8439746,0.7936671,0.57381994,0.8231088,0.7532048,0.5464814,0.8491755,0.8748948,0.5383721,0.8489944,0.7889669,0.5463148,0.828183,0.772163
2023:03:04:19:56:35,up_90_1t_,60.46929740905762,74.36,73.70,177.78,80.39,0.5542239,0.39898452,0.9406455,0.5620241,0.44617027,0.8739726,0.5190267,0.44600266,0.91577554,0.4678379,0.44602302,0.8752521,0.4208712,0.47206157,0.9087445,0.60519516,0.4462879,0.88473934,0.65621173,0.46709016,0.8223381,0.7073841,0.47768107,0.9211488,0.55808944,0.6032476,0.8990806,0.5423415,0.60316986,0.90536547,0.54611254,0.7183029,0.84636796,0.546166,0.8178356,0.92796624,0.58159304,0.60327834,0.94161224,0.5814742,0.7235168,0.88412195,0.5777316,0.81782037,0.9456392,0.5502639,0.3937075,0.9768224,0.5698457,0.39379764,0.9408922,0.5462227,0.39382434,0.38966078,0.5816404,0.39888802,0.9712269,0.58159184,0.84916615,0.87789834,0.5895564,0.843955,0.7933872,0.57380694,0.82309985,0.7518415,0.5464855,0.8491672,0.87395674,0.5383758,0.8489873,0.78933895,0.54630774,0.82817113,0.7735647
2023:03:04:19:56:35,up_90_1t_,60.52913689613342,74.36,73.68,177.77,80.39,0.5542231,0.39898577,0.9403397,0.56203437,0.446169,0.8730929,0.51903164,0.44600976,0.9137814,0.4678241,0.4460186,0.8750175,0.4208148,0.47211722,0.9099291,0.6051985,0.4462877,0.88452023,0.656209,0.46709344,0.82102776,0.70739025,0.47768575,0.92109334,0.55809885,0.60325193,0.89925563,0.5423452,0.60317045,0.90627927,0.54611117,0.71832865,0.84577316,0.54616785,0.8178427,0.9258887,0.5816031,0.60328835,0.9413393,0.5814846,0.723557,0.88711697,0.57772547,0.8178276,0.9441266,0.55026436,0.39370778,0.97552216,0.5698459,0.39379913,0.9409133,0.54622287,0.39382207,0.3823619,0.58164257,0.39889145,0.9700152,0.5816046,0.84917665,0.8758265,0.5895646,0.8439642,0.7927954,0.57379603,0.8231026,0.7501457,0.5500601,0.84917045,0.87191963,0.5383888,0.848996,0.7895667,0.5463048,0.8281812,0.7712615
2023:03:04:19:56:35,up_90_1t_,60.58698225021362,74.35,73.66,177.77,80.40,0.55423164,0.39898294,0.93992126,0.56203485,0.44617411,0.87301147,0.5190258,0.44601688,0.91290414,0.46776098,0.44602472,0.8713753,0.42069322,0.4721923,0.89842814,0.60520583,0.44628316,0.8847319,0.65623826,0.4670928,0.8197535,0.7073935,0.47767854,0.9190887,0.55810964,0.6032626,0.8974848,0.54234964,0.6031788,0.9061266,0.5461169,0.71835434,0.84506637,0.5461785,0.81786835,0.9244711,0.5816149,0.60330236,0.93902576,0.5814887,0.7235696,0.886083,0.57771873,0.81782705,0.94182426,0.55026835,0.39370614,0.9761476,0.56985396,0.393795,0.94167477,0.5462275,0.39382884,0.39453876,0.5816485,0.3988854,0.96997774,0.58160865,0.84918433,0.8753178,0.589566,0.8439641,0.79155105,0.57378197,0.82308847,0.74523693,0.55009145,0.84918994,0.86614466,0.5384304,0.84902626,0.7880895,0.54630274,0.82821465,0.76887095
2023:03:04:19:56:35,up_90_1t_,60.646822690963745,74.36,73.64,177.78,80.39,0.5542359,0.39898735,0.9395468,0.5620365,0.4461755,0.87272114,0.5190262,0.44601113,0.9127457,0.46775135,0.44601956,0.8691712,0.42068762,0.47221094,0.8957585,0.60520905,0.4462846,0.8848169,0.65623605,0.46708623,0.81984806,0.7073781,0.47767013,0.9214277,0.5580919,0.60326314,0.89782035,0.54233545,0.60317785,0.9034044,0.5461134,0.7183301,0.8432496,0.54617643,0.81785357,0.92617214,0.5816007,0.6033036,0.93898773,0.58147186,0.7235664,0.88342285,0.57771546,0.8178308,0.9408947,0.550269,0.39371234,0.9771606,0.5698585,0.39379898,0.94217056,0.5462245,0.39383772,0.4028594,0.5816476,0.3988871,0.9706145,0.5815818,0.849188,0.8704639,0.5895379,0.84398085,0.789143,0.57378453,0.8230958,0.7459104,0.550071,0.84917754,0.873973,0.5384054,0.8490059,0.7937803,0.5463038,0.8281997,0.76986545
2023:03:04:19:56:36,up_90_1t_,60.710652112960815,74.36,73.65,177.77,80.42,0.55424744,0.3989808,0.93899775,0.56202835,0.44617745,0.87265533,0.51901805,0.4460132,0.9127193,0.46774295,0.44601572,0.87007177,0.42069578,0.47219318,0.8935939,0.60520583,0.44628063,0.88421464,0.6562403,0.4670763,0.8186508,0.7073749,0.4776568,0.91942346,0.558092,0.60324943,0.8973879,0.54233485,0.60316503,0.90222573,0.5461123,0.7183336,0.8432143,0.5461771,0.8178674,0.9255047,0.5816027,0.60328734,0.9388741,0.581477,0.72356373,0.8837384,0.57771295,0.8178309,0.9409516,0.5502752,0.39370862,0.97703874,0.5698672,0.39379528,0.9427254,0.54622763,0.39385244,0.43112278,0.5816413,0.3988875,0.96914303,0.5815876,0.8491886,0.8703514,0.5895429,0.843973,0.788177,0.57377625,0.82309455,0.74231577,0.550092,0.849192,0.8733417,0.53842723,0.8490291,0.7946526,0.54629666,0.82821715,0.7679595
2023:03:04:19:56:36,up_90_1t_,60.77049136161804,74.38,73.65,177.77,80.43,0.5542565,0.39897496,0.9384469,0.56202686,0.44619277,0.87202364,0.51902026,0.44602498,0.912491,0.46777558,0.44603568,0.8670052,0.42074934,0.4721872,0.8975497,0.6052105,0.4462878,0.88357306,0.6562179,0.46709067,0.8171506,0.70733905,0.47763053,0.9208191,0.5580859,0.60325706,0.89884853,0.54232836,0.6031742,0.9031512,0.5461129,0.71835077,0.84517986,0.5461726,0.81788456,0.9223648,0.5815992,0.60329634,0.9394066,0.5814718,0.7235815,0.88577545,0.5777086,0.81784064,0.93917394,0.5502775,0.39370725,0.977786,0.56987494,0.39378765,0.94286346,0.5462325,0.39387172,0.45032054,0.5816464,0.3988776,0.97052735,0.581585,0.8491959,0.86840785,0.58953655,0.84398544,0.7879614,0.57377094,0.82310176,0.7413033,0.5500894,0.84919846,0.87187964,0.53842443,0.84903836,0.7929906,0.5462931,0.82824683,0.76455826
2023:03:04:19:56:36,up_90_1t_,60.82833671569824,74.36,73.66,177.76,80.43,0.5542467,0.398952,0.94238544,0.56202954,0.44619465,0.8723128,0.5190209,0.4460349,0.91170293,0.4677722,0.44604447,0.8655153,0.42075273,0.47218767,0.8962518,0.6052087,0.44628188,0.88466877,0.6561816,0.4670779,0.821316,0.7072899,0.47765154,0.92372966,0.5580868,0.6032759,0.8986485,0.5423286,0.6032008,0.90329325,0.5461203,0.7183786,0.8477544,0.54616815,0.81791645,0.9203567,0.5815996,0.6033072,0.93910384,0.5814838,0.723604,0.8886415,0.5777041,0.8178477,0.9395332,0.55027294,0.39369097,0.9797369,0.5698581,0.39376915,0.9421394,0.5462275,0.39387047,0.4475193,0.5816365,0.39886832,0.9731293,0.5816043,0.8491886,0.86631775,0.5895413,0.84396696,0.7859407,0.5737558,0.823107,0.7410927,0.550105,0.8492052,0.8688874,0.5384479,0.849057,0.7919178,0.5462797,0.82828474,0.7654536
2023:03:04:19:56:36,up_90_1t_,60.88775372505188,74.36,73.65,177.75,80.43,0.55423826,0.39894506,0.9442445,0.5620195,0.44619325,0.872724,0.51900387,0.44602868,0.91373277,0.46397373,0.446074,0.86354715,0.42070323,0.47221145,0.89207524,0.6052108,0.4462781,0.8844456,0.6562024,0.4670646,0.81697744,0.70724684,0.47762865,0.9168449,0.558079,0.6032945,0.8983611,0.54231906,0.60321975,0.90132976,0.5461263,0.7184064,0.8498176,0.5461697,0.8179383,0.9197542,0.5815977,0.6033243,0.938841,0.58148664,0.72362036,0.88990927,0.577701,0.817857,0.9394033,0.5502686,0.39368525,0.9801663,0.56984717,0.39376324,0.94181323,0.546225,0.39386702,0.4388836,0.58162934,0.39886796,0.97539926,0.5816296,0.8491973,0.86607057,0.5895627,0.8439676,0.7849932,0.57374424,0.82311714,0.7382492,0.55012494,0.8492201,0.8648258,0.53847337,0.84908134,0.79138184,0.54627115,0.82831824,0.7655386
2023:03:04:19:56:36,up_90_1t_,60.953577756881714,74.36,73.64,177.75,80.41,0.55423236,0.39893878,0.9441386,0.5620288,0.44619906,0.87234133,0.5189957,0.4460296,0.9156517,0.46395096,0.44606844,0.8660223,0.42070144,0.47221887,0.8921039,0.6052291,0.44628707,0.88354534,0.6562496,0.46710217,0.8147468,0.7073062,0.4776517,0.91259784,0.5580868,0.60334283,0.89763635,0.54231644,0.6032712,0.90107846,0.5461257,0.72338736,0.8519423,0.54615295,0.8179386,0.917562,0.58160716,0.6033654,0.9394897,0.5814976,0.7236437,0.8904885,0.57770306,0.8178624,0.9403677,0.5502631,0.39367762,0.97886354,0.5698402,0.39375347,0.94045264,0.54622245,0.39385387,0.42987972,0.58163,0.3988565,0.97516716,0.581639,0.8492063,0.87126553,0.5895699,0.8439856,0.78916454,0.5737418,0.8231239,0.738226,0.5501169,0.8492194,0.86331713,0.5384614,0.8490791,0.78973526,0.5462504,0.82830995,0.76725036
2023:03:04:19:56:36,up_90_1t_,61.01100444793701,74.35,73.65,177.75,80.41,0.5542425,0.39893907,0.9429913,0.5620257,0.44620317,0.872144,0.5189969,0.44602615,0.9156295,0.46392718,0.44604748,0.8688617,0.42064798,0.47221977,0.8855412,0.60522556,0.44629365,0.88346994,0.6562508,0.46709824,0.8174633,0.7073508,0.4776878,0.9158718,0.5580854,0.6033458,0.8977754,0.5423154,0.60327536,0.90108037,0.5461231,0.72338724,0.85080695,0.54615486,0.81793755,0.9181123,0.5816054,0.6033666,0.93942636,0.5814938,0.7236388,0.8896003,0.5777026,0.8178567,0.94020915,0.5502696,0.39367887,0.9780954,0.5698514,0.39375532,0.94144255,0.54622895,0.39386955,0.44395524,0.5816327,0.39886189,0.97397697,0.5816399,0.8492013,0.868974,0.58957183,0.8439774,0.7870008,0.57374215,0.82311654,0.73855615,0.5501112,0.8492205,0.86485094,0.5384558,0.849081,0.79135936,0.54625225,0.82831055,0.76811314
2023:03:04:19:56:36,up_90_1t_,61.07081699371338,74.33,73.66,177.76,80.47,0.55426675,0.3989297,0.9419282,0.5620174,0.44619885,0.87168074,0.51901585,0.44603157,0.91305375,0.46394327,0.44603494,0.87133807,0.42063284,0.47223228,0.88764846,0.6052055,0.44628882,0.8842686,0.6562099,0.4670957,0.82091576,0.70734215,0.47771037,0.9221063,0.55810726,0.60331297,0.89900213,0.5423435,0.60324204,0.90760326,0.5461264,0.71840495,0.84916055,0.54615974,0.8178903,0.9214341,0.581617,0.6033368,0.9392407,0.5814987,0.7236141,0.8897514,0.577718,0.8178475,0.94312006,0.55028427,0.39367545,0.9783096,0.5698783,0.39375022,0.9430418,0.54624027,0.3938957,0.48941383,0.58163023,0.39885715,0.97289187,0.58161354,0.8491773,0.86572385,0.5895479,0.8439683,0.7867307,0.57377744,0.82311434,0.745052,0.55008376,0.8491849,0.8681558,0.5384212,0.8490261,0.78960997,0.54627573,0.8282432,0.7684803
2023:03:04:19:56:36,up_90_1t_,61.13265132904053,74.32,73.67,177.77,80.48,0.55427617,0.39894506,0.939034,0.56201077,0.4461952,0.871662,0.5190155,0.4460294,0.91334635,0.46393442,0.44602376,0.87299484,0.42062306,0.4722211,0.88536215,0.60520065,0.44628942,0.8843772,0.6561987,0.46710113,0.82194746,0.7073425,0.4777161,0.9218568,0.55810314,0.60331035,0.8974903,0.54234266,0.6032377,0.9064535,0.5461239,0.7183932,0.84766483,0.5461566,0.81788075,0.9199422,0.58160925,0.60333574,0.938092,0.5814854,0.7236235,0.8877095,0.57771343,0.8178421,0.94039017,0.55028707,0.39368707,0.97792906,0.5698887,0.39376217,0.9441949,0.5462348,0.39389744,0.50253284,0.58162886,0.39885876,0.9715604,0.5815911,0.8491766,0.8643469,0.589532,0.84396917,0.7857753,0.57377195,0.8230964,0.74442065,0.55007964,0.8491817,0.87224984,0.5384133,0.84902096,0.79181653,0.54627484,0.8282252,0.76714957
2023:03:04:19:56:36,up_90_1t_,61.194486141204834,74.32,73.66,177.76,80.48,0.5542687,0.39893994,0.9399139,0.5619997,0.44619215,0.8721812,0.5190034,0.44602206,0.9137049,0.4639275,0.4460221,0.8736591,0.42063853,0.4722342,0.8888837,0.60519326,0.44628963,0.88365465,0.65619063,0.46710247,0.8221076,0.7073512,0.47771996,0.92103404,0.5581113,0.6032999,0.8970784,0.5423481,0.60322654,0.9065487,0.54612535,0.7184048,0.8475746,0.54616004,0.8179147,0.91886455,0.5816185,0.6033286,0.93776035,0.5814933,0.723617,0.8884564,0.57770336,0.81785554,0.9390037,0.55028397,0.39367864,0.9774507,0.5698822,0.39375934,0.94354236,0.54623055,0.39388847,0.4962774,0.58163166,0.398865,0.97270495,0.58163494,0.8491898,0.862391,0.589565,0.8439657,0.7840025,0.5737495,0.8231124,0.7376863,0.55013245,0.849203,0.8640926,0.53847045,0.8490617,0.79064935,0.54625726,0.82827675,0.76610106
2023:03:04:19:56:36,up_90_1t_,61.25388431549072,74.32,73.66,177.76,80.46,0.554255,0.39894,0.9413991,0.5620129,0.44619262,0.87183136,0.5190038,0.44602916,0.91446024,0.4639196,0.4460268,0.87451726,0.42062482,0.47224182,0.88989514,0.6052044,0.44629055,0.88493717,0.65622365,0.4720133,0.8221772,0.7073738,0.47772574,0.91924787,0.5581189,0.6033181,0.89627993,0.5423478,0.6032433,0.9067791,0.5461232,0.7233804,0.84949017,0.5461633,0.817933,0.9184563,0.58162636,0.60334617,0.9369392,0.5814927,0.7236367,0.88919234,0.5777024,0.8178594,0.93881905,0.55027527,0.39367747,0.97733414,0.56986797,0.39375627,0.9425496,0.5462245,0.39387742,0.4701954,0.58163244,0.39885902,0.9729889,0.5816465,0.8492002,0.86588573,0.5895806,0.8439744,0.78532875,0.57374597,0.82311785,0.7373435,0.5501397,0.8492178,0.862782,0.53847843,0.8490827,0.79080844,0.546259,0.8283068,0.7650485
2023:03:04:19:56:36,up_90_1t_,61.3117299079895,74.32,73.67,177.76,80.44,0.55424315,0.39894176,0.94213444,0.56202155,0.44618514,0.8723413,0.51901054,0.4460235,0.91400015,0.46391842,0.4460172,0.87598646,0.42061648,0.47222248,0.88869715,0.6052043,0.44628748,0.88528854,0.65622574,0.4720111,0.8213454,0.70737606,0.4777206,0.9194539,0.5581238,0.6033105,0.8962208,0.54235375,0.60323435,0.9070747,0.5461237,0.7233726,0.8493154,0.5461617,0.8179483,0.91870934,0.58163124,0.60334116,0.937106,0.581494,0.72362727,0.8883348,0.5777072,0.8178674,0.9388967,0.5502686,0.39367774,0.97666925,0.56985384,0.39375657,0.9417411,0.5462198,0.39386672,0.4513402,0.58163166,0.3988609,0.9751972,0.58166116,0.84921813,0.86804366,0.5933497,0.8440133,0.7853831,0.5737455,0.8231357,0.73410815,0.55015343,0.8492411,0.8639956,0.53848964,0.8491128,0.79411733,0.54625225,0.82833433,0.76643527
2023:03:04:19:56:36,up_90_1t_,61.371569871902466,74.32,73.67,177.76,80.44,0.55424315,0.39894176,0.94213444,0.56202155,0.44618514,0.8723413,0.51901054,0.4460235,0.91400015,0.46391842,0.4460172,0.87598646,0.42061648,0.47222248,0.88869715,0.6052043,0.44628748,0.88528854,0.65622574,0.4720111,0.8213454,0.70737606,0.4777206,0.9194539,0.5581238,0.6033105,0.8962208,0.54235375,0.60323435,0.9070747,0.5461237,0.7233726,0.8493154,0.5461617,0.8179483,0.91870934,0.58163124,0.60334116,0.937106,0.581494,0.72362727,0.8883348,0.5777072,0.8178674,0.9388967,0.5502686,0.39367774,0.97666925,0.56985384,0.39375657,0.9417411,0.5462198,0.39386672,0.4513402,0.58163166,0.3988609,0.9751972,0.58166116,0.84921813,0.86804366,0.5933497,0.8440133,0.7853831,0.5737455,0.8231357,0.73410815,0.55015343,0.8492411,0.8639956,0.53848964,0.8491128,0.79411733,0.54625225,0.82833433,0.76643527
2023:03:04:19:56:36,up_90_1t_,61.433403968811035,74.31,73.67,177.77,80.43,0.5542498,0.39893362,0.9422788,0.56201303,0.44618285,0.8729669,0.51900274,0.44600266,0.9180405,0.46392927,0.44599834,0.8785165,0.42067537,0.47218078,0.8951802,0.6052016,0.44629064,0.8848494,0.6562147,0.47201607,0.82231826,0.70738286,0.47773784,0.91984403,0.55812407,0.6033412,0.8973418,0.542348,0.6032697,0.9073738,0.5461246,0.7233811,0.8511796,0.54616034,0.817926,0.92069507,0.5816326,0.60336524,0.9388911,0.58149487,0.723634,0.89050126,0.57771224,0.8178659,0.94061,0.5502736,0.3936703,0.9760654,0.5698623,0.39375138,0.9419905,0.54622346,0.39386943,0.46561542,0.58163154,0.39886156,0.97348833,0.5816543,0.8492151,0.8718778,0.5933441,0.84400845,0.78866524,0.5737556,0.8231366,0.7381041,0.5501396,0.8492269,0.8672784,0.5384762,0.8490892,0.79518646,0.5462567,0.8282952,0.7695012
2023:03:04:19:56:36,up_90_1t_,61.49125003814697,74.41,73.68,177.77,80.44,0.55425674,0.39893907,0.94076616,0.5620135,0.44619608,0.8720862,0.5190037,0.44601935,0.91634315,0.4639398,0.44600368,0.877862,0.42068133,0.47219568,0.89911175,0.6052018,0.4512124,0.88446504,0.65621525,0.4720214,0.8229261,0.7073851,0.482463,0.92069817,0.55812806,0.60336226,0.89618444,0.5423474,0.6032912,0.90634596,0.5461264,0.7233869,0.8520708,0.54615825,0.8179404,0.9195985,0.58163387,0.6081546,0.9389111,0.58149326,0.72363853,0.889678,0.5777107,0.8178628,0.939766,0.550277,0.3936751,0.9755039,0.5698703,0.39375585,0.94243336,0.546229,0.39387652,0.47729364,0.58162796,0.39886525,0.97302437,0.58167374,0.8492046,0.87114805,0.5933663,0.8439875,0.7886371,0.57374537,0.823135,0.73225856,0.55016303,0.8492376,0.86280876,0.53849715,0.84911,0.79412335,0.54624337,0.8283218,0.7688328
2023:03:04:19:56:36,up_90_1t_,61.54710054397583,74.31,73.67,177.76,80.46,0.55425817,0.39893168,0.9411231,0.5619979,0.44619685,0.8725567,0.51898617,0.44601464,0.9179565,0.46390963,0.4460025,0.8779122,0.42064267,0.47221443,0.896068,0.6051957,0.44629568,0.88407135,0.6562205,0.47201365,0.8222487,0.7073912,0.4777404,0.92013425,0.55813026,0.603375,0.89604336,0.5423443,0.60330683,0.9057175,0.54613066,0.72340524,0.8545996,0.5461562,0.8179486,0.9189552,0.5816394,0.60816294,0.9400259,0.5815027,0.72364473,0.8920016,0.5777105,0.81787187,0.94029874,0.550279,0.39366806,0.97528684,0.56987005,0.39375058,0.94229764,0.5462323,0.39387304,0.48505533,0.58162415,0.39886296,0.9724111,0.58168155,0.8492006,0.8682323,0.5933632,0.84398204,0.7869689,0.57374495,0.82314706,0.7303077,0.55017406,0.84922975,0.85993075,0.5385121,0.84910756,0.7920582,0.5462383,0.82833076,0.7680161
2023:03:04:19:56:36,up_90_1t_,61.60494542121887,76.86,73.66,177.76,80.45,0.5542467,0.3989322,0.9427765,0.56199867,0.44619837,0.8725149,0.5189931,0.44602028,0.9173611,0.46391556,0.44602343,0.8763951,0.42064533,0.47223982,0.8976674,0.6051938,0.4512164,0.88353455,0.65622616,0.46709895,0.8229502,0.70737725,0.4777391,0.92060614,0.5581317,0.6033654,0.89619505,0.5423513,0.6032987,0.9071698,0.5461309,0.72339416,0.8533397,0.5461568,0.817943,0.91885275,0.5816369,0.6081531,0.93958676,0.5815045,0.72364473,0.89157665,0.57771164,0.81787974,0.93905467,0.55027384,0.39366588,0.9763695,0.5698592,0.39375266,0.94155973,0.54622936,0.39385453,0.4620732,0.5816228,0.39886737,0.9733958,0.58166367,0.84921527,0.8688277,0.59334594,0.84400815,0.7872076,0.57375395,0.82315373,0.73258203,0.55016184,0.849231,0.863891,0.53849316,0.84910274,0.7938535,0.5462472,0.82832485,0.7669703
2023:03:04:19:56:37,up_90_1t_,61.668774366378784,74.37,73.72,177.63,80.47,0.55425376,0.3989244,0.94218343,0.5619919,0.44621566,0.8715155,0.5189763,0.44603774,0.91669947,0.46389738,0.4460372,0.8745764,0.42061073,0.4722353,0.8922277,0.6052041,0.45122948,0.8840888,0.6562441,0.46709946,0.822161,0.7073956,0.48246303,0.9174378,0.55812186,0.6081344,0.89576054,0.542339,0.6033255,0.9051066,0.5461286,0.72343534,0.85537696,0.5461612,0.81794053,0.91811126,0.58163494,0.60817647,0.9397695,0.5815027,0.7285356,0.8941618,0.57771224,0.8178784,0.9389287,0.5502777,0.39365828,0.9748615,0.5698666,0.39374456,0.9418315,0.54623365,0.39385557,0.46907473,0.5816256,0.39886054,0.9730233,0.5816317,0.8492216,0.87330854,0.5895692,0.84400505,0.79080033,0.5737618,0.82314265,0.7359191,0.5501445,0.8492314,0.8675042,0.5384789,0.8490967,0.79431844,0.5462604,0.82831585,0.764988
2023:03:04:19:56:37,up_90_1t_,61.72662019729614,76.87,73.67,177.63,80.47,0.554246,0.3989177,0.94374,0.56197834,0.4462089,0.87222624,0.5189688,0.44602266,0.91923934,0.4639072,0.44604787,0.8724857,0.4206573,0.4722309,0.8983831,0.60519564,0.4512259,0.883479,0.6562467,0.46707645,0.82067746,0.70738894,0.4777312,0.91762924,0.5581154,0.60337734,0.8968885,0.54232824,0.60331184,0.90466845,0.54612195,0.72342855,0.85413766,0.546159,0.81794685,0.9188277,0.5816327,0.6081648,0.9400519,0.58150125,0.7285383,0.8946236,0.5777072,0.817882,0.93764824,0.5502743,0.39364895,0.9748478,0.56985915,0.39374137,0.94149256,0.5462245,0.3938483,0.47003722,0.58162373,0.39886376,0.97359926,0.5816454,0.84922135,0.870751,0.5895776,0.8439973,0.7890744,0.57375336,0.8231475,0.73344135,0.55015755,0.8492343,0.8678364,0.5384918,0.84910655,0.79691446,0.5462525,0.8283241,0.76627344
2023:03:04:19:56:37,up_90_1t_,61.784465312957764,76.86,73.67,177.62,80.49,0.5542488,0.39891076,0.94453317,0.56196785,0.4462146,0.8721725,0.5189586,0.44603193,0.91959983,0.46390074,0.44605348,0.87321424,0.4206516,0.47224748,0.9005192,0.6051946,0.45121995,0.8833831,0.6562773,0.46704724,0.8203007,0.7073979,0.47771946,0.915617,0.55813,0.6033732,0.8957395,0.542341,0.60330814,0.9064126,0.54612476,0.72341764,0.8513787,0.5461603,0.8178999,0.920629,0.58164257,0.6081601,0.93841445,0.5815126,0.7285422,0.89550436,0.57771105,0.8178503,0.9403723,0.5502736,0.39364445,0.9756671,0.569864,0.39373407,0.94199705,0.54622334,0.3938636,0.4897293,0.5816187,0.39886108,0.96814644,0.5816383,0.84918994,0.86820304,0.58957595,0.843961,0.787961,0.5737599,0.8231025,0.73917246,0.55012846,0.84920245,0.86672306,0.53846353,0.8490562,0.7927078,0.546259,0.8282464,0.7686125
2023:03:04:19:56:37,up_90_1t_,61.84430527687073,74.31,73.68,177.62,80.48,0.5542368,0.39891064,0.94617873,0.56196976,0.4462107,0.87254494,0.51896524,0.4460376,0.91889524,0.46392325,0.4460533,0.8732843,0.42066684,0.47224155,0.9032401,0.6051853,0.44629353,0.88384944,0.65627384,0.4670424,0.8206059,0.7073923,0.4777141,0.9164386,0.55813736,0.60336906,0.89578867,0.54234755,0.6033049,0.9070592,0.546129,0.7234212,0.8533834,0.54616344,0.8179144,0.9204374,0.5816483,0.6081549,0.9389922,0.58152336,0.7285384,0.89768875,0.5777168,0.81786436,0.9412359,0.5502705,0.39364675,0.97616327,0.5698463,0.3937375,0.9413564,0.5462275,0.39384788,0.46224457,0.58161,0.39886472,0.96952385,0.5816492,0.8492069,0.8709949,0.59333044,0.84400004,0.78943723,0.5737659,0.8231261,0.7393348,0.55013835,0.8492141,0.8664131,0.53847885,0.8490703,0.7928672,0.5462625,0.82826424,0.7695712
2023:03:04:19:56:37,up_90_1t_,61.90784764289856,74.31,73.67,177.62,80.48,0.5542309,0.39889994,0.9479169,0.5619626,0.44621044,0.8725631,0.51896,0.4460298,0.91984224,0.463899,0.44607502,0.87066185,0.4206218,0.4722613,0.8965855,0.605182,0.4462952,0.8834238,0.6600463,0.4670347,0.81920063,0.70739025,0.47771996,0.91778773,0.5581265,0.6033529,0.896973,0.5423423,0.60328764,0.90701354,0.5461184,0.72338647,0.8487419,0.5461724,0.8178936,0.92108405,0.581638,0.6081419,0.93883854,0.58151853,0.72851664,0.893591,0.5777152,0.8178549,0.9403202,0.55026764,0.39363614,0.9760722,0.56984055,0.3937285,0.9408897,0.54622227,0.39383584,0.45289153,0.58161294,0.39886197,0.96983975,0.58163494,0.8491869,0.8642396,0.5895672,0.84396607,0.7867405,0.57377166,0.82311535,0.7418781,0.55012405,0.8491974,0.8677329,0.53846496,0.8490478,0.7941428,0.5462783,0.82824534,0.76773417
2023:03:04:19:56:37,up_90_1t_,61.96529173851013,74.29,73.65,177.76,80.48,0.55419797,0.398849,0.95454484,0.5619583,0.4462075,0.87495154,0.5189656,0.44604325,0.9183244,0.46394545,0.4461024,0.86681116,0.42067406,0.4722942,0.9032733,0.6051572,0.44626516,0.8841976,0.656258,0.46699214,0.8187257,0.70733786,0.4777116,0.92352664,0.5581238,0.6033531,0.8979949,0.54234636,0.60329443,0.90864474,0.5461032,0.7233488,0.8449129,0.5461652,0.8178698,0.92480546,0.58163446,0.6033657,0.9395392,0.5815087,0.7236177,0.89194393,0.5777184,0.8178374,0.94411373,0.55026007,0.39359614,0.97269714,0.56979924,0.39369318,0.93686545,0.5462172,0.39381203,0.410689,0.5815966,0.3988622,0.97038776,0.5816107,0.8491843,0.8684975,0.5895605,0.8439724,0.7884164,0.5737803,0.8231002,0.7487138,0.55007946,0.8491822,0.87264323,0.5384138,0.8490213,0.7939975,0.54628545,0.8282138,0.7702649
2023:03:04:19:56:37,up_90_1t_,62.02313756942749,74.30,73.66,177.77,80.48,0.5541977,0.3988518,0.9547514,0.5619648,0.44619903,0.87532437,0.51897234,0.44604447,0.91814244,0.46774927,0.44607934,0.86839694,0.4207523,0.4722543,0.9116491,0.6051615,0.44625166,0.88646317,0.6600607,0.46700305,0.8211453,0.70735794,0.47770602,0.9205966,0.5581164,0.60333526,0.89850676,0.5423455,0.60327905,0.90856194,0.5461069,0.71838254,0.8459401,0.5461672,0.8178876,0.9234225,0.58162373,0.60334635,0.93948895,0.5814966,0.7236084,0.8910459,0.57772005,0.81784105,0.944446,0.5502583,0.39359865,0.9736296,0.5697993,0.3936957,0.9368755,0.54621357,0.3938155,0.41701558,0.58159566,0.39886278,0.96926934,0.5816218,0.84917253,0.8661527,0.5895639,0.8439515,0.7857344,0.57378,0.8231115,0.7450521,0.5501205,0.84919184,0.87148476,0.5384552,0.8490474,0.7958027,0.5462789,0.82824606,0.7679945
2023:03:04:19:56:37,up_90_1t_,62.082977533340454,74.29,73.67,177.76,80.50,0.5542058,0.39885446,0.9535689,0.5619589,0.44621462,0.87461746,0.51896876,0.4460607,0.9175836,0.4677485,0.4460784,0.8686264,0.42074433,0.47225675,0.911218,0.6051644,0.44625953,0.8858043,0.66005975,0.46698308,0.82033014,0.7073604,0.47771028,0.92117727,0.55811995,0.6033503,0.8983439,0.5423457,0.60329914,0.908674,0.5461081,0.7183895,0.8458993,0.54617083,0.8178915,0.9236638,0.58162886,0.60335374,0.93934435,0.5815046,0.72359157,0.8893101,0.5777222,0.817843,0.9444743,0.55026084,0.39360192,0.97350097,0.5698078,0.3936957,0.9371835,0.5462162,0.39382857,0.42782176,0.5815964,0.39886138,0.9681589,0.58162683,0.8491737,0.8637638,0.5895687,0.8439549,0.7838216,0.5737827,0.8231163,0.7453879,0.5501208,0.8491937,0.86966205,0.538459,0.84904957,0.7947614,0.54628325,0.8282552,0.7669614
2023:03:04:19:56:37,up_90_1t_,62.146806478500366,74.29,73.65,177.76,80.52,0.55421716,0.3988477,0.9526402,0.5619398,0.44620818,0.8749288,0.5189583,0.4460472,0.91922945,0.46398705,0.44610438,0.86600274,0.42075616,0.47228026,0.9125228,0.6051518,0.4462544,0.88485247,0.6562741,0.466975,0.81834096,0.70734566,0.47769713,0.92261934,0.55812174,0.603325,0.89849293,0.5423522,0.6032704,0.90954125,0.54610485,0.71837133,0.8460943,0.5461643,0.8178924,0.92259085,0.5816274,0.60333276,0.9391242,0.581501,0.72357696,0.88853806,0.57772136,0.8178501,0.9441431,0.55026776,0.39359206,0.97333956,0.56982183,0.39368957,0.9376613,0.54622203,0.39382818,0.44886917,0.5815978,0.39885637,0.96604836,0.5816082,0.8491892,0.8692219,0.58955204,0.8439773,0.78850156,0.5737829,0.8231247,0.74665505,0.55009073,0.849203,0.8704434,0.53842854,0.84904855,0.79133874,0.5462887,0.8282516,0.7683057
2023:03:04:19:56:37,up_90_1t_,62.204652070999146,72.92,75.00,177.76,84.96,0.5542002,0.39885122,0.9539282,0.558186,0.44620937,0.8753977,0.51894,0.4460496,0.9198026,0.46395558,0.4460973,0.8696004,0.42074975,0.4723018,0.91283524,0.60515463,0.4462432,0.8859792,0.66005224,0.4669564,0.8180811,0.7073514,0.4777025,0.92337203,0.5581068,0.6033335,0.89918745,0.54233295,0.6032852,0.9072661,0.5461016,0.71838415,0.844907,0.5461636,0.8179072,0.92222476,0.5816185,0.60333544,0.9391046,0.5815074,0.7235644,0.8866577,0.5777249,0.8178498,0.94384104,0.5502564,0.39359674,0.9743788,0.5698018,0.3936932,0.9361206,0.5462129,0.39382583,0.43477857,0.5815855,0.39886048,0.9663314,0.5816356,0.84918636,0.8659709,0.5895812,0.8439682,0.7839337,0.5737834,0.8231309,0.7452689,0.5501012,0.8492114,0.86900604,0.53843766,0.84906274,0.79215944,0.5462844,0.82827634,0.76879776
2023:03:04:19:56:37,up_90_1t_,62.26009654998779,72.92,75.00,177.76,84.97,0.5542082,0.3988427,0.95384717,0.5581731,0.4462158,0.87589216,0.51893336,0.44604582,0.92070675,0.46396667,0.44610587,0.8680053,0.42075697,0.47230777,0.91493666,0.6051451,0.4462534,0.8840261,0.66006297,0.46695918,0.8175857,0.7073527,0.4776984,0.92243904,0.5581075,0.6033446,0.89865524,0.54233503,0.6032996,0.9069342,0.54610515,0.7183947,0.84627557,0.5461643,0.81790495,0.9212663,0.5816173,0.60334224,0.9391935,0.5815029,0.723571,0.88672096,0.5777231,0.817848,0.9434146,0.5502648,0.39358857,0.97318506,0.5698128,0.39368913,0.93685913,0.5462202,0.3938319,0.4498663,0.58158237,0.39886597,0.96357167,0.581621,0.8491869,0.86680317,0.5895656,0.84397095,0.78580403,0.57378346,0.8231207,0.74726665,0.550094,0.849214,0.8701105,0.53843105,0.8490615,0.7921802,0.5462886,0.82827204,0.76722485
2023:03:04:19:56:37,up_90_1t_,62.3219313621521,72.93,75.00,177.76,84.93,0.55417943,0.39884642,0.95618576,0.5581742,0.44621646,0.87600166,0.5189406,0.4460438,0.9201176,0.46774885,0.44612318,0.8621808,0.42077088,0.47229376,0.91303277,0.605138,0.44626147,0.8831649,0.6600534,0.4669642,0.81733966,0.7073437,0.47770244,0.92495215,0.5581054,0.60336584,0.89808106,0.54232776,0.60331196,0.9060255,0.54610425,0.7233574,0.8459854,0.5461611,0.8179002,0.9210843,0.5816159,0.60336775,0.93939716,0.58150196,0.72359186,0.88775754,0.5777186,0.8178477,0.9432163,0.55024815,0.39359146,0.97418267,0.5697799,0.39369512,0.93536663,0.54620886,0.3938066,0.41441333,0.5815723,0.3988699,0.9670994,0.58162344,0.8491899,0.865432,0.5895668,0.843972,0.78495795,0.5737762,0.82312095,0.7465671,0.55009156,0.8492076,0.87197566,0.5384291,0.8490555,0.7939053,0.5462807,0.8282674,0.76642066
2023:03:04:19:56:37,up_90_1t_,62.38576054573059,72.92,75.01,177.76,84.93,0.5541814,0.39883935,0.9564798,0.5581802,0.4462146,0.8757127,0.5189482,0.44604772,0.91929615,0.46396202,0.44615147,0.85941637,0.42071187,0.47231224,0.90749294,0.60513616,0.44625536,0.8838767,0.65627396,0.46696448,0.81701815,0.70734143,0.47769976,0.9260051,0.55810934,0.60334593,0.8983987,0.5423313,0.6032944,0.9071526,0.54610234,0.7183907,0.8458539,0.5461601,0.8179056,0.9225815,0.5816184,0.6033457,0.9391459,0.5815046,0.7235689,0.8858149,0.5777284,0.81784713,0.9433973,0.55025035,0.39358723,0.97323096,0.5697802,0.3936885,0.93518233,0.546213,0.39380988,0.4119724,0.5815724,0.39886656,0.96660286,0.581632,0.8491832,0.8638708,0.5895795,0.8439628,0.78229034,0.573788,0.82312566,0.74582565,0.55009156,0.8492084,0.87256235,0.5384294,0.8490571,0.79432315,0.5462823,0.8282751,0.7683648
2023:03:04:19:56:37,up_90_1t_,62.44560098648071,72.92,75.02,177.77,84.95,0.5541856,0.39883968,0.9557771,0.5581661,0.44621944,0.8764573,0.51892644,0.44604987,0.9211088,0.46389723,0.44616744,0.8613244,0.42063692,0.47231427,0.8963244,0.6051392,0.44625628,0.88457686,0.66005504,0.46695003,0.8165379,0.70734084,0.4776946,0.92496943,0.55810785,0.6033656,0.89830273,0.54232776,0.60331535,0.90805167,0.5460994,0.71837777,0.844556,0.5461658,0.8178918,0.92378396,0.58161706,0.6033638,0.93939924,0.5814979,0.7235592,0.8847073,0.577728,0.8178455,0.94408923,0.5502523,0.3935856,0.9731834,0.56978345,0.39368972,0.93532956,0.5462132,0.39381224,0.42427343,0.5815649,0.39887324,0.96446216,0.58164096,0.8491809,0.8683808,0.5933385,0.84397894,0.78587234,0.57378733,0.823132,0.7445813,0.5501066,0.84921753,0.8733794,0.53844273,0.8490679,0.7964742,0.54628587,0.82825947,0.7693413
2023:03:04:19:56:37,up_90_1t_,62.503445625305176,72.91,75.04,177.77,84.96,0.5541948,0.39883122,0.95480645,0.55815744,0.44622087,0.87745583,0.5189182,0.4460438,0.92312944,0.46388033,0.44614476,0.8647742,0.42063695,0.47226983,0.8982073,0.60512894,0.44625774,0.88319236,0.65626264,0.4669307,0.8157283,0.7073187,0.4776986,0.9287764,0.5581126,0.603349,0.89806175,0.5423347,0.60330266,0.9082579,0.54609054,0.7183348,0.8426121,0.5461612,0.8178619,0.92511415,0.5816189,0.6033441,0.94002175,0.5814914,0.7235416,0.8836431,0.5777269,0.81783533,0.9429275,0.55025804,0.39357796,0.9721411,0.5697938,0.39368218,0.935126,0.54621756,0.39382043,0.44456622,0.5815609,0.3988719,0.9608272,0.58161354,0.84917426,0.8654858,0.58956426,0.8439596,0.78457516,0.57379365,0.8231152,0.74746895,0.5500835,0.84918636,0.8745026,0.53841466,0.84902406,0.79472625,0.5462914,0.82821274,0.76960194
2023:03:04:19:56:37,up_90_1t_,62.56528067588806,72.91,75.04,177.78,84.94,0.5541783,0.39880863,0.95791113,0.55814224,0.44621104,0.8795934,0.5189025,0.446021,0.926622,0.46388572,0.44615272,0.86460006,0.4206498,0.47225502,0.9023633,0.60511625,0.44624546,0.8830023,0.65625584,0.4669451,0.8159683,0.70731705,0.4776952,0.9274889,0.55811125,0.6033269,0.8968543,0.5423407,0.6032845,0.9062865,0.5460907,0.7183186,0.84161216,0.546166,0.81789017,0.9243396,0.5816094,0.6033181,0.9406093,0.5814838,0.7235146,0.88006127,0.5777244,0.8178408,0.9415892,0.55025166,0.3935594,0.9708137,0.56977487,0.39366478,0.93309534,0.54621077,0.3937956,0.43642247,0.581551,0.3988615,0.96132797,0.58165795,0.8491734,0.86273706,0.593355,0.8439581,0.78190804,0.5737801,0.8231311,0.738184,0.55013895,0.8492078,0.86869395,0.5384727,0.8490681,0.79585654,0.54627526,0.8282601,0.76844573
2023:03:04:19:56:37,up_90_1t_,62.62911009788513,72.92,75.05,177.78,84.94,0.554177,0.3987896,0.95796186,0.5581443,0.44622266,0.87913585,0.51891124,0.4460306,0.9256554,0.4639031,0.4461391,0.8679726,0.4206946,0.47223708,0.90779865,0.6051095,0.44626802,0.88056636,0.6562524,0.46693873,0.8156496,0.7073138,0.47769663,0.9291487,0.5581205,0.60335076,0.8945559,0.5423539,0.6033051,0.90732574,0.54609776,0.718315,0.842648,0.54616106,0.8178763,0.9255116,0.5816088,0.603345,0.939752,0.58147985,0.7235175,0.8785653,0.5777208,0.81783533,0.94098413,0.5502534,0.3935428,0.96853167,0.56977385,0.3936512,0.93168503,0.5462137,0.39378807,0.4415521,0.5815403,0.3988554,0.9607577,0.58164686,0.849172,0.86044246,0.5933443,0.8439594,0.779343,0.5737737,0.8231184,0.73820585,0.55013067,0.84919655,0.8699044,0.538464,0.8490537,0.79734063,0.5462657,0.82823974,0.7708632
2023:03:04:19:56:38,up_90_1t_,62.68695521354675,72.92,75.07,177.79,84.92,0.55416715,0.39878523,0.9597121,0.5581409,0.44622433,0.8790542,0.5189095,0.44602332,0.9272567,0.46391633,0.44613847,0.868927,0.42073172,0.47219437,0.9087521,0.6051102,0.44628286,0.87888396,0.656249,0.4669447,0.815041,0.70730746,0.47769335,0.92912245,0.5581217,0.603356,0.8937257,0.54235625,0.6033072,0.9073789,0.54610914,0.7183057,0.84480643,0.546165,0.81783766,0.92636436,0.58160675,0.6033525,0.9394102,0.5814698,0.7235458,0.88126135,0.5777251,0.81783533,0.94015366,0.5502492,0.3935358,0.96848315,0.5697649,0.39364883,0.93142545,0.54620874,0.3937695,0.43277657,0.5815379,0.3988549,0.9618604,0.5816162,0.84917665,0.8599181,0.589568,0.8439581,0.78003967,0.5737912,0.82311493,0.7429484,0.5501002,0.8491806,0.87386304,0.5384312,0.84901845,0.7973948,0.54628396,0.8281831,0.77167845
2023:03:04:19:56:38,up_90_1t_,62.74280571937561,75.48,75.07,177.81,84.90,0.5541581,0.39878735,0.9604623,0.5581452,0.44623107,0.8781305,0.51891184,0.44602868,0.9253603,0.46394435,0.44613704,0.86895096,0.4207552,0.47218755,0.9101064,0.6051146,0.45121807,0.8768003,0.6562484,0.46697766,0.81491554,0.70731753,0.4776929,0.9257573,0.558135,0.60335016,0.89029336,0.54237676,0.60329914,0.9079821,0.5461174,0.71827066,0.8452511,0.5461693,0.81783205,0.92709273,0.58160746,0.6033503,0.93614864,0.58145654,0.7235501,0.8818282,0.5777394,0.8178481,0.93958044,0.5502472,0.39353958,0.9692273,0.56975704,0.393655,0.9308531,0.5462138,0.39376792,0.41949135,0.5815366,0.39886674,0.96188205,0.5815923,0.8491874,0.861703,0.5895598,0.84398466,0.78052926,0.5738196,0.82313657,0.7438074,0.55007535,0.84918135,0.87796843,0.53840345,0.8490082,0.79763824,0.54630053,0.8281744,0.7714074
2023:03:04:19:56:38,up_90_1t_,62.80065107345581,75.48,75.09,178.34,84.90,0.5541503,0.3987827,0.9610147,0.5581281,0.44622275,0.88014185,0.51890767,0.44601107,0.92794067,0.4639544,0.4461459,0.8677521,0.42076942,0.4721423,0.90801334,0.6050948,0.45121336,0.87450993,0.6562356,0.46697706,0.8147816,0.70730263,0.4776809,0.92648315,0.55812454,0.6032949,0.88917124,0.5423733,0.6032382,0.9049618,0.54611546,0.7131715,0.84197795,0.5461755,0.8178155,0.927175,0.5815947,0.6033055,0.9354576,0.5778955,0.7235131,0.8785462,0.5777319,0.81784064,0.9400792,0.5502429,0.3935334,0.9691592,0.56600356,0.39365497,0.9302269,0.54621065,0.39375892,0.41785505,0.58152837,0.3988664,0.96313727,0.5815969,0.8491754,0.85933506,0.5895575,0.8439598,0.778806,0.573812,0.8231345,0.74200374,0.5501,0.84916914,0.8748727,0.53843176,0.84900326,0.7976163,0.54630053,0.8232118,0.7706419
2023:03:04:19:56:38,up_90_1t_,62.86448049545288,72.93,75.08,178.33,84.91,0.5541573,0.39877513,0.9605795,0.5581217,0.44621533,0.8811272,0.5189043,0.4460007,0.9287166,0.46394446,0.44612598,0.87011933,0.42076296,0.47216016,0.90964633,0.6050874,0.44629356,0.87340796,0.65623933,0.4669751,0.8144591,0.7073096,0.4776812,0.9260005,0.55813324,0.60327613,0.88881236,0.5423844,0.60322064,0.90637714,0.54611105,0.71314067,0.8402679,0.54617214,0.8177968,0.92899364,0.5815991,0.6032862,0.9355163,0.57789606,0.7235103,0.87863743,0.5777413,0.8178416,0.9412043,0.5502478,0.3935279,0.9684633,0.56975335,0.3936473,0.930001,0.5462138,0.39376357,0.43045375,0.581526,0.39886388,0.9632343,0.58160037,0.8491733,0.86013466,0.5895689,0.8439631,0.7790626,0.57382756,0.82314324,0.7438132,0.5500917,0.8491553,0.87732685,0.53841114,0.84406537,0.79895663,0.5463009,0.823188,0.7736976
2023:03:04:19:56:38,up_90_1t_,62.921854734420776,72.93,75.09,178.31,84.91,0.5541523,0.3987647,0.9619075,0.5581068,0.44622815,0.88165534,0.51889956,0.446003,0.92991656,0.46394908,0.4461601,0.8655608,0.42076218,0.47214726,0.90876627,0.6050641,0.44629163,0.8715304,0.65623116,0.46698335,0.8150074,0.7072965,0.47767776,0.9253708,0.55812126,0.60327286,0.8907307,0.54238003,0.6032235,0.90764385,0.5460912,0.713119,0.8373383,0.54616386,0.8177847,0.93121684,0.58158547,0.6032766,0.93778384,0.57787013,0.7235097,0.8806954,0.5777369,0.8178374,0.94338596,0.5502486,0.39351818,0.9676509,0.5660051,0.3936434,0.92958236,0.5462155,0.39375624,0.42847818,0.5815167,0.39886427,0.9640744,0.5815907,0.84918857,0.8692522,0.589579,0.8439744,0.78462875,0.57382613,0.8231449,0.747233,0.5500696,0.8491568,0.8831359,0.53837955,0.8440592,0.8012737,0.54630154,0.8231723,0.77694297
2023:03:04:19:56:38,up_90_1t_,62.9773154258728,75.49,75.09,178.29,84.92,0.5541466,0.39877695,0.96151453,0.55809057,0.44624054,0.88213927,0.51889634,0.44601429,0.9285698,0.46399164,0.44614825,0.8672765,0.42079479,0.4721452,0.9113402,0.6050465,0.45121884,0.8685867,0.65620565,0.46702835,0.81429625,0.7073022,0.477677,0.92252153,0.55810964,0.60328215,0.8903259,0.5423764,0.60323954,0.9068498,0.5460888,0.71313006,0.83645517,0.5461634,0.8177967,0.9325668,0.58156925,0.6032788,0.9364055,0.5778514,0.7235041,0.87534493,0.5777503,0.8178385,0.9437443,0.55024207,0.39352775,0.96823144,0.56599927,0.39365417,0.92880356,0.546208,0.3937638,0.42754537,0.58151376,0.39887744,0.9658608,0.58160675,0.84919226,0.87440586,0.5933512,0.8439911,0.78623,0.5738394,0.8231452,0.74467576,0.5500938,0.84916085,0.87830424,0.5384131,0.8489939,0.7988776,0.5462969,0.82318145,0.7783345
2023:03:04:19:56:38,up_90_1t_,63.03715515136719,75.50,75.08,178.29,84.90,0.55413276,0.39878562,0.962363,0.55808777,0.4462347,0.88285995,0.51889575,0.4460079,0.9299193,0.46398076,0.44614458,0.8685208,0.42078343,0.4721432,0.9098033,0.60504216,0.45121217,0.86849463,0.65620023,0.46701485,0.814789,0.7072805,0.4776688,0.92039424,0.5580777,0.60329294,0.89136434,0.5423522,0.60325015,0.9040918,0.54607713,0.71314013,0.8321836,0.54616857,0.8177558,0.93206275,0.5815428,0.6032888,0.9368601,0.5778349,0.7235283,0.876144,0.5777435,0.8178182,0.9413762,0.5502362,0.39353484,0.96873736,0.56597817,0.39366376,0.92935497,0.54620636,0.39376107,0.4069332,0.5815062,0.3988839,0.9667694,0.5815695,0.84916466,0.8680178,0.5895668,0.84394777,0.78325,0.5738432,0.823109,0.74977285,0.5500696,0.849121,0.87923765,0.5383792,0.8440136,0.7977695,0.54631466,0.8231222,0.7794916
2023:03:04:19:56:38,up_90_1t_,63.10297918319702,75.51,75.06,178.29,84.89,0.5541324,0.3987888,0.9613814,0.5580879,0.44624195,0.8822641,0.5188917,0.4460061,0.9314413,0.46396714,0.44617972,0.8637982,0.4207574,0.47217476,0.91053617,0.6050461,0.45121995,0.86905223,0.6561996,0.46703312,0.8162245,0.70726997,0.47766128,0.9193454,0.55806535,0.6033207,0.8919996,0.5423487,0.60328543,0.90531445,0.5460811,0.7182172,0.83304715,0.54617006,0.8177367,0.9315504,0.58152914,0.60330707,0.9367511,0.5778285,0.7235832,0.877429,0.57774913,0.8178169,0.9400575,0.5502327,0.3935361,0.9683273,0.5659781,0.3936617,0.9287366,0.54620075,0.39376497,0.41058075,0.5815048,0.39888135,0.96559745,0.5815555,0.84915626,0.8715101,0.58956194,0.843952,0.7880763,0.57386184,0.82310814,0.75233346,0.5464733,0.8491042,0.87957233,0.5345922,0.84396416,0.79534465,0.54632854,0.82309306,0.7807935
2023:03:04:19:56:38,up_90_1t_,63.16082429885864,75.52,75.07,178.27,84.87,0.55412316,0.39878982,0.96171755,0.55808663,0.44624642,0.8816898,0.5188897,0.44600633,0.93203616,0.46395993,0.4461775,0.8647177,0.4207498,0.47215852,0.9066275,0.60504603,0.45123234,0.8681875,0.6562071,0.46702206,0.81567085,0.7072667,0.4776519,0.9206306,0.55805826,0.60331255,0.89248365,0.5423409,0.60327876,0.90467703,0.54246634,0.71316916,0.82971555,0.54616815,0.81772,0.933393,0.58152324,0.60329825,0.93701077,0.5778165,0.7235541,0.8757761,0.5777548,0.8178073,0.94117796,0.5502256,0.3935357,0.96862024,0.5659677,0.39366063,0.9286572,0.5461964,0.39375672,0.39266717,0.5815063,0.39887774,0.9667557,0.5815305,0.84914833,0.8727421,0.5895451,0.8439544,0.79087526,0.57747924,0.8231111,0.75785965,0.5464382,0.84909797,0.88633657,0.5345468,0.8439409,0.79803073,0.5463474,0.8230753,0.7839389
2023:03:04:19:56:38,up_90_1t_,63.21866989135742,76.89,73.69,178.27,84.86,0.5541247,0.3988035,0.9606041,0.5580786,0.4462434,0.88252825,0.5188776,0.44598696,0.9339507,0.46395138,0.4461603,0.86594903,0.42074776,0.4721684,0.9085032,0.605045,0.45124847,0.86715853,0.65617466,0.46704462,0.8166993,0.70725757,0.47765225,0.9211012,0.55431974,0.60332876,0.8946587,0.5423009,0.60329425,0.89882517,0.54244715,0.7131628,0.82880527,0.54616225,0.81772596,0.9325281,0.58148205,0.6033136,0.93674445,0.5777956,0.7235439,0.8714113,0.57774675,0.81780493,0.9419393,0.55022854,0.39354596,0.9686938,0.56596833,0.3936733,0.9291979,0.5461982,0.39375785,0.3868688,0.58150744,0.3988876,0.9663335,0.5815321,0.8491409,0.8721821,0.5895399,0.8439392,0.7902132,0.5774698,0.82311034,0.7559574,0.5464506,0.849104,0.8846136,0.5345628,0.84396076,0.7975575,0.54633796,0.82308835,0.78161997
2023:03:04:19:56:38,up_90_1t_,63.28008246421814,76.89,73.69,178.26,84.85,0.5541241,0.39881346,0.96048266,0.55808514,0.4462497,0.8811737,0.51887846,0.44599482,0.9332583,0.46395335,0.44617444,0.8642163,0.42076042,0.47217277,0.90944725,0.60505235,0.45124853,0.8678413,0.65617585,0.46705738,0.8170811,0.70724446,0.47764686,0.921034,0.55432427,0.6033201,0.8939017,0.54230446,0.6032779,0.89927757,0.54242027,0.71313304,0.8256807,0.54615766,0.8176879,0.9310934,0.58148736,0.60331076,0.93631685,0.5777954,0.72354656,0.8723419,0.57775986,0.8178037,0.94199103,0.55022746,0.39355427,0.96957195,0.56596905,0.39368066,0.92927146,0.54619837,0.39376357,0.38362265,0.58151096,0.3988958,0.9656297,0.58149284,0.8491339,0.870978,0.58951354,0.84396017,0.7950642,0.5775018,0.8231053,0.7646111,0.5464021,0.8490851,0.8886337,0.5344946,0.84391767,0.796019,0.5463619,0.8230293,0.7824161
2023:03:04:19:56:38,up_90_1t_,63.341917276382446,76.89,73.69,178.26,84.85,0.5541245,0.3987985,0.96141064,0.5580909,0.44624683,0.8819008,0.5188909,0.44599298,0.9325804,0.46395084,0.44615558,0.86512005,0.42075625,0.47216424,0.9090524,0.60504496,0.45124665,0.86790025,0.6561351,0.46703437,0.81880826,0.7072081,0.47764948,0.9258268,0.55430216,0.60329795,0.8973833,0.5422949,0.6032554,0.8983236,0.54241383,0.7130903,0.8273738,0.54615635,0.81769454,0.9346954,0.5814589,0.6032915,0.9375843,0.5777853,0.7234936,0.87083924,0.57776487,0.81780267,0.9456843,0.5502291,0.39354149,0.96886593,0.56596994,0.393671,0.9289824,0.5461959,0.39375836,0.38906777,0.58151156,0.3988895,0.96434045,0.58150315,0.8491403,0.87687504,0.589521,0.8439596,0.7963028,0.57750994,0.8231168,0.7675557,0.54641056,0.84908515,0.88704985,0.5345067,0.8439228,0.7949533,0.54635775,0.8230419,0.7855834
2023:03:04:19:56:38,up_90_1t_,63.399763107299805,76.90,73.67,179.96,84.84,0.5541194,0.39880592,0.96123326,0.55808836,0.44624954,0.88202554,0.5188888,0.44599125,0.93195087,0.46394226,0.44615987,0.8641806,0.42074084,0.4721764,0.9067031,0.60504174,0.45125034,0.8670702,0.6561307,0.46705648,0.8193946,0.70721275,0.4776619,0.92674357,0.5542723,0.6033168,0.89859825,0.5422647,0.6032779,0.8932874,0.54241097,0.71312433,0.82624763,0.546161,0.81769603,0.9346085,0.5778814,0.60331124,0.93552387,0.57777405,0.72351325,0.8704954,0.57776284,0.817804,0.9436192,0.5502273,0.3935478,0.9686105,0.56596434,0.39367738,0.9289298,0.54619867,0.39375868,0.37702966,0.5815122,0.398891,0.96209484,0.5815041,0.8491479,0.8740541,0.5895245,0.84396636,0.7942261,0.5775078,0.8231156,0.76508963,0.5464162,0.8490898,0.8877089,0.53451484,0.84392804,0.7967516,0.5463606,0.8230439,0.7846206
2023:03:04:19:56:38,up_90_1t_,63.45760774612427,76.91,73.67,179.97,84.84,0.55412745,0.39880952,0.96054465,0.5580845,0.4462499,0.88241756,0.5188961,0.44598055,0.93360317,0.46394044,0.44615352,0.8651107,0.42073315,0.47215408,0.90505654,0.60502523,0.4512573,0.86504596,0.6523297,0.46705955,0.82362723,0.70719,0.4776488,0.93213034,0.55425483,0.60334563,0.8996428,0.54223865,0.603302,0.8900417,0.54241234,0.7131421,0.8282777,0.54616314,0.81772095,0.93548197,0.5778764,0.60334474,0.9357084,0.57779294,0.72354937,0.87484753,0.5777737,0.81782854,0.94461566,0.5502318,0.39355272,0.96875894,0.56597114,0.39367947,0.9289769,0.54620004,0.3937648,0.3880884,0.5815098,0.3988887,0.96294236,0.58153325,0.8491708,0.879397,0.58956075,0.84398174,0.79322827,0.5775156,0.82314837,0.76263326,0.54643124,0.8491093,0.8840765,0.5345343,0.8439573,0.79445827,0.54635775,0.8230783,0.7843273
2023:03:04:19:56:38,up_90_1t_,63.51744842529297,76.90,73.68,179.97,84.85,0.5541276,0.39881226,0.96038157,0.55807936,0.4462527,0.8826208,0.5188963,0.44598526,0.9335789,0.4639306,0.44615835,0.86532366,0.42071542,0.4721507,0.9050592,0.6050207,0.4512462,0.86489356,0.6522991,0.46704957,0.8254646,0.7071727,0.47765228,0.9343796,0.55424523,0.60333437,0.9006311,0.5422317,0.6032911,0.88984096,0.5424003,0.7130864,0.8273646,0.54616356,0.817692,0.935697,0.57786536,0.6033327,0.9352596,0.5777846,0.7235034,0.87079567,0.57777125,0.817807,0.94444966,0.5502307,0.39355975,0.96967286,0.56596756,0.39368317,0.9288522,0.5461999,0.39377955,0.39641005,0.58150506,0.39889616,0.9641813,0.58152133,0.84916097,0.8770329,0.589557,0.843973,0.79191154,0.5775153,0.82312036,0.7640807,0.54643136,0.84909874,0.884579,0.53452766,0.8439436,0.7952837,0.54635966,0.82304275,0.7851262
2023:03:04:19:56:38,up_90_1t_,63.57928228378296,77.39,73.68,179.97,84.84,0.5541194,0.3988121,0.96099067,0.5580749,0.44625518,0.8827797,0.5188952,0.44598687,0.9330386,0.46392143,0.44617742,0.8631075,0.42070082,0.47216102,0.9029961,0.6013217,0.4512428,0.86450934,0.6523155,0.46704772,0.8244847,0.7071791,0.4776543,0.9316522,0.5542482,0.6033325,0.9005489,0.5422346,0.60328686,0.8906293,0.5423943,0.7131058,0.8264798,0.5461672,0.8176914,0.93527925,0.57786894,0.60333157,0.9345465,0.5777869,0.72353035,0.87406397,0.5777713,0.81781214,0.9444863,0.55022454,0.39355958,0.970318,0.56595504,0.393681,0.9284862,0.54619646,0.39377645,0.39274618,0.58149874,0.3988911,0.9646266,0.58152014,0.84916747,0.8750222,0.5895527,0.84398013,0.79165363,0.57751423,0.8231285,0.7633179,0.5464381,0.84910053,0.8856938,0.5345357,0.84394616,0.7968167,0.546362,0.823043,0.78381336
2023:03:04:19:56:38,up_90_1t_,63.6371283531189,77.38,73.67,179.97,84.84,0.5541185,0.39881402,0.96052647,0.55807865,0.4462465,0.88237387,0.51889634,0.44598007,0.9331202,0.46391332,0.44616687,0.86245793,0.42069158,0.4721798,0.9024714,0.6013207,0.45124054,0.8643253,0.6523014,0.4670473,0.8253556,0.7071731,0.4776557,0.93441564,0.55425465,0.60334706,0.8990813,0.5422407,0.60330623,0.89006686,0.5424034,0.71310836,0.82757366,0.5461626,0.81770545,0.93732655,0.5778731,0.6033425,0.93459564,0.57779324,0.7235111,0.872558,0.57777464,0.81780744,0.9458981,0.55022466,0.39356166,0.9698903,0.5659525,0.3936824,0.9283129,0.54619706,0.39377946,0.38662997,0.5814979,0.39888957,0.9637735,0.5815458,0.8491642,0.8769239,0.58957976,0.84396064,0.7887132,0.5775109,0.8231207,0.7617329,0.5464534,0.84910214,0.88318753,0.53455824,0.8439587,0.7966698,0.546345,0.8230587,0.7872104
2023:03:04:19:56:39,up_90_1t_,63.692978382110596,76.89,73.67,179.98,84.84,0.5541157,0.39881712,0.96010727,0.55807173,0.44624704,0.8829362,0.51888806,0.4459793,0.93266636,0.46389738,0.44616655,0.86377287,0.42068008,0.47218174,0.90081966,0.6050186,0.4512372,0.8651395,0.65234023,0.46704522,0.8219905,0.707197,0.4776549,0.93103987,0.5542654,0.60337806,0.89646626,0.54224986,0.60333997,0.890659,0.54240656,0.7182021,0.82675874,0.54616135,0.8177313,0.9354016,0.57788527,0.60336965,0.93250227,0.5778017,0.72357523,0.877509,0.5777731,0.817817,0.9450284,0.5502192,0.3935631,0.97076344,0.5659488,0.39368346,0.92814386,0.5461907,0.39377695,0.39206094,0.5814951,0.39888546,0.96411264,0.5815515,0.84916776,0.8778689,0.5933334,0.843983,0.78932446,0.5775031,0.82312745,0.75834686,0.5464625,0.84911793,0.8812211,0.5345724,0.84398484,0.7950007,0.5463427,0.82308733,0.7832864
2023:03:04:19:56:39,up_90_1t_,63.75281882286072,76.86,73.72,179.98,84.82,0.55411303,0.39880398,0.960599,0.5580824,0.44625643,0.8820335,0.5188982,0.44598547,0.9316296,0.46391732,0.4461531,0.86508065,0.4207032,0.47215474,0.9008544,0.6050228,0.45124903,0.8654345,0.65235984,0.46704048,0.8209194,0.70721406,0.47766638,0.9295224,0.55425656,0.60813546,0.8966656,0.5422353,0.6033493,0.88698167,0.5424072,0.71821064,0.8261463,0.54615843,0.817723,0.9349336,0.5778847,0.60814446,0.933227,0.57780546,0.7235806,0.876425,0.5777735,0.8178155,0.94415456,0.55022186,0.3935521,0.9683961,0.5659443,0.3936748,0.92808175,0.5461969,0.39376825,0.38347337,0.58149403,0.39888123,0.9635188,0.58154416,0.8491637,0.87747836,0.58958143,0.84396225,0.7895548,0.5775049,0.8231244,0.7588185,0.5464448,0.8491188,0.88268965,0.5345491,0.8439768,0.79476005,0.5463453,0.82307535,0.7839874
2023:03:04:19:56:39,up_90_1t_,63.81664776802063,77.37,73.68,179.98,84.85,0.55411977,0.39880973,0.9608398,0.55807924,0.44625515,0.8826635,0.5189031,0.44599676,0.9308714,0.46393198,0.446151,0.86471915,0.42072043,0.47216567,0.90510935,0.60132444,0.4512177,0.8656366,0.65235376,0.4670296,0.82145953,0.7072347,0.47767097,0.93120813,0.55425453,0.60337806,0.8965634,0.5422325,0.6033429,0.88621175,0.54239345,0.71819437,0.8230437,0.5461586,0.8177106,0.9348993,0.5778828,0.60336643,0.9328009,0.5778004,0.7235592,0.8736196,0.57777077,0.81780803,0.9439944,0.5502219,0.39355877,0.97133493,0.56595165,0.39367846,0.92820036,0.5461969,0.39378226,0.40888977,0.5814902,0.3988859,0.9663692,0.5815216,0.8491571,0.8758461,0.5895563,0.8439651,0.79145896,0.5775074,0.82311213,0.7607035,0.54643595,0.84911186,0.8829057,0.53453547,0.843966,0.79370403,0.5463495,0.823058,0.783775
2023:03:04:19:56:39,up_90_1t_,63.87449359893799,76.84,73.73,179.98,84.85,0.554117,0.39881593,0.96031153,0.55807704,0.44625443,0.8823084,0.51889586,0.44599676,0.93162477,0.46392626,0.44615453,0.86413914,0.42071772,0.4721489,0.90403914,0.6050214,0.45122054,0.866119,0.6523495,0.4670396,0.8224843,0.7072279,0.4776695,0.932181,0.5542582,0.60813355,0.89614123,0.5422367,0.6033511,0.88733566,0.54239875,0.7181908,0.8241631,0.5461623,0.81771624,0.93510497,0.5778871,0.6033674,0.9322339,0.57780313,0.7235595,0.8749059,0.5777702,0.8178114,0.9441163,0.5502202,0.39356267,0.9710617,0.5659492,0.39368314,0.92822,0.54619473,0.39378366,0.40037918,0.5814918,0.39888847,0.9654577,0.5815477,0.849171,0.8765811,0.5933346,0.84398764,0.78919876,0.5774972,0.82311994,0.7567064,0.5464656,0.84911317,0.8786391,0.53457147,0.843977,0.79331994,0.54634094,0.82306784,0.78419805
2023:03:04:19:56:39,up_90_1t_,63.931912660598755,74.28,73.71,178.23,84.89,0.5541331,0.39881828,0.9581183,0.55807126,0.44625476,0.88367563,0.51888204,0.44600314,0.9313191,0.46387157,0.4461353,0.8697756,0.42066026,0.4722163,0.90069664,0.6050266,0.44629025,0.86897045,0.6523309,0.4670215,0.82616985,0.707186,0.47764498,0.9341711,0.55426943,0.60816866,0.89629996,0.5422474,0.60815483,0.88827634,0.5424541,0.71824265,0.83099383,0.5461636,0.81775427,0.9324728,0.5814516,0.608163,0.93480194,0.5778171,0.7235935,0.87782955,0.5777585,0.8178261,0.94287056,0.5502258,0.3935636,0.9697,0.5659679,0.39367744,0.9273842,0.54619426,0.3937881,0.41751057,0.5815003,0.3988754,0.9618753,0.5815729,0.84919083,0.8786397,0.59335184,0.84399843,0.7899134,0.5774674,0.8231249,0.75287443,0.5464822,0.84914184,0.87580436,0.5383486,0.84402746,0.7914598,0.5463253,0.82311416,0.78115463
2023:03:04:19:56:39,up_90_1t_,63.991313219070435,76.84,73.71,178.23,84.89,0.5541326,0.3988335,0.9575307,0.5580743,0.44626525,0.8827028,0.5188915,0.4460165,0.9299544,0.46390978,0.44613972,0.8683259,0.4207144,0.47221237,0.90807116,0.60502404,0.45121494,0.8677974,0.65231717,0.46700993,0.8268159,0.70717084,0.4776419,0.9348284,0.5542709,0.6081756,0.89551073,0.54225045,0.60816085,0.8881815,0.5424527,0.71827525,0.83135986,0.54615766,0.8177738,0.93092,0.5814518,0.6081678,0.9351483,0.57781297,0.7236208,0.8798706,0.57774687,0.8178377,0.9415798,0.55022264,0.39357865,0.9717957,0.5659647,0.3936883,0.927883,0.54619235,0.39380115,0.4163338,0.5815003,0.3988787,0.96229297,0.58155924,0.8492024,0.87729454,0.58957607,0.8439935,0.79009867,0.57385427,0.82313097,0.7503141,0.54648787,0.8491468,0.876375,0.53835464,0.8440377,0.7923989,0.54631686,0.82313865,0.77810466
2023:03:04:19:56:39,up_90_1t_,64.05314779281616,76.83,73.71,178.23,84.91,0.5541409,0.39883667,0.95564795,0.55806684,0.44628,0.88258195,0.51888734,0.44603473,0.9279744,0.46392515,0.44617227,0.8628193,0.42072317,0.4722403,0.91400707,0.6050263,0.45121804,0.8674131,0.6523424,0.4670129,0.8241822,0.70719576,0.47765508,0.9324542,0.55427414,0.6081695,0.8949312,0.54224515,0.60816276,0.88678783,0.54243994,0.7182364,0.82809246,0.5461685,0.817747,0.93360263,0.5814599,0.60815483,0.9350541,0.57781774,0.7235915,0.87816,0.57775366,0.8178308,0.94288844,0.55022216,0.3935833,0.97138953,0.5659759,0.3936862,0.9268157,0.5461878,0.39381498,0.43444002,0.581502,0.39887685,0.9624537,0.58156264,0.8492029,0.87673545,0.5933358,0.844017,0.79030645,0.577467,0.8231326,0.7527279,0.550059,0.84913695,0.87661743,0.5383595,0.84402573,0.79366106,0.54632914,0.8231077,0.77935445
2023:03:04:19:56:39,up_90_1t_,64.11099338531494,76.83,73.71,178.23,84.91,0.5541409,0.39883667,0.95564795,0.55806684,0.44628,0.88258195,0.51888734,0.44603473,0.9279744,0.46392515,0.44617227,0.8628193,0.42072317,0.4722403,0.91400707,0.6050263,0.45121804,0.8674131,0.6523424,0.4670129,0.8241822,0.70719576,0.47765508,0.9324542,0.55427414,0.6081695,0.8949312,0.54224515,0.60816276,0.88678783,0.54243994,0.7182364,0.82809246,0.5461685,0.817747,0.93360263,0.5814599,0.60815483,0.9350541,0.57781774,0.7235915,0.87816,0.57775366,0.8178308,0.94288844,0.55022216,0.3935833,0.97138953,0.5659759,0.3936862,0.9268157,0.5461878,0.39381498,0.43444002,0.581502,0.39887685,0.9624537,0.58156264,0.8492029,0.87673545,0.5933358,0.844017,0.79030645,0.577467,0.8231326,0.7527279,0.550059,0.84913695,0.87661743,0.5383595,0.84402573,0.79366106,0.54632914,0.8231077,0.77935445
2023:03:04:19:56:39,up_90_1t_,64.1668438911438,76.88,73.70,178.23,78.20,0.55414325,0.3988435,0.954653,0.5580822,0.45121118,0.8802826,0.5189034,0.44605663,0.9247278,0.46396255,0.44615015,0.86383814,0.42073706,0.47221377,0.91703665,0.6050354,0.45123315,0.8668426,0.65237004,0.46699497,0.819559,0.7072414,0.47767392,0.93459344,0.5542906,0.60821587,0.89196956,0.54225326,0.6082089,0.88683075,0.5424499,0.7182836,0.8282783,0.5461702,0.8177388,0.93294257,0.58147913,0.6081944,0.935372,0.5778229,0.72363514,0.8819648,0.5777522,0.8178304,0.9432478,0.55022144,0.3935929,0.97096235,0.5659765,0.39368913,0.92689,0.5461873,0.3938295,0.43270537,0.5815043,0.39887977,0.9617994,0.5815392,0.8491901,0.87850046,0.5895563,0.843993,0.7951819,0.5774734,0.8231284,0.7554164,0.5464715,0.8491276,0.87868387,0.53458923,0.8439927,0.79212826,0.5463426,0.8230911,0.7801146
2023:03:04:19:56:39,up_90_1t_,64.22468972206116,76.88,73.68,178.22,78.21,0.55414736,0.3988378,0.95463663,0.558084,0.45121235,0.880211,0.51889986,0.44605744,0.9237878,0.4639405,0.44617304,0.85979086,0.42070144,0.4722607,0.9154677,0.60504174,0.45122966,0.8684467,0.6561436,0.4670024,0.8192797,0.7072471,0.47767398,0.9329319,0.5542968,0.60823464,0.8901848,0.54225206,0.60822713,0.88548034,0.5424539,0.71829283,0.8288386,0.54616934,0.8177383,0.93327814,0.58149,0.6082087,0.9351304,0.5778226,0.7236456,0.88291705,0.57775587,0.81783015,0.94271654,0.55022335,0.39358878,0.9705218,0.5659822,0.3936835,0.92671996,0.5461908,0.39383325,0.43658483,0.58150536,0.39887583,0.96280164,0.5815298,0.8491908,0.87791777,0.58955306,0.8439993,0.79539067,0.57747954,0.82312715,0.7564362,0.54645777,0.84913486,0.88318604,0.53457195,0.84399647,0.79465455,0.54634726,0.82308805,0.7810473
2023:03:04:19:56:39,up_90_1t_,64.28809356689453,76.87,73.67,178.22,78.20,0.5541444,0.39883935,0.95484793,0.55808437,0.4512137,0.88024014,0.518898,0.44605944,0.9233528,0.46392807,0.44618374,0.859017,0.42068353,0.47228324,0.9126934,0.60504025,0.45123398,0.86825097,0.6561561,0.46701092,0.8197143,0.7072647,0.47768408,0.93031776,0.5543038,0.60818374,0.88918585,0.54226094,0.6081739,0.8855918,0.542464,0.7182349,0.8282088,0.54617053,0.81774837,0.93431956,0.58149284,0.6081659,0.9342917,0.57782,0.72358644,0.8792739,0.57775384,0.8178304,0.9428251,0.55022216,0.39359006,0.97061217,0.56597745,0.39368516,0.9268782,0.54619044,0.39383623,0.43446612,0.5815022,0.39887834,0.96315867,0.5815447,0.84919673,0.87758183,0.58956945,0.8439965,0.7921305,0.57747155,0.8231353,0.7525553,0.5464777,0.84913963,0.88135624,0.5345919,0.84400785,0.79474735,0.546338,0.8231087,0.78017586
2023:03:04:19:56:39,up_90_1t_,64.34593796730042,76.87,73.67,178.22,78.22,0.5541542,0.39885306,0.95331144,0.5580808,0.45121282,0.8800269,0.51889265,0.44606256,0.92275083,0.46391895,0.44617128,0.8608439,0.4206787,0.47229174,0.9106402,0.605039,0.45123413,0.86788803,0.6561596,0.46700668,0.82006663,0.70726174,0.4776823,0.9288555,0.55431104,0.60816884,0.8888824,0.5422657,0.608157,0.88705,0.54246026,0.71822053,0.82775474,0.5461712,0.81774163,0.9356991,0.5815018,0.60815156,0.9342422,0.57782924,0.7235711,0.88034713,0.5777627,0.8178379,0.9439801,0.5502246,0.3936037,0.9723798,0.5659864,0.39369547,0.9274782,0.5461896,0.39385277,0.45076066,0.58150196,0.39887938,0.96236545,0.5815262,0.8492041,0.8807394,0.589555,0.8440186,0.796261,0.5774906,0.82315123,0.75595534,0.5464536,0.8491381,0.88506365,0.5345633,0.8439949,0.7959249,0.5463502,0.82310027,0.7813916
2023:03:04:19:56:39,up_90_1t_,64.4037835597992,75.51,75.01,178.28,84.90,0.5541345,0.39883465,0.9556231,0.5580921,0.44628116,0.8805136,0.51889884,0.44605732,0.92361826,0.4638752,0.44615576,0.86339337,0.42066747,0.47230843,0.90918875,0.60504353,0.4512198,0.86934966,0.65615183,0.46700957,0.8208519,0.70725167,0.47767666,0.93011844,0.5580257,0.60337317,0.8871982,0.54228085,0.60334486,0.89092034,0.5424621,0.713161,0.83051884,0.5461638,0.8177183,0.93607944,0.58152294,0.6033481,0.9330105,0.57783324,0.723528,0.8797321,0.5777665,0.8178192,0.9452982,0.5502109,0.39358667,0.9716495,0.5659594,0.39367476,0.92605567,0.54617774,0.39382854,0.4280014,0.58149797,0.39885536,0.96692246,0.5815291,0.84919566,0.8852313,0.58956534,0.8440172,0.7997199,0.57749695,0.8231341,0.7600575,0.5464207,0.84912586,0.88752794,0.5345171,0.84396946,0.7959127,0.546351,0.8230772,0.78484213
2023:03:04:19:56:39,up_90_1t_,64.4636242389679,75.51,75.01,178.28,84.91,0.5541344,0.39883044,0.9560583,0.5581001,0.44628397,0.87954277,0.51890504,0.44606707,0.9227056,0.46391284,0.44616643,0.86101294,0.42068896,0.4723282,0.9131727,0.6050502,0.45122275,0.8703383,0.65615755,0.46700308,0.81948066,0.7072481,0.47766277,0.9301638,0.5580448,0.60334635,0.88751304,0.54229164,0.6033093,0.89202225,0.5460631,0.71315926,0.83209217,0.5461667,0.8177421,0.9355096,0.5815423,0.6033289,0.93249667,0.5778387,0.7235214,0.8797372,0.5777656,0.8178226,0.94433373,0.5502148,0.39358312,0.97071046,0.56596005,0.39367464,0.9263195,0.5461841,0.39382234,0.42675096,0.58149374,0.39886445,0.9653608,0.58155197,0.84919363,0.8794763,0.5895762,0.84400445,0.79255974,0.57748735,0.82313854,0.755033,0.5464534,0.8491366,0.8845721,0.53456116,0.84399503,0.7957021,0.5463397,0.82310987,0.78190535
2023:03:04:19:56:39,up_90_1t_,64.5254578590393,75.52,75.01,178.28,84.90,0.55413455,0.39882296,0.9557499,0.5580991,0.44628975,0.8792734,0.5188885,0.44606712,0.92398643,0.46391,0.4461858,0.85885835,0.42072055,0.4723205,0.91795695,0.6050639,0.45123416,0.8709261,0.65619546,0.46699837,0.8178364,0.70726097,0.47765142,0.9270005,0.55805856,0.60335696,0.88736343,0.54230183,0.60331595,0.89442515,0.546074,0.71820575,0.8344583,0.5461655,0.8177449,0.93404454,0.5815546,0.6033433,0.93247986,0.5778425,0.7235658,0.8831666,0.5777635,0.8178256,0.9430156,0.55021554,0.39357603,0.96912706,0.5659614,0.3936685,0.92564,0.5461852,0.39382327,0.42351466,0.5814951,0.39886457,0.9653728,0.58154917,0.8491932,0.87777114,0.5895709,0.84400713,0.7925905,0.57748425,0.82313675,0.7539697,0.54645056,0.84913695,0.88578165,0.5345585,0.84399325,0.7964793,0.54633814,0.8231101,0.78178644
2023:03:04:19:56:39,up_90_1t_,64.58529853820801,75.52,75.00,178.28,84.88,0.5541318,0.39882314,0.9560595,0.55810195,0.44628793,0.8793867,0.51889575,0.44605792,0.92499226,0.46393403,0.44621032,0.85579455,0.4207584,0.47231936,0.91801095,0.60506207,0.45123342,0.8707398,0.65616506,0.4670321,0.81884253,0.7072458,0.47764963,0.9286064,0.5580485,0.6033364,0.88650894,0.54228765,0.60329384,0.8899828,0.54607135,0.718193,0.8335945,0.5461718,0.8177537,0.9347068,0.58154655,0.6033258,0.93185437,0.5778435,0.7235373,0.8809355,0.57776326,0.81783074,0.9419619,0.5502152,0.39357504,0.96941876,0.56596047,0.39367083,0.92570347,0.54618233,0.3938169,0.41805762,0.5814972,0.39887282,0.9653307,0.5815594,0.84920853,0.87493026,0.58957976,0.84401923,0.78891355,0.5774791,0.8231436,0.7507755,0.5464658,0.8491413,0.88201416,0.5345824,0.8440015,0.7956463,0.5463354,0.8231215,0.78137976
2023:03:04:19:56:39,up_90_1t_,64.64114880561829,75.52,75.01,178.29,84.86,0.5541137,0.39881638,0.95763874,0.55811095,0.44628808,0.8794087,0.5189034,0.44606495,0.9256071,0.4639441,0.44622383,0.8535488,0.42077124,0.47232002,0.9203962,0.6050678,0.45123255,0.8730103,0.6561631,0.46703452,0.8200058,0.70724833,0.47764316,0.92954874,0.5580666,0.6033137,0.88741803,0.5423078,0.603267,0.89313686,0.54607636,0.71312195,0.83542037,0.5461696,0.81774145,0.93626434,0.58155835,0.60331064,0.9336848,0.5778526,0.7234896,0.8767647,0.5777663,0.8178213,0.9437682,0.55020654,0.393568,0.9690657,0.5659388,0.39366657,0.9253447,0.54617965,0.3938076,0.39243034,0.5814963,0.3988681,0.968322,0.58155316,0.84920305,0.8783674,0.5895733,0.84401894,0.7915379,0.5774818,0.8231307,0.75516814,0.54645795,0.84913105,0.88211256,0.5345716,0.8439856,0.7952643,0.5463355,0.82310605,0.78504974
2023:03:04:19:56:40,up_90_1t_,64.70098948478699,75.52,75.00,178.29,84.85,0.55410826,0.39881,0.9584271,0.5581116,0.4462803,0.88004786,0.5189008,0.44605502,0.9270077,0.46394202,0.44620967,0.85622424,0.42075527,0.4723116,0.9178919,0.6050685,0.4512254,0.8740125,0.6561692,0.4670296,0.82125175,0.7072558,0.47764912,0.9281983,0.5580505,0.603292,0.8882468,0.54229146,0.6032443,0.8896823,0.5460811,0.71307737,0.83613086,0.5461696,0.81774765,0.9360928,0.5815482,0.6032888,0.93476844,0.57785034,0.7234585,0.8743835,0.57776517,0.8178221,0.943665,0.55020404,0.39356223,0.96921504,0.56593215,0.3936618,0.9251972,0.54617614,0.3937978,0.38621277,0.5814978,0.3988658,0.96932596,0.5815805,0.84921056,0.87505776,0.59335023,0.84403753,0.78777456,0.57747227,0.8231376,0.7513541,0.54648674,0.84912795,0.8759026,0.5383504,0.8440047,0.7934671,0.54632086,0.82311857,0.7846089
2023:03:04:19:56:40,up_90_1t_,64.7648184299469,72.97,74.98,178.31,84.85,0.5541044,0.3988049,0.95930535,0.5581173,0.4462682,0.88033533,0.51891065,0.44605213,0.9266381,0.4639359,0.44623742,0.8535843,0.42074102,0.47234878,0.9167464,0.6050677,0.44628948,0.8756671,0.6561707,0.4669929,0.8214884,0.70725155,0.47764316,0.9300382,0.55804896,0.603284,0.89068377,0.5422917,0.603233,0.8924488,0.5460859,0.71313345,0.8369332,0.5461667,0.81779206,0.9344897,0.5815493,0.60328263,0.9358951,0.5778628,0.7234739,0.87671745,0.5777541,0.81783664,0.9418933,0.5502036,0.39355808,0.9694336,0.5659272,0.39365834,0.92537016,0.54618126,0.39378983,0.3784451,0.5814977,0.39885908,0.9712659,0.58158374,0.8492241,0.874902,0.59333795,0.8440473,0.78691936,0.57384986,0.8231376,0.7445091,0.5500741,0.8491689,0.87361574,0.5383902,0.8489892,0.79259133,0.54630536,0.82317215,0.77995473
2023:03:04:19:56:40,up_90_1t_,64.8226637840271,72.97,74.97,178.33,84.85,0.5541106,0.39879182,0.96048385,0.5581233,0.44623926,0.88185316,0.518906,0.44602224,0.9287623,0.46394885,0.4462121,0.85674405,0.42075315,0.4723189,0.91501534,0.60509,0.44627795,0.87957686,0.65618247,0.46701494,0.8236242,0.70724654,0.4776323,0.925916,0.55803925,0.6033072,0.89360416,0.54228497,0.6032492,0.8951963,0.5460838,0.7131696,0.83704334,0.54617196,0.81780124,0.93378174,0.58154535,0.6033154,0.9370142,0.57788193,0.723497,0.8772459,0.57776034,0.8178371,0.9420501,0.55020756,0.39354485,0.9696948,0.56593573,0.39364788,0.9258631,0.5461799,0.39377743,0.38748044,0.5815022,0.39885306,0.9726873,0.58159435,0.8492252,0.8762834,0.5933514,0.844051,0.7885604,0.573854,0.8231377,0.7454392,0.5500769,0.84917116,0.872434,0.538394,0.84899205,0.7922495,0.5463128,0.8231824,0.7788762
2023:03:04:19:56:40,up_90_1t_,64.88003301620483,72.97,74.97,178.33,84.85,0.5541055,0.39879447,0.9610948,0.5581268,0.4462338,0.8818727,0.51891124,0.44602206,0.92845696,0.46396723,0.44622618,0.85366976,0.42077187,0.47231248,0.9176592,0.6050889,0.4462717,0.88034075,0.6561838,0.46700713,0.82226086,0.7072431,0.4776236,0.92571354,0.5580481,0.6032919,0.8929076,0.54229397,0.60323167,0.89468586,0.54608786,0.7131596,0.8362106,0.54617256,0.81778014,0.9332541,0.5815522,0.6033007,0.93692183,0.5778863,0.7234787,0.8742014,0.57775813,0.8178247,0.94175005,0.5502058,0.39354828,0.96986586,0.5659272,0.39365086,0.926214,0.5461806,0.39377704,0.38238603,0.58149916,0.3988546,0.97326416,0.58157533,0.84920996,0.87504137,0.5895813,0.8440182,0.7878661,0.57385194,0.8231162,0.7475894,0.5500578,0.8491474,0.8719609,0.5383669,0.84403574,0.790534,0.54631805,0.8231541,0.7794568
2023:03:04:19:56:40,up_90_1t_,64.94143605232239,72.98,74.97,178.33,84.84,0.5541124,0.3987967,0.9603655,0.55812764,0.4462451,0.88144773,0.5189114,0.44602674,0.9287322,0.46397775,0.4462357,0.852553,0.42077684,0.47231784,0.92158586,0.6050959,0.4462891,0.8791037,0.6562109,0.46701455,0.8197939,0.7072485,0.4776167,0.9224963,0.5580478,0.6033039,0.89394724,0.5422911,0.60324174,0.8960036,0.54608434,0.7182024,0.83646154,0.54617405,0.81779605,0.9326197,0.58155507,0.60331494,0.93668735,0.5778841,0.7235088,0.8768323,0.5777482,0.81783354,0.94048434,0.5502073,0.39354932,0.97046214,0.56593525,0.3936508,0.9259482,0.5461791,0.39378244,0.39420825,0.5815001,0.39885473,0.97288465,0.58158165,0.84920937,0.87027067,0.5895776,0.84400976,0.7844391,0.5738368,0.8231234,0.74376833,0.55007964,0.84916127,0.87383866,0.5383919,0.8440617,0.7942186,0.5463107,0.82317543,0.77761936
2023:03:04:19:56:40,up_90_1t_,65.00479221343994,72.96,74.99,177.82,84.84,0.55410486,0.3987669,0.96110755,0.55815244,0.44623253,0.8802387,0.5189391,0.4460366,0.9269343,0.4677528,0.4462446,0.8504936,0.42081848,0.4723098,0.9212029,0.605106,0.44628572,0.88030785,0.65626824,0.46700764,0.81504273,0.7072836,0.47764212,0.9208531,0.55809706,0.6033045,0.89476144,0.5423294,0.60324323,0.905103,0.5460732,0.71826345,0.8378953,0.5461589,0.8178092,0.93068177,0.58159786,0.6033139,0.937131,0.58145124,0.723505,0.8769981,0.57775354,0.8178245,0.94364715,0.55021226,0.39352378,0.9649142,0.565933,0.39363143,0.9253168,0.5462023,0.39376035,0.3591642,0.58150977,0.39885542,0.97071004,0.5815597,0.8492031,0.8784695,0.58956504,0.84401476,0.79122174,0.5738446,0.8231064,0.7514593,0.5464815,0.84917384,0.87723976,0.5383536,0.8489876,0.7900544,0.54631335,0.8231805,0.77659744
2023:03:04:19:56:40,up_90_1t_,65.06263780593872,72.95,74.99,177.80,84.84,0.55410314,0.3987647,0.9615165,0.55815506,0.44622827,0.88034236,0.51893854,0.44603887,0.92690533,0.46398342,0.44626823,0.8471393,0.42080992,0.47231048,0.91990227,0.605103,0.4462783,0.88112366,0.6562681,0.467003,0.8162955,0.7072788,0.4776428,0.9219543,0.5581081,0.6033234,0.89567935,0.542333,0.6032663,0.90703934,0.5460843,0.7183248,0.842885,0.5461614,0.8178613,0.9298646,0.5816089,0.60332924,0.93852377,0.5814743,0.7235353,0.88182527,0.5777479,0.81784827,0.94338775,0.55021465,0.3935208,0.9649589,0.56593126,0.39363313,0.9262285,0.54620564,0.39374956,0.3515025,0.58151114,0.39886123,0.97185653,0.5815997,0.8492265,0.881027,0.5933423,0.8440474,0.79270124,0.57382274,0.8231307,0.7449059,0.5500821,0.8492063,0.8742812,0.5384025,0.8490389,0.7931451,0.54629445,0.8281979,0.7740819
2023:03:04:19:56:40,up_90_1t_,65.12048316001892,72.96,74.99,177.80,84.85,0.5541081,0.39878145,0.9617404,0.5581618,0.44622084,0.8789754,0.518946,0.44603547,0.9258004,0.46398768,0.44626045,0.8481985,0.42077917,0.4723081,0.91729105,0.60510415,0.44627845,0.88150096,0.6562439,0.46699128,0.81722426,0.7072779,0.47764185,0.9238336,0.55809104,0.60329777,0.89793307,0.54232883,0.6032365,0.9064449,0.5460828,0.71831316,0.84367955,0.5461636,0.8178536,0.9309612,0.58159256,0.60330987,0.9403823,0.5814654,0.72354347,0.8843902,0.5777471,0.8178467,0.943121,0.55021816,0.39353433,0.96629083,0.5659383,0.3936473,0.9279344,0.5462123,0.39375374,0.3486088,0.5815163,0.3988648,0.9711325,0.5815871,0.84922016,0.8823004,0.5895766,0.84402233,0.79370326,0.57382673,0.82312894,0.74612457,0.55006766,0.84919095,0.8750556,0.53839,0.8490188,0.792404,0.5463042,0.8281859,0.7761264
2023:03:04:19:56:40,up_90_1t_,65.17832851409912,72.95,75.00,177.79,84.86,0.5541192,0.39879987,0.9611297,0.5581658,0.44621912,0.8785443,0.5189391,0.44604108,0.926197,0.4639827,0.4462513,0.8490491,0.42079985,0.47230065,0.91757035,0.6051106,0.44626805,0.88235027,0.6562256,0.4669979,0.81794065,0.70727533,0.47764665,0.9243587,0.55810434,0.6032899,0.89779234,0.5423367,0.60323393,0.90736765,0.5460889,0.71831155,0.8435515,0.5461679,0.81784195,0.93261784,0.58160573,0.60329473,0.9398126,0.5814844,0.72353923,0.8862689,0.5777517,0.8178364,0.9449506,0.5502232,0.39354807,0.9677297,0.5659551,0.39366305,0.92898726,0.546211,0.39376763,0.36101097,0.5815248,0.39887816,0.9685197,0.58161575,0.84921026,0.8838271,0.5933586,0.84402364,0.795025,0.5738264,0.8231188,0.74577236,0.55008954,0.8491815,0.87381923,0.5384116,0.8490116,0.7933333,0.5463004,0.8232172,0.77887684
2023:03:04:19:56:40,up_90_1t_,65.24016284942627,72.95,75.02,177.78,84.85,0.5541212,0.3988024,0.961515,0.55818987,0.44620606,0.8765792,0.51895845,0.4460381,0.92303616,0.46397617,0.44621274,0.8521563,0.42076415,0.4722698,0.91045266,0.6051266,0.44626135,0.88378936,0.65626764,0.46699587,0.8154674,0.707312,0.47765803,0.9230244,0.5581159,0.60330826,0.89764535,0.5423438,0.60324806,0.9093865,0.54609364,0.71837324,0.8471484,0.54617,0.8178857,0.9303796,0.58161634,0.6033204,0.9386943,0.5814947,0.7235907,0.89270157,0.577739,0.8178571,0.944247,0.5502277,0.39355195,0.9675128,0.5659599,0.39366972,0.93000305,0.5462174,0.39377445,0.35228044,0.5815302,0.39888746,0.96742886,0.58163595,0.84922785,0.881919,0.593367,0.84403235,0.7942633,0.5738026,0.82314104,0.74184126,0.5501148,0.8492158,0.8741209,0.5384409,0.8490596,0.79658556,0.54628956,0.8282283,0.77671623
2023:03:04:19:56:40,up_90_1t_,65.2975344657898,72.93,75.04,177.77,84.87,0.5541305,0.39879066,0.9621161,0.5581869,0.44620803,0.8766921,0.5189589,0.44604513,0.9206496,0.4639826,0.4461918,0.8545736,0.42078003,0.4722387,0.9094846,0.6051271,0.44625095,0.88482827,0.6562496,0.46698868,0.81731784,0.7072919,0.47767198,0.92586446,0.5581173,0.60333383,0.8981019,0.5423364,0.60327804,0.9085071,0.54610026,0.7233553,0.849477,0.54617244,0.81788385,0.9314721,0.58162653,0.6033429,0.9388286,0.58150196,0.72363055,0.8980732,0.57773244,0.81786007,0.9455191,0.55023324,0.39354742,0.9679409,0.5659714,0.39366087,0.9304023,0.54621834,0.393783,0.36514312,0.58153695,0.39888185,0.96730417,0.58161527,0.8492414,0.8895329,0.5933441,0.84404486,0.7996863,0.57379454,0.8231282,0.7425617,0.5501193,0.8492122,0.8719516,0.5384517,0.8490564,0.79368144,0.54629,0.82821494,0.7776972
2023:03:04:19:56:40,up_90_1t_,65.35541439056396,72.92,75.03,177.78,84.90,0.5541523,0.3988332,0.95914036,0.55818206,0.44621152,0.8762904,0.518956,0.44604927,0.919454,0.46775305,0.44616053,0.85701954,0.4207947,0.47224045,0.9104683,0.6051312,0.44625357,0.8840337,0.65626204,0.46698716,0.81735253,0.7073334,0.47770476,0.92504513,0.55810946,0.6033608,0.8983854,0.5423311,0.6033053,0.9084339,0.5461128,0.72338825,0.85329217,0.54617155,0.8178939,0.9297178,0.58162296,0.6033675,0.938458,0.5814945,0.7236421,0.89635104,0.57773656,0.81786036,0.94455034,0.55024093,0.39358246,0.9708389,0.56600344,0.39369303,0.9327383,0.5462177,0.39380857,0.3762884,0.5815591,0.39889407,0.96482694,0.58161247,0.84922224,0.88491213,0.59333485,0.8440327,0.7964182,0.573805,0.8231327,0.7445538,0.5500922,0.8492144,0.87470746,0.538427,0.8490509,0.79448307,0.54629683,0.8282346,0.77624196
2023:03:04:19:56:40,up_90_1t_,65.41721367835999,72.92,75.04,177.65,84.91,0.55415994,0.3988353,0.9589749,0.5581779,0.44620752,0.87650967,0.5189517,0.44604012,0.92053634,0.46774396,0.44612157,0.86261445,0.42081246,0.47222704,0.910424,0.6051308,0.4462519,0.883657,0.6562743,0.46697223,0.8158029,0.7073367,0.4776956,0.9240469,0.55811024,0.6081359,0.89710546,0.54233193,0.6033336,0.9078355,0.5461167,0.7234242,0.8567652,0.5461756,0.8178842,0.92992014,0.5816238,0.6081728,0.9388581,0.5815003,0.72852594,0.8997946,0.57774127,0.8178587,0.9441265,0.5502437,0.3935843,0.97215813,0.56975526,0.3936926,0.9335948,0.54621524,0.3938062,0.38680577,0.581564,0.3988891,0.9664786,0.581592,0.8492264,0.8863417,0.5895692,0.84402287,0.79951423,0.573818,0.82312226,0.74759275,0.5500775,0.84920526,0.87522894,0.53841513,0.8490304,0.7923543,0.5463101,0.8282104,0.7754297
2023:03:04:19:56:40,up_90_1t_,65.47904872894287,72.93,75.05,177.65,84.93,0.55420285,0.39887142,0.95257694,0.5581936,0.44622087,0.874051,0.5189662,0.4460513,0.91838485,0.46777758,0.44609883,0.8655033,0.42083842,0.47220564,0.90863,0.6051452,0.44627228,0.88271415,0.6562551,0.46698296,0.8161542,0.70733994,0.47771156,0.9237405,0.5581079,0.6081274,0.8989646,0.5423332,0.6033305,0.9086973,0.5461162,0.7234154,0.85606235,0.546177,0.8178567,0.93163955,0.58162135,0.6081638,0.94088775,0.5815036,0.7285148,0.8990804,0.57774943,0.8178468,0.94467294,0.5502613,0.3936183,0.97395307,0.5698012,0.39371818,0.9374994,0.5462304,0.39384326,0.43047082,0.5815774,0.39888498,0.96621895,0.5815692,0.84921217,0.8823518,0.58954966,0.8440195,0.79780906,0.5738356,0.8231056,0.7522242,0.54649425,0.84918076,0.878287,0.53838897,0.8489942,0.79201144,0.5463229,0.8232172,0.7769545
2023:03:04:19:56:40,up_90_1t_,65.5408833026886,74.26,73.22,177.64,80.49,0.5542175,0.39887244,0.95136076,0.56195796,0.44620016,0.87491995,0.5189895,0.4460305,0.91891813,0.46783644,0.44605538,0.8706407,0.42448327,0.4720963,0.9034291,0.60515463,0.4462729,0.8837159,0.65622723,0.46700355,0.81870055,0.7073303,0.47771442,0.92648417,0.55810267,0.6081304,0.8993078,0.5423292,0.6033303,0.90791667,0.5461254,0.7234118,0.85683733,0.54617536,0.8178431,0.93136317,0.5816187,0.6081688,0.9422233,0.5815127,0.728516,0.8993735,0.5777554,0.817842,0.9464452,0.55027235,0.39361727,0.97285664,0.5698215,0.39371836,0.9390385,0.54623646,0.39382583,0.4270608,0.5815923,0.39887553,0.9648713,0.5815645,0.84919655,0.88616604,0.58954513,0.8440074,0.8011544,0.57384646,0.82309806,0.7545654,0.5464759,0.84916437,0.875733,0.53836375,0.84404665,0.78754526,0.54632527,0.82319456,0.7784136
2023:03:04:19:56:40,up_90_1t_,65.59872841835022,74.31,73.71,177.65,80.52,0.55425745,0.39890987,0.9430558,0.5619652,0.44620997,0.8741324,0.5189958,0.44603863,0.91861856,0.46781728,0.4460465,0.87175125,0.4208545,0.47212526,0.90140444,0.60516894,0.44628665,0.88381827,0.6561999,0.46701577,0.82001776,0.70733243,0.47771436,0.9268155,0.5581036,0.6033813,0.89868414,0.542337,0.6033246,0.90833235,0.54613906,0.7234021,0.8599067,0.54617065,0.81787103,0.9315353,0.58161026,0.6081601,0.9421897,0.58150405,0.7285165,0.8991039,0.57775736,0.8178504,0.94610757,0.5502861,0.3936498,0.97354364,0.56986827,0.39374217,0.94214964,0.5462415,0.39387378,0.48951346,0.5816108,0.39887065,0.96316606,0.58158094,0.849217,0.89027935,0.58956605,0.84402245,0.8018385,0.5738438,0.8231159,0.75108117,0.5464909,0.8491915,0.8799356,0.5383857,0.8490053,0.79248536,0.5463108,0.8281791,0.77886343
2023:03:04:19:56:41,up_90_1t_,65.66056299209595,74.31,73.70,177.63,80.49,0.554254,0.39893842,0.94196707,0.561983,0.44620717,0.87368816,0.51900554,0.44604144,0.91691786,0.4678016,0.44604552,0.86967146,0.4208373,0.4721503,0.9034221,0.60518026,0.44628865,0.8831763,0.65618,0.46701187,0.81993234,0.7073287,0.47771,0.9240008,0.5581136,0.60337025,0.89810944,0.5423463,0.60330975,0.90854084,0.5461511,0.7234326,0.8645978,0.5461652,0.8179132,0.928793,0.5816201,0.60815424,0.9414503,0.5815187,0.72852945,0.9010426,0.5777449,0.81785977,0.9463954,0.55028534,0.39367434,0.97531354,0.56986696,0.39376754,0.9434768,0.5462425,0.39386517,0.46011034,0.5816225,0.39888492,0.9652059,0.58164036,0.849206,0.8855818,0.5933543,0.8440088,0.7980376,0.5738107,0.8231364,0.743802,0.5500982,0.84921134,0.87610924,0.5384413,0.8490499,0.7956231,0.54628116,0.82825077,0.7797071
2023:03:04:19:56:41,up_90_1t_,65.72239804267883,76.88,73.71,177.64,80.51,0.55427617,0.39896062,0.9370321,0.5619952,0.44624135,0.8704966,0.5190185,0.44607517,0.9127133,0.46780026,0.44605538,0.8693819,0.42081854,0.47217292,0.90366966,0.6052002,0.4512349,0.8819442,0.65620613,0.46703187,0.81784725,0.7073417,0.47770986,0.91926134,0.55812985,0.60338265,0.8961896,0.5423595,0.60331863,0.91052777,0.5461451,0.7234364,0.86310947,0.54616356,0.81789184,0.9286169,0.5816312,0.60816985,0.9397779,0.58151054,0.72854865,0.90081406,0.5777385,0.8178524,0.94591105,0.55029196,0.39369923,0.97543716,0.5698948,0.39378434,0.94483685,0.5462419,0.3939082,0.50016356,0.5816245,0.398893,0.96437424,0.58160144,0.8492033,0.884528,0.58956474,0.8439949,0.7977724,0.5738094,0.8231196,0.7451708,0.55007917,0.84918904,0.8761718,0.5384225,0.8490195,0.79336196,0.54628617,0.8282142,0.7769022
2023:03:04:19:56:41,up_90_1t_,65.78223776817322,76.88,73.71,177.63,80.49,0.5542745,0.3989572,0.93819666,0.56200016,0.44624576,0.8703573,0.5190256,0.44607458,0.9135297,0.46781126,0.4460617,0.8680006,0.42082712,0.4721703,0.9031919,0.6051971,0.4512506,0.88082504,0.656198,0.46706307,0.8193838,0.70734763,0.4777185,0.9193213,0.5581376,0.6033829,0.896712,0.5423652,0.60331666,0.91245425,0.54614043,0.7234369,0.86232656,0.5461667,0.81787413,0.9298054,0.5816399,0.60817134,0.9402706,0.5815236,0.72855014,0.90347195,0.5777459,0.8178504,0.94701594,0.5502925,0.3936967,0.97608614,0.56989473,0.39378366,0.94503796,0.54624623,0.39390656,0.492203,0.5816279,0.39889878,0.96507657,0.5815937,0.8492012,0.882285,0.5895603,0.8439994,0.79746026,0.5738241,0.8231137,0.7507786,0.55005807,0.84917605,0.8767078,0.53840363,0.84899604,0.7915699,0.5462979,0.82818556,0.7776428
2023:03:04:19:56:41,up_90_1t_,65.84008288383484,76.89,73.70,177.64,80.49,0.55428267,0.39896378,0.935884,0.5619957,0.44623786,0.8704484,0.5190135,0.44605818,0.91585195,0.467818,0.44605604,0.8691674,0.42086008,0.47216082,0.9048192,0.60520464,0.45124328,0.8815989,0.6561906,0.4670705,0.81859803,0.70733005,0.4776909,0.919219,0.5581284,0.60336065,0.8976286,0.5423666,0.60329294,0.91317487,0.54613835,0.7233959,0.85973203,0.54616743,0.81784576,0.93062955,0.5816271,0.60815156,0.94006646,0.5815131,0.72851163,0.8965709,0.57775456,0.81783,0.94708335,0.5502973,0.393703,0.97545964,0.5699032,0.39378807,0.94478226,0.54625416,0.39390326,0.49272278,0.5816355,0.39889616,0.96341944,0.5815515,0.84916973,0.8812006,0.58952206,0.84398615,0.7988269,0.57384783,0.8230895,0.75697553,0.54645276,0.8491446,0.8823166,0.5345988,0.8440124,0.7912581,0.54632026,0.8231978,0.7792713
2023:03:04:19:56:41,up_90_1t_,65.90151882171631,76.90,73.71,177.64,80.49,0.554287,0.39897823,0.9343358,0.56202066,0.44624397,0.8693067,0.51902485,0.44608045,0.91266644,0.4677957,0.44605032,0.8704737,0.42081532,0.47216552,0.90196824,0.60522866,0.45124352,0.881963,0.6562318,0.4670664,0.81669855,0.7073681,0.47770074,0.9157592,0.5581303,0.60334116,0.8979497,0.5423661,0.6032709,0.9132192,0.546137,0.7233835,0.85759485,0.5461725,0.81784326,0.92965025,0.58163387,0.60336804,0.9395074,0.58152086,0.7285109,0.8977295,0.5777578,0.8178361,0.9457863,0.5502996,0.39371645,0.9750713,0.56991106,0.39379802,0.9449798,0.54625934,0.39391488,0.4753774,0.58165324,0.39890933,0.9652685,0.5815454,0.8491718,0.88181233,0.58951,0.84399307,0.8003216,0.57385325,0.8230927,0.75799346,0.54645234,0.8491459,0.87859374,0.53834915,0.84402,0.78758144,0.54633325,0.8231914,0.77849585
2023:03:04:19:56:41,up_90_1t_,65.9653480052948,76.91,73.69,177.75,80.49,0.5542906,0.3989798,0.93283063,0.5620331,0.4462527,0.86857563,0.51903665,0.44609618,0.90881073,0.46784368,0.4460705,0.8681573,0.42086768,0.47218022,0.90511185,0.60523707,0.4512569,0.8824295,0.6562133,0.46708882,0.81929255,0.70735943,0.47769982,0.9186837,0.5581212,0.60335225,0.8987191,0.5423558,0.60328937,0.91154355,0.54612887,0.72336906,0.85513574,0.5461747,0.81785506,0.929788,0.58162445,0.6081415,0.94044316,0.58153343,0.7235719,0.886261,0.5777486,0.81780547,0.94870555,0.55030406,0.39371923,0.9734311,0.56991243,0.39379984,0.9442649,0.54627097,0.39390233,0.4543749,0.5816584,0.39890975,0.9652433,0.5815755,0.8491553,0.88044405,0.58954847,0.8439524,0.7952171,0.5738215,0.8230548,0.7530257,0.5464799,0.8491449,0.8709246,0.5383833,0.8440383,0.78651196,0.5463134,0.82321775,0.77743393
2023:03:04:19:56:41,up_90_1t_,66.02604413032532,76.90,73.70,177.74,80.48,0.55429083,0.3989794,0.9329026,0.56204736,0.4462506,0.86826706,0.5190428,0.44609833,0.9081803,0.46782994,0.44603232,0.87122065,0.42084646,0.47217518,0.9039773,0.60524607,0.45124954,0.8831517,0.65622646,0.46709156,0.8198865,0.7073781,0.47770774,0.917609,0.5581294,0.60335296,0.89798594,0.5423636,0.6032913,0.9123907,0.5461323,0.7233795,0.8556309,0.5461664,0.8178501,0.9269777,0.58162814,0.6081419,0.93966657,0.5815383,0.7235767,0.88655037,0.57775295,0.8178089,0.9477818,0.5503033,0.39371952,0.97335535,0.5699148,0.39379907,0.9444853,0.5462697,0.39390495,0.44887316,0.5816638,0.39891106,0.96702355,0.5815707,0.8491552,0.87975025,0.5895425,0.84396607,0.79660183,0.5738288,0.82305765,0.75618523,0.5464553,0.84913903,0.8699995,0.5383525,0.8440213,0.782724,0.5463137,0.82320964,0.7766606
2023:03:04:19:56:41,up_90_1t_,66.08388948440552,76.90,73.71,177.74,80.51,0.55430305,0.39898005,0.931579,0.5620471,0.44626072,0.8674925,0.519039,0.4461163,0.906603,0.46783704,0.44602895,0.87219393,0.42088798,0.47215486,0.90401775,0.605248,0.45124868,0.88374954,0.6562264,0.46708393,0.82004243,0.7073808,0.47771105,0.9201645,0.5581294,0.6033615,0.898043,0.5423653,0.60330236,0.9125984,0.5461412,0.72336906,0.8582541,0.54616874,0.8178644,0.9293882,0.58162814,0.60814863,0.94010603,0.5815411,0.72355545,0.88650537,0.5777473,0.817807,0.94819576,0.5503109,0.39372027,0.97208655,0.5699295,0.39379975,0.9451636,0.5462756,0.3939171,0.46331108,0.5816716,0.3989189,0.96433425,0.5815857,0.8491549,0.88441336,0.589556,0.8439531,0.7976226,0.5738155,0.82305866,0.7513613,0.54648435,0.84915036,0.8703171,0.53838545,0.84404844,0.7870371,0.5463017,0.8281803,0.7795108
2023:03:04:19:56:41,up_90_1t_,66.14372968673706,76.37,73.24,177.74,80.51,0.5543154,0.39899728,0.9272422,0.5620589,0.4462719,0.8668556,0.5190386,0.4461296,0.90493035,0.46786055,0.44602934,0.8713774,0.42452323,0.47210354,0.9032266,0.6088797,0.4512655,0.88418216,0.65622616,0.46708244,0.819702,0.70737225,0.47771284,0.9213733,0.55811065,0.6081737,0.8969039,0.54234666,0.6033732,0.9073502,0.54614866,0.7234311,0.8629705,0.54617065,0.817858,0.9266565,0.5816148,0.6082083,0.9415028,0.58153075,0.7236199,0.88802123,0.5777476,0.8178056,0.94716096,0.5503161,0.39373413,0.9708823,0.57362837,0.39380354,0.9458163,0.54627854,0.39392713,0.4708123,0.58168495,0.39891854,0.9613804,0.58156776,0.8491405,0.878359,0.58953255,0.8439513,0.7957238,0.57382333,0.8230501,0.75623167,0.54645544,0.8491374,0.87171686,0.5383576,0.84402376,0.7852807,0.54631406,0.82321763,0.77543175
2023:03:04:19:56:41,up_90_1t_,66.20755863189697,76.87,73.26,177.74,80.54,0.5543257,0.39899465,0.9259425,0.5620504,0.446286,0.8661258,0.51903516,0.44615075,0.9036689,0.4678906,0.44603428,0.8722118,0.42457578,0.4720742,0.9040119,0.6052588,0.45126542,0.8841882,0.6562261,0.4670862,0.8206464,0.70737594,0.47770998,0.9205526,0.5581152,0.6082089,0.89696777,0.5423447,0.6081661,0.90688616,0.5461528,0.7234457,0.86572516,0.54617393,0.8178725,0.92722434,0.5816256,0.6082368,0.9416413,0.5815381,0.7236425,0.8903541,0.577743,0.8178069,0.9473648,0.5503194,0.39373305,0.9696437,0.57363796,0.39379853,0.9464282,0.54628223,0.39393803,0.4909528,0.5816859,0.39891344,0.95907146,0.58158714,0.8491467,0.8843213,0.58954877,0.84394526,0.79862946,0.5738081,0.82304436,0.75262517,0.54648274,0.84914553,0.86553377,0.5383953,0.844046,0.7836277,0.54630214,0.8281826,0.778678
2023:03:04:19:56:41,up_90_1t_,66.26696062088013,76.88,73.25,177.75,80.54,0.5543201,0.39901403,0.924252,0.5620224,0.4462929,0.8668355,0.5190175,0.4461405,0.9065298,0.4678761,0.44603956,0.87028086,0.4245489,0.47208202,0.90170944,0.6052463,0.45128912,0.881674,0.65620565,0.46707928,0.82076836,0.7073697,0.47772798,0.92384475,0.5580904,0.6082301,0.89863986,0.5423343,0.6081911,0.90683967,0.5461506,0.72343075,0.86601365,0.5461762,0.8178788,0.92719173,0.58160007,0.6082502,0.9433768,0.58151877,0.72362864,0.888864,0.57774776,0.8178023,0.9486312,0.55031693,0.39374638,0.9698038,0.5736333,0.39381588,0.9465145,0.5462823,0.3939245,0.46631604,0.5816889,0.39891735,0.95691144,0.5815911,0.8491364,0.88915503,0.58955884,0.8439285,0.80053496,0.5738165,0.82304823,0.7531689,0.5464796,0.8491581,0.86693436,0.5383907,0.8440613,0.7825642,0.5463109,0.82819384,0.7779354
